0925_6225/LITTO3D_FRA_0926_6223_20150529_LAMB93_RGF93_IGN69/MNT5m/LITTO3D_FRA_0926_6223_MNT5_20150529_LAMB93_RGF93_IGN69.asc
ncols 200
nrows 200
xllcenter 926000.000
yllcenter 6222005.000
cellsize 5.0000
nodata_value -99999
[rows 0 to 30 of 200, columns 70 to 139 of 200]
-19.270 -19.440 -18.990 -18.870 -18.860 -18.360 -18.150 -17.570 -17.100 -16.690 -16.410 -15.820 -15.450 -11.440 -10.100 -10.280 -10.770 -11.020 -7.950 -5.620 -1.950 1.350 0.200 2.220 4.660 4.560 4.870 7.530 11.870 17.900 13.480 9.460 9.480 3.890 1.160 0.810 0.620 2.570 0.540 0.170 0.250 -3.090 -2.420 -2.460 0.100 0.520 3.860 8.970 12.320 15.360 18.720 17.720 14.630 16.330 18.830 20.480 26.970 28.590 21.150 16.830 8.350 5.550 3.700 4.440 1.840 0.730 0.460 0.450 -1.180 -1.690
-19.820 -19.420 -19.040 -19.370 -18.910 -19.000 -18.330 -17.870 -17.600 -17.280 -16.860 -16.390 -14.270 -11.010 -11.630 -12.310 -11.530 -9.340 -3.850 0.610 2.930 2.940 0.880 1.530 2.440 2.990 5.160 7.060 9.260 8.650 6.410 6.610 5.400 4.790 1.650 0.870 1.330 0.500 0.380 -2.810 -1.960 -2.990 -2.640 -2.510 -2.580 0.170 3.340 5.450 10.130 14.310 11.590 10.300 11.110 13.940 16.840 19.280 24.190 26.400 20.310 12.140 4.420 3.680 2.210 1.460 0.650 0.660 0.970 0.440 0.000 -1.770
-19.480 -19.660 -19.530 -19.420 -19.430 -19.380 -18.980 -18.430 -17.980 -17.810 -17.580 -17.460 -15.750 -14.080 -14.550 -13.950 -11.030 -8.540 -5.320 0.590 2.780 1.950 1.880 1.880 1.620 2.610 5.270 2.860 8.420 3.960 4.720 4.390 3.950 4.860 1.310 0.470 1.380 0.150 -2.040 -3.590 -3.160 -3.350 -3.180 -2.810 -2.600 -1.810 0.770 6.390 12.070 11.010 8.690 6.020 9.310 11.140 13.440 19.310 22.720 23.590 15.030 4.170 2.640 2.230 0.940 0.830 1.400 1.910 0.250 -0.130 -0.900 -1.570
-20.010 -19.780 -19.820 -19.840 -19.650 -19.670 -19.580 -19.170 -18.910 -18.630 -18.190 -17.810 -17.180 -16.580 -15.750 -12.840 -10.480 -9.130 -6.610 0.560 2.090 0.230 1.480 1.680 2.620 1.620 1.070 0.110 0.260 2.300 0.850 3.080 3.410 2.030 0.560 0.090 -0.950 -2.340 -2.960 -3.220 -4.020 -3.920 -3.670 -3.570 -2.800 -3.530 1.030 6.410 12.220 4.140 2.990 3.230 6.460 9.210 12.140 17.090 18.090 17.800 10.330 2.330 0.760 0.290 0.730 0.980 0.170 -1.840 -1.240 -3.280 -2.740 -2.980
-20.280 -20.040 -19.940 -19.920 -19.890 -20.080 -19.860 -19.760 -19.650 -19.180 -19.040 -18.300 -17.900 -17.180 -16.670 -14.580 -11.050 -8.500 -5.830 -0.240 2.750 0.260 -0.010 0.740 2.520 0.990 -2.490 -0.300 -0.290 0.730 -0.020 -0.040 0.880 1.390 1.110 -0.190 -2.460 -2.820 -4.640 -4.420 -4.060 -4.050 -3.760 -3.510 -4.080 -2.910 -1.020 2.590 1.850 4.820 1.890 2.380 1.730 2.690 3.650 5.560 7.820 13.330 11.750 3.290 0.240 -1.270 -1.280 0.440 0.110 -0.890 -0.210 -3.040 -4.280 -4.150
-20.220 -20.190 -20.360 -20.170 -20.110 -20.350 -20.020 -20.130 -19.970 -19.850 -19.600 -19.050 -18.620 -18.070 -17.420 -10.980 -8.480 -6.990 -3.180 -2.380 -2.180 -3.890 -1.800 -0.470 -0.450 -2.070 -1.760 -2.060 -0.740 -0.300 0.350 0.240 0.210 -2.040 -2.600 -2.400 -2.460 -4.420 -5.310 -4.930 -3.840 -4.930 -4.730 -4.760 -3.750 -3.230 -3.090 -2.600 -1.930 0.390 0.600 0.880 1.760 2.650 3.440 5.820 7.460 13.780 10.860 3.880 0.330 -2.820 -2.470 -0.130 0.380 0.740 0.750 -4.070 -4.570 -3.790
-20.860 -20.470 -20.310 -20.490 -20.370 -20.480 -20.530 -20.330 -20.120 -20.090 -19.940 -19.900 -19.310 -18.220 -17.890 -9.950 -10.060 -6.850 -3.750 -4.970 -8.690 -5.550 -5.440 -3.020 0.220 1.320 -1.650 -7.010 -6.480 -2.960 -2.350 -3.070 -0.160 -2.540 -5.860 -2.860 -1.650 -5.920 -5.730 -5.630 -5.530 -5.360 -4.560 -4.840 -4.150 -3.900 -1.720 -3.020 -1.950 -2.270 -0.380 0.380 1.270 1.470 2.880 5.710 8.260 13.050 9.440 3.980 0.110 -3.890 -2.640 0.330 0.740 1.370 2.340 0.500 -3.280 -4.360
-20.730 -20.620 -20.580 -20.910 -20.620 -20.550 -20.460 -20.300 -20.210 -20.580 -20.460 -20.460 -20.240 -19.160 -18.410 -12.090 -12.470 -11.060 -8.520 -8.180 -9.210 -8.800 -3.780 -2.790 0.040 2.070 -0.450 -5.690 -5.640 -3.340 -2.930 -3.460 -1.570 -4.660 -3.780 -4.750 -4.770 -5.720 -6.070 -5.690 -5.660 -5.580 -3.880 -4.330 -4.340 -3.720 -3.500 -2.650 -3.110 -1.860 0.080 0.620 0.660 0.530 1.150 4.650 7.700 7.430 7.260 2.300 -3.060 -3.750 -2.790 -1.300 1.260 3.880 3.490 0.000 -4.780 -4.830
-21.130 -21.000 -21.290 -20.780 -20.730 -20.580 -20.650 -20.440 -20.430 -20.870 -20.250 -20.340 -20.370 -19.290 -17.560 -14.220 -13.660 -12.360 -11.560 -10.300 -9.000 -7.230 -4.250 -3.570 -1.380 -1.580 -2.930 -6.840 -6.750 -6.230 -4.200 -4.400 -5.280 -6.100 -5.030 -5.220 -5.920 -6.650 -6.580 -6.310 -6.040 -5.930 -5.850 -5.650 -4.960 -4.150 -4.460 -3.140 -3.200 -3.670 -2.310 0.000 0.780 0.430 0.980 2.020 4.570 3.420 1.570 0.390 -3.400 -2.860 -2.980 -1.940 2.110 2.250 -1.810 -4.240 -5.080 -4.710
-21.340 -21.100 -21.080 -21.080 -20.940 -20.820 -20.870 -20.720 -20.480 -20.780 -20.370 -20.350 -20.080 -18.830 -17.490 -15.800 -13.030 -12.510 -11.220 -10.320 -9.320 -9.090 -4.480 -2.180 -7.610 -8.650 -6.650 -6.900 -6.930 -5.230 -4.740 -4.810 -4.340 -6.410 -8.120 -7.070 -7.530 -6.900 -6.750 -6.280 -6.360 -5.990 -6.220 -5.340 -5.100 -5.320 -4.430 -3.010 -3.790 -0.600 -3.500 0.530 0.320 0.330 0.320 3.520 3.620 2.450 0.570 -3.730 -3.090 -3.230 -4.420 -3.390 -0.520 0.420 -4.020 -3.230 -6.000 -4.480
-21.640 -21.520 -21.310 -21.250 -21.010 -21.130 -20.800 -20.830 -20.680 -20.870 -20.810 -20.380 -19.750 -18.790 -17.560 -16.040 -12.730 -13.660 -12.370 -12.100 -10.410 -10.110 -7.930 -6.610 -8.780 -8.360 -8.450 -6.790 -5.710 -7.870 -6.440 -5.990 -5.350 -8.120 -8.000 -8.440 -7.910 -7.420 -7.450 -7.230 -6.560 -6.590 -6.480 -6.440 -4.010 -5.780 -4.740 -4.630 -3.980 -3.300 -2.180 0.130 0.770 1.360 0.580 1.330 0.000 -1.970 -0.420 -3.410 -4.370 -4.510 -4.480 -3.810 -0.260 -6.270 -4.940 -5.360 -6.490 -5.510
-21.860 -21.660 -21.560 -21.410 -21.410 -21.180 -21.190 -21.000 -20.910 -20.630 -20.550 -20.200 -19.900 -18.970 -17.690 -16.720 -15.510 -14.170 -13.550 -12.390 -7.310 -11.280 -10.020 -8.870 -8.800 -9.200 -8.870 -8.950 -8.470 -8.430 -7.000 -7.880 -6.780 -8.320 -8.740 -9.120 -8.630 -8.290 -7.780 -7.240 -7.090 -7.100 -6.630 -6.580 -5.900 -4.510 -5.280 -4.920 -3.840 -3.750 -2.450 0.210 0.760 1.480 -0.570 -1.810 -0.490 -2.420 -3.920 -4.330 -4.280 -5.110 -2.570 -3.830 -2.330 -5.010 -7.360 -6.600 -6.270 -6.520
-22.080 -21.820 -21.770 -21.390 -21.510 -21.270 -21.100 -21.020 -20.970 -20.800 -20.820 -20.570 -19.900 -19.200 -18.200 -17.370 -16.160 -15.190 -14.720 -13.250 -14.280 -13.630 -11.290 -6.510 -9.490 -9.100 -8.850 -10.380 -8.880 -8.600 -9.180 -7.840 -9.100 -9.690 -10.060 -9.650 -9.250 -8.830 -7.500 -8.250 -7.960 -7.760 -7.230 -7.470 -7.150 -7.360 -6.520 -4.230 -6.090 -6.970 -2.610 -0.460 0.290 -0.040 -0.410 -5.330 -5.810 -5.320 -2.660 -4.590 -4.940 -4.750 -5.470 -5.740 -5.400 -4.450 -6.470 -6.350 -3.960 -7.270
-22.370 -22.330 -22.270 -21.890 -21.640 -21.630 -21.120 -20.930 -21.220 -20.850 -20.830 -20.300 -20.050 -19.050 -18.640 -17.780 -16.810 -15.890 -15.850 -15.120 -15.200 -13.490 -11.470 -6.850 -7.670 -9.830 -10.890 -11.510 -7.220 -8.150 -9.480 -10.830 -11.280 -11.070 -10.880 -10.130 -9.770 -8.720 -8.940 -8.470 -8.230 -7.830 -8.240 -5.530 -8.310 -7.500 -6.170 -3.530 -7.800 -7.390 -3.710 -3.180 -1.570 -6.720 -3.210 -5.270 -5.800 -5.380 -3.630 -4.520 -5.380 -5.380 -5.670 -6.100 -5.610 -6.690 -3.860 -7.320 -8.350 -8.250
-22.510 -22.590 -22.240 -22.260 -21.970 -21.560 -21.710 -21.540 -21.170 -21.210 -20.780 -20.780 -19.760 -19.260 -18.590 -18.440 -17.440 -16.610 -16.670 -15.700 -12.820 -7.700 -9.580 -8.570 -10.110 -11.630 -12.020 -11.470 -8.990 -9.640 -11.850 -11.970 -12.350 -11.600 -11.270 -11.190 -10.400 -9.840 -9.460 -9.270 -8.960 -8.920 -7.970 -7.210 -9.190 -7.240 -6.380 -7.560 -6.700 -7.730 -8.500 -8.900 -4.500 -6.160 -5.960 -4.910 -7.110 -6.910 -6.010 -5.710 -6.290 -4.750 -5.160 -6.750 -6.890 -7.150 -5.210 -8.290 -8.230 -7.730
-23.000 -22.920 -22.400 -22.420 -22.500 -22.260 -21.650 -21.580 -21.430 -21.340 -21.050 -19.370 -18.370 -19.370 -19.160 -18.840 -18.180 -17.050 -15.930 -13.880 -10.440 -8.990 -9.510 -11.010 -12.520 -13.490 -11.600 -13.260 -13.340 -13.240 -12.340 -13.010 -13.360 -13.300 -11.690 -11.630 -10.840 -10.160 -10.310 -10.300 -9.790 -10.050 -9.720 -9.660 -9.430 -8.930 -8.330 -7.240 -7.840 -7.210 -4.910 -2.270 -1.230 0.460 -4.000 -6.040 -6.890 -6.790 -6.420 -6.370 -6.850 -6.140 -5.090 -4.460 -5.990 -7.880 -7.420 -7.600 -8.990 -9.070
-23.280 -22.740 -22.770 -22.460 -22.500 -22.730 -21.990 -21.600 -21.170 -21.390 -21.310 -19.930 -19.640 -19.620 -19.600 -18.800 -17.750 -17.160 -16.560 -15.870 -12.170 -9.600 -10.940 -13.330 -12.650 -13.360 -11.910 -13.930 -14.200 -14.100 -13.650 -14.450 -14.730 -14.550 -13.370 -12.410 -11.910 -11.660 -11.080 -11.010 -10.900 -10.160 -10.060 -10.360 -9.120 -9.240 -8.960 -7.490 -6.420 -2.890 -0.600 -2.750 0.320 0.200 -2.350 -8.520 -9.030 -7.640 -7.260 -6.310 -6.400 -6.390 -5.240 -4.350 -4.900 -7.840 -8.090 -8.130 -8.440 -10.400
-23.020 -22.830 -22.760 -22.870 -22.590 -22.370 -22.330 -21.740 -21.590 -21.270 -21.530 -21.460 -20.260 -20.060 -19.980 -18.480 -17.340 -16.910 -17.450 -16.020 -11.290 -10.010 -10.570 -10.130 -13.690 -15.040 -14.390 -14.150 -14.590 -14.940 -14.930 -14.960 -15.080 -14.960 -13.860 -12.910 -12.900 -12.600 -12.370 -11.660 -11.800 -11.190 -10.820 -10.170 -10.800 -10.530 -10.640 -6.630 -3.480 -3.490 -3.060 -2.830 0.390 -0.020 -6.340 -7.710 -6.390 -8.000 -7.440 -7.470 -7.440 -3.890 -3.690 -6.990 -5.480 -9.350 -8.960 -8.340 -8.720 -9.390
-23.840 -22.970 -23.070 -22.680 -22.400 -22.510 -22.570 -21.860 -21.350 -21.730 -21.670 -19.910 -20.020 -19.900 -19.890 -17.990 -16.760 -16.700 -16.890 -16.510 -14.160 -12.210 -12.060 -10.670 -14.120 -15.110 -14.670 -14.980 -15.410 -15.340 -14.960 -15.240 -15.130 -15.040 -14.860 -14.110 -12.960 -13.300 -13.140 -12.850 -12.550 -11.790 -11.580 -11.200 -11.340 -11.700 -10.410 -9.540 -4.200 -5.130 -0.580 -3.040 0.360 -4.010 -10.230 -8.760 -6.660 -8.610 -8.380 -7.160 -7.710 -2.620 -4.960 -5.790 -8.230 -10.040 -8.640 -9.000 -8.870 -7.350
-23.260 -23.330 -23.380 -23.050 -22.560 -22.660 -22.310 -21.950 -21.960 -21.420 -20.140 -20.010 -20.280 -19.990 -20.050 -17.500 -17.330 -17.110 -16.820 -16.800 -16.630 -13.210 -13.790 -11.830 -13.420 -15.900 -15.160 -15.050 -15.550 -15.040 -14.740 -14.960 -15.710 -15.760 -15.380 -14.990 -14.410 -13.860 -13.380 -13.430 -13.230 -13.030 -12.660 -12.570 -11.230 -8.140 -7.850 -12.090 -7.100 -8.510 0.920 0.740 0.630 -4.460 -6.660 -10.500 -9.360 -9.180 -8.990 -8.940 -4.930 -4.920 -8.920 -5.520 -9.970 -11.170 -10.850 -8.770 -9.700 -8.100
-23.650 -23.400 -23.200 -22.890 -22.730 -22.560 -22.450 -22.200 -21.910 -21.170 -19.530 -19.680 -19.390 -20.290 -19.840 -18.590 -18.010 -17.920 -17.380 -16.930 -17.090 -16.400 -16.870 -15.970 -16.810 -16.510 -16.140 -16.170 -15.860 -15.030 -15.000 -14.470 -15.950 -16.220 -15.740 -15.830 -15.230 -14.970 -14.290 -14.750 -14.660 -14.110 -13.580 -13.410 -12.640 -9.000 -6.840 -10.680 -12.700 -11.500 -1.550 -3.340 -3.780 -5.040 -10.790 -10.860 -9.430 -10.030 -9.720 -9.520 -8.330 -9.650 -10.010 -10.250 -10.400 -11.910 -11.550 -11.090 -9.220 -9.370
-23.460 -23.270 -23.140 -23.160 -22.600 -22.990 -22.470 -22.360 -22.340 -21.300 -20.000 -18.450 -19.110 -20.600 -20.060 -18.500 -18.430 -18.260 -18.190 -17.510 -17.760 -17.790 -17.590 -17.430 -17.170 -17.080 -17.000 -16.880 -16.580 -16.170 -16.110 -15.540 -16.370 -16.830 -16.510 -16.500 -16.220 -15.840 -15.620 -15.770 -14.890 -14.600 -14.790 -14.460 -11.840 -8.840 -5.800 -10.640 -12.870 -13.150 -4.570 -10.140 -6.230 -8.150 -12.080 -12.080 -11.330 -10.800 -10.410 -10.650 -11.130 -11.180 -10.940 -12.630 -12.460 -11.400 -11.460 -11.680 -10.220 -13.150
-23.530 -23.250 -23.260 -22.810 -23.010 -22.690 -22.570 -22.530 -22.320 -21.570 -20.250 -18.770 -19.330 -20.670 -20.990 -18.640 -18.530 -18.400 -18.380 -18.090 -18.320 -18.330 -18.190 -17.820 -17.670 -17.500 -17.810 -17.480 -17.050 -17.150 -16.840 -16.870 -17.100 -17.300 -17.270 -17.180 -17.100 -16.460 -16.420 -16.330 -16.260 -15.980 -15.610 -14.030 -11.650 -8.490 -6.540 -10.760 -12.910 -12.510 -12.190 -11.070 -12.900 -13.670 -13.270 -12.950 -12.340 -11.650 -11.650 -12.060 -12.470 -12.450 -12.520 -10.620 -10.060 -11.480 -12.580 -12.480 -11.220 -13.900
-23.730 -23.410 -22.980 -23.110 -22.820 -22.640 -22.560 -22.430 -22.460 -20.940 -18.870 -19.500 -20.200 -20.760 -19.990 -18.720 -18.760 -18.350 -18.730 -18.990 -18.190 -18.610 -18.930 -18.770 -18.090 -17.350 -17.770 -17.610 -17.550 -17.690 -17.550 -17.510 -17.630 -17.510 -17.400 -17.250 -17.690 -16.610 -16.750 -16.640 -16.570 -16.360 -15.960 -15.600 -13.860 -11.690 -9.910 -14.980 -14.170 -12.360 -13.650 -13.720 -14.420 -14.560 -14.310 -13.960 -13.230 -13.050 -12.990 -13.170 -12.970 -9.340 -8.080 -10.400 -10.470 -11.370 -13.430 -13.130 -10.680 -14.460
-23.390 -23.110 -23.220 -22.820 -22.660 -22.540 -22.350 -22.640 -22.190 -21.720 -20.840 -20.350 -20.950 -20.780 -19.710 -19.090 -19.330 -18.980 -19.130 -19.280 -18.800 -18.890 -18.530 -16.000 -17.090 -17.940 -17.430 -17.840 -17.880 -18.170 -17.270 -17.570 -17.690 -17.410 -17.410 -17.480 -17.700 -16.520 -17.060 -16.850 -16.650 -16.510 -16.530 -16.510 -16.080 -15.970 -15.930 -14.510 -15.290 -13.210 -14.150 -15.090 -15.090 -15.220 -14.120 -14.800 -14.630 -14.500 -14.160 -14.330 -12.170 -6.810 -7.670 -10.290 -10.850 -12.400 -14.450 -13.900 -14.530 -15.480
-23.630 -23.390 -23.250 -23.150 -22.880 -22.770 -22.130 -22.000 -22.010 -21.810 -21.350 -21.140 -21.190 -20.890 -20.250 -19.570 -20.080 -19.710 -19.830 -18.440 -18.800 -18.630 -17.920 -16.430 -16.020 -17.380 -17.830 -17.650 -17.950 -17.650 -17.950 -17.420 -17.630 -17.810 -17.690 -17.630 -17.570 -16.930 -17.170 -17.030 -17.010 -16.850 -16.680 -16.370 -16.000 -16.230 -16.140 -15.720 -13.940 -14.930 -15.490 -14.720 -15.770 -15.220 -15.220 -15.430 -15.760 -15.850 -15.370 -15.000 -11.590 -7.550 -8.380 -10.480 -12.850 -14.530 -15.280 -15.450 -14.880 -15.050
-23.570 -23.390 -23.210 -22.930 -22.700 -22.700 -22.200 -22.070 -21.820 -21.800 -21.530 -21.370 -21.340 -21.080 -20.790 -20.250 -20.300 -19.230 -19.190 -17.370 -18.510 -18.670 -17.990 -17.060 -17.100 -17.900 -17.890 -18.370 -17.980 -17.910 -17.840 -17.820 -17.900 -17.840 -17.730 -17.750 -17.610 -17.420 -17.430 -17.350 -17.320 -17.120 -17.110 -17.000 -16.650 -16.890 -16.770 -16.400 -15.940 -16.010 -16.270 -15.840 -15.800 -16.310 -15.920 -16.180 -16.650 -16.840 -16.690 -16.370 -14.440 -10.440 -9.790 -10.780 -15.010 -15.930 -16.270 -16.920 -15.310 -16.630
-23.910 -23.430 -23.370 -23.050 -22.850 -22.440 -22.460 -21.750 -21.770 -22.000 -21.420 -21.350 -20.930 -21.030 -20.600 -20.030 -19.140 -17.860 -17.550 -17.180 -18.340 -18.470 -17.910 -18.160 -18.310 -18.230 -17.900 -18.070 -18.060 -18.100 -18.090 -17.820 -17.800 -17.830 -17.820 -17.600 -17.660 -17.810 -17.460 -17.600 -17.320 -17.360 -17.240 -17.220 -17.010 -16.660 -17.250 -16.510 -16.550 -16.250 -16.050 -16.540 -16.550 -16.200 -16.470 -16.820 -17.130 -17.340 -17.620 -16.310 -17.650 -12.310 -11.200 -12.600 -18.120 -16.290 -15.340 -16.940 -16.950 -17.130
-23.780 -23.110 -23.160 -22.720 -22.680 -22.530 -22.190 -22.110 -21.660 -21.770 -22.010 -21.710 -21.150 -21.130 -20.410 -20.420 -18.830 -17.390 -17.210 -16.560 -17.320 -18.500 -17.490 -18.160 -18.430 -18.360 -18.390 -18.380 -18.140 -18.030 -18.060 -17.970 -17.930 -17.790 -17.760 -17.820 -17.790 -17.700 -17.720 -17.610 -17.600 -17.780 -17.570 -17.470 -17.170 -16.940 -17.110 -16.490 -17.190 -17.000 -16.740 -16.690 -16.570 -16.880 -16.990 -17.320 -17.850 -17.880 -18.020 -18.050 -18.110 -15.670 -13.820 -15.370 -17.660 -16.870 -17.450 -17.060 -17.010 -17.010
-23.600 -23.450 -23.430 -22.760 -22.660 -22.640 -22.070 -21.930 -21.380 -22.210 -21.960 -21.570 -21.270 -20.970 -20.750 -20.740 -17.960 -16.320 -16.050 -15.730 -17.300 -18.420 -17.870 -18.340 -18.560 -18.470 -18.410 -18.620 -18.290 -18.300 -18.270 -18.090 -18.000 -18.080 -17.990 -17.940 -17.910 -17.810 -17.730 -17.750 -17.850 -17.680 -17.710 -17.830 -17.720 -17.090 -17.290 -17.080 -17.530 -17.290 -17.050 -16.950 -17.200 -17.410 -17.530 -18.000 -18.180 -18.380 -18.490 -18.530 -18.340 -16.980 -15.240 -16.610 -18.360 -14.110 -17.580 -17.170 -17.520 -17.320
-23.670 -23.360 -23.170 -22.850 -22.780 -22.160 -22.100 -21.770 -21.670 -21.870 -21.790 -21.630 -21.130 -21.230 -21.010 -21.400 -17.420 -16.170 -16.070 -16.420 -17.870 -18.750 -17.790 -18.600 -18.670 -18.740 -18.700 -18.620 -18.470 -18.470 -18.290 -18.140 -17.710 -18.150 -18.140 -17.960 -18.060 -17.950 -18.030 -17.890 -17.780 -17.970 -17.890 -17.910 -17.960 -17.500 -17.050 -17.580 -17.950 -18.090 -17.570 -17.310 -17.560 -17.860 -18.130 -18.460 -18.870 -18.790 -18.990 -18.630 -18.460 -18.270 -17.470 -18.180 -18.150 -15.470 -15.760 -17.280 -17.590 -17.830
