0925_6225/LITTO3D_FRA_0926_6223_20150529_LAMB93_RGF93_IGN69/MNT5m/LITTO3D_FRA_0926_6223_MNT5_20150529_LAMB93_RGF93_IGN69.asc
ncols 200
nrows 200
xllcenter 926000.000
yllcenter 6222005.000
cellsize 5.0000
nodata_value -99999
[rows 31 to 61 of 200, columns 70 to 139 of 200]
-23.820 -23.820 -23.380 -22.920 -22.750 -22.490 -22.040 -21.590 -21.510 -21.600 -22.030 -21.190 -21.310 -21.000 -21.150 -20.030 -18.000 -17.010 -17.130 -17.970 -18.380 -18.950 -18.960 -18.940 -18.870 -18.770 -18.780 -18.630 -18.670 -18.530 -18.580 -18.450 -18.390 -18.250 -18.210 -18.180 -18.110 -18.070 -18.050 -18.090 -18.080 -18.200 -18.010 -18.080 -18.030 -17.920 -17.770 -18.080 -18.200 -18.070 -18.070 -18.080 -18.200 -18.420 -18.630 -18.780 -18.950 -19.610 -19.370 -18.450 -18.090 -17.850 -18.740 -18.510 -18.140 -15.740 -17.320 -17.650 -17.540 -17.320
-23.920 -23.840 -22.940 -23.290 -22.650 -22.320 -22.290 -21.670 -21.630 -21.680 -21.260 -21.420 -21.320 -20.840 -20.570 -20.030 -19.240 -17.740 -19.370 -19.330 -19.320 -19.550 -19.270 -19.110 -19.000 -18.850 -18.880 -18.830 -18.830 -18.700 -18.830 -18.580 -18.490 -18.500 -18.540 -18.420 -18.400 -18.210 -18.300 -18.180 -18.150 -18.270 -18.330 -18.220 -18.450 -18.140 -18.590 -18.300 -18.250 -18.590 -18.550 -18.720 -18.800 -18.800 -19.050 -19.050 -18.990 -19.260 -19.080 -18.880 -19.340 -18.910 -19.000 -18.600 -18.420 -18.210 -17.970 -18.160 -17.810 -17.730
-24.370 -23.750 -23.140 -23.010 -22.530 -22.430 -22.040 -22.070 -21.540 -21.840 -21.900 -21.460 -21.620 -20.920 -20.710 -20.270 -19.810 -19.420 -19.390 -19.390 -19.440 -19.280 -19.380 -19.220 -19.240 -19.180 -19.050 -19.030 -18.900 -18.880 -18.770 -18.810 -18.720 -18.650 -18.450 -18.410 -18.320 -18.370 -18.380 -18.320 -18.600 -18.410 -18.480 -18.450 -18.490 -18.760 -18.760 -18.620 -18.590 -18.740 -19.000 -18.920 -19.160 -19.520 -19.460 -19.470 -19.990 -19.340 -19.140 -19.420 -19.280 -19.280 -18.750 -18.750 -18.500 -18.430 -18.270 -18.230 -18.130 -18.100
-23.740 -23.560 -23.300 -23.190 -23.050 -22.310 -22.290 -21.670 -21.580 -21.730 -21.620 -21.260 -20.980 -20.640 -20.270 -20.470 -19.740 -19.900 -19.760 -19.820 -19.630 -19.410 -19.330 -19.480 -19.260 -19.110 -19.100 -19.200 -18.740 -18.860 -18.950 -18.960 -18.900 -18.790 -18.770 -18.760 -18.470 -18.630 -18.490 -18.820 -18.530 -18.660 -18.600 -18.810 -18.890 -18.750 -18.960 -19.350 -18.640 -18.930 -18.900 -19.240 -19.350 -19.710 -19.880 -19.900 -19.420 -19.810 -19.660 -19.460 -19.600 -19.770 -18.450 -18.390 -18.630 -18.660 -18.770 -18.390 -18.520 -18.690
-24.360 -23.870 -23.360 -22.990 -22.600 -22.630 -22.080 -21.700 -21.390 -21.530 -21.190 -21.190 -21.000 -20.540 -20.260 -20.220 -20.090 -19.920 -19.830 -19.700 -19.590 -19.500 -19.390 -19.500 -19.360 -19.330 -19.340 -19.300 -19.000 -19.150 -18.960 -18.980 -18.940 -18.840 -18.840 -18.820 -18.670 -18.780 -18.760 -18.330 -18.760 -18.820 -18.730 -18.440 -18.920 -18.930 -19.260 -19.420 -19.230 -19.030 -19.140 -19.450 -19.720 -19.830 -19.980 -20.120 -19.930 -20.010 -20.190 -19.650 -20.110 -19.130 -18.720 -19.060 -18.850 -18.850 -18.700 -18.590 -18.680 -18.740
-24.140 -24.110 -23.570 -23.090 -23.260 -22.720 -22.280 -22.070 -21.800 -21.470 -21.380 -21.200 -21.010 -20.630 -20.430 -20.180 -20.210 -20.050 -19.890 -19.750 -19.720 -19.650 -19.680 -19.460 -19.500 -19.640 -19.450 -19.350 -19.340 -19.180 -19.070 -19.080 -19.060 -19.060 -19.080 -19.050 -18.980 -18.870 -18.870 -18.820 -19.030 -19.230 -18.590 -18.480 -18.800 -19.240 -19.290 -19.240 -19.360 -19.380 -19.400 -19.550 -19.770 -19.970 -19.970 -20.040 -20.120 -20.240 -19.750 -20.020 -19.620 -19.540 -19.690 -19.250 -19.120 -18.960 -18.830 -18.940 -19.040 -19.030
-24.900 -24.470 -23.840 -23.360 -22.830 -22.480 -22.370 -22.210 -21.620 -21.550 -20.990 -20.850 -21.240 -21.160 -20.680 -20.720 -20.590 -19.670 -19.510 -19.860 -19.710 -19.670 -19.590 -19.640 -19.550 -19.520 -19.350 -19.600 -19.430 -19.320 -19.330 -19.390 -19.290 -19.260 -19.160 -19.070 -19.140 -19.140 -19.130 -19.110 -19.010 -19.480 -19.250 -19.060 -19.250 -19.400 -19.390 -19.490 -19.800 -19.650 -19.660 -19.800 -19.820 -20.110 -20.210 -20.140 -19.950 -20.060 -20.440 -20.050 -19.870 -19.640 -19.540 -19.440 -19.280 -19.200 -19.080 -19.250 -18.710 -18.870
-25.160 -24.780 -24.450 -23.800 -23.420 -23.110 -22.920 -21.880 -21.680 -21.780 -21.090 -21.140 -21.020 -21.360 -21.110 -21.130 -20.130 -20.000 -19.780 -19.500 -19.910 -19.820 -19.730 -19.680 -19.770 -19.690 -19.590 -19.630 -19.590 -19.740 -19.670 -19.550 -19.400 -19.420 -19.170 -19.270 -19.200 -19.190 -19.480 -19.300 -19.390 -19.370 -19.330 -19.540 -19.470 -19.390 -19.510 -19.550 -19.630 -19.870 -19.570 -19.770 -20.090 -20.230 -20.220 -20.370 -20.420 -20.270 -20.120 -20.380 -19.970 -19.760 -19.780 -19.570 -19.540 -19.380 -19.270 -19.270 -19.070 -19.070
-25.400 -25.030 -24.360 -24.250 -23.690 -23.050 -22.150 -22.260 -21.820 -21.680 -21.270 -21.140 -21.260 -21.660 -20.700 -20.500 -20.080 -19.880 -19.920 -19.650 -19.760 -19.950 -19.800 -19.830 -19.810 -19.600 -19.580 -19.600 -19.670 -19.640 -19.790 -19.560 -19.630 -19.470 -19.510 -19.460 -19.470 -19.350 -19.320 -19.490 -19.490 -19.490 -19.570 -19.560 -19.600 -19.660 -19.580 -19.580 -19.780 -19.810 -19.800 -20.000 -20.130 -20.280 -20.200 -20.130 -20.370 -20.340 -20.390 -20.620 -20.320 -20.140 -19.950 -19.860 -19.390 -19.320 -19.380 -19.450 -19.480 -19.440
-25.720 -25.270 -24.800 -24.300 -23.690 -23.340 -23.180 -22.160 -22.120 -21.830 -21.630 -21.570 -21.330 -20.950 -21.080 -20.840 -20.290 -20.030 -19.940 -19.890 -19.660 -19.670 -19.970 -19.930 -19.860 -19.880 -19.900 -19.820 -19.710 -19.800 -19.820 -19.690 -19.680 -19.760 -19.730 -19.550 -19.640 -19.570 -19.600 -19.690 -19.630 -19.620 -19.750 -19.730 -19.830 -19.790 -19.780 -19.740 -19.780 -19.840 -20.090 -20.070 -20.190 -20.400 -20.220 -20.200 -20.420 -20.560 -20.460 -20.510 -20.510 -20.270 -19.610 -19.820 -19.690 -19.690 -19.830 -19.650 -19.570 -19.210
-25.910 -25.270 -24.740 -24.560 -24.150 -23.460 -22.990 -22.760 -21.860 -22.080 -21.460 -21.530 -21.340 -21.150 -20.850 -20.790 -20.310 -20.120 -20.120 -19.850 -19.860 -19.780 -19.980 -20.030 -19.920 -19.830 -20.050 -19.840 -19.740 -19.740 -19.700 -19.830 -19.840 -19.760 -19.710 -19.730 -19.870 -19.930 -19.770 -19.850 -19.840 -19.890 -19.850 -19.810 -19.890 -19.960 -19.970 -19.920 -20.040 -19.840 -20.170 -19.650 -19.570 -20.490 -20.620 -20.680 -20.610 -20.470 -20.780 -20.790 -20.510 -20.270 -20.400 -20.090 -20.300 -20.290 -20.080 -19.870 -19.670 -19.520
-26.210 -25.620 -25.040 -24.400 -24.180 -23.740 -23.170 -23.010 -22.510 -22.190 -21.850 -21.300 -20.940 -21.430 -21.110 -20.960 -20.020 -20.270 -20.710 -19.920 -19.820 -19.840 -20.290 -20.150 -19.960 -19.980 -19.940 -19.920 -19.840 -19.910 -19.880 -19.780 -19.830 -19.990 -20.130 -20.000 -19.720 -19.870 -19.920 -19.950 -19.960 -20.150 -19.930 -19.990 -19.920 -20.110 -19.950 -19.980 -20.100 -20.010 -19.740 -19.860 -20.030 -20.100 -20.670 -20.510 -20.940 -20.860 -20.870 -20.710 -20.290 -20.560 -20.340 -20.320 -20.410 -20.230 -20.020 -20.120 -19.930 -19.550
-26.210 -25.750 -25.360 -24.910 -24.510 -23.980 -23.580 -23.010 -22.760 -22.200 -21.960 -21.790 -21.540 -21.270 -21.160 -20.910 -20.590 -20.120 -19.590 -19.030 -20.040 -20.000 -19.900 -20.510 -20.260 -20.260 -20.180 -20.080 -19.990 -19.950 -20.540 -19.980 -20.130 -19.950 -20.070 -20.260 -20.090 -20.050 -20.170 -20.040 -20.060 -20.280 -20.130 -20.160 -20.190 -20.370 -20.210 -20.140 -19.580 -19.690 -19.730 -19.730 -20.490 -20.510 -20.580 -20.840 -20.980 -21.060 -20.900 -20.820 -20.340 -20.570 -20.660 -20.310 -20.350 -20.390 -20.210 -20.750 -19.910 -19.820
-26.950 -26.050 -25.590 -25.220 -24.720 -24.110 -23.840 -23.260 -22.880 -22.290 -22.140 -21.780 -20.930 -21.410 -21.040 -20.960 -20.480 -20.660 -20.150 -19.150 -20.170 -20.270 -19.970 -20.280 -20.490 -20.200 -20.240 -19.770 -20.640 -19.650 -19.800 -19.820 -19.820 -19.750 -20.060 -19.920 -20.290 -19.580 -19.810 -20.080 -19.960 -20.160 -20.430 -20.140 -20.360 -20.220 -19.860 -19.720 -20.100 -20.280 -20.000 -20.360 -20.870 -20.900 -21.150 -21.350 -20.830 -21.020 -21.120 -20.620 -20.600 -20.490 -20.560 -20.280 -21.570 -20.710 -20.780 -20.210 -20.220 -20.140
-27.430 -26.770 -26.310 -25.600 -24.990 -24.360 -23.730 -23.620 -23.120 -23.160 -22.530 -22.000 -21.670 -21.220 -21.160 -20.840 -20.990 -21.230 -20.670 -20.240 -20.380 -20.570 -20.410 -20.390 -19.810 -20.000 -20.230 -19.720 -19.940 -19.990 -19.850 -20.290 -19.840 -19.810 -20.290 -19.830 -20.000 -19.980 -20.090 -19.860 -20.110 -20.110 -20.550 -19.930 -20.110 -20.070 -19.910 -20.270 -20.470 -20.650 -19.910 -20.720 -21.120 -21.370 -21.470 -21.380 -21.410 -21.470 -21.210 -21.150 -20.720 -20.620 -20.710 -20.530 -20.900 -21.200 -20.950 -21.070 -19.940 -20.100
-27.600 -26.900 -26.450 -25.530 -25.350 -24.860 -24.390 -24.100 -23.450 -22.880 -22.860 -22.530 -22.560 -21.180 -20.980 -21.050 -20.560 -20.950 -21.230 -20.660 -20.510 -20.530 -20.270 -20.060 -20.160 -20.260 -20.180 -20.420 -20.110 -20.560 -20.250 -20.140 -20.010 -20.040 -20.340 -20.220 -20.150 -20.400 -20.380 -20.010 -19.840 -20.320 -20.170 -20.090 -20.160 -20.110 -20.190 -20.650 -20.740 -20.900 -21.130 -21.430 -21.510 -21.610 -21.500 -21.530 -21.610 -21.570 -21.450 -20.770 -20.460 -20.570 -20.710 -20.750 -21.020 -20.990 -20.980 -21.050 -20.620 -20.160
-27.920 -26.980 -26.660 -25.790 -25.410 -24.870 -24.690 -24.250 -23.530 -23.320 -23.000 -22.520 -21.980 -21.250 -21.060 -20.910 -20.910 -20.930 -20.980 -21.010 -20.280 -20.680 -20.600 -20.320 -20.260 -20.190 -20.160 -20.350 -20.800 -20.820 -20.380 -20.460 -20.150 -20.180 -20.230 -20.240 -20.180 -20.030 -20.390 -20.080 -19.870 -20.150 -20.070 -20.370 -20.170 -20.250 -20.400 -20.830 -20.870 -21.350 -21.920 -21.760 -21.620 -21.700 -21.610 -21.760 -21.650 -21.900 -21.220 -21.330 -19.880 -19.390 -20.970 -20.960 -20.900 -21.310 -20.950 -21.120 -20.630 -20.900
-28.350 -27.210 -26.340 -26.550 -25.970 -25.460 -24.830 -24.290 -23.890 -23.570 -23.130 -23.140 -22.180 -21.280 -21.240 -21.180 -21.070 -20.950 -20.870 -20.750 -20.810 -20.610 -20.450 -20.300 -20.520 -20.590 -20.550 -20.320 -20.500 -20.420 -20.790 -20.150 -20.280 -20.480 -20.650 -20.240 -20.280 -20.180 -20.090 -20.600 -20.350 -20.870 -20.250 -20.090 -20.570 -20.470 -20.970 -20.970 -21.050 -21.210 -21.260 -21.840 -21.800 -21.800 -21.990 -21.760 -21.770 -21.460 -21.450 -21.730 -21.250 -20.250 -21.260 -21.250 -21.420 -21.530 -21.360 -21.240 -21.080 -21.140
-28.740 -27.690 -27.220 -26.480 -25.930 -25.380 -25.080 -24.420 -23.970 -23.850 -23.480 -22.520 -21.290 -20.600 -21.060 -21.280 -21.230 -21.130 -21.110 -21.100 -21.070 -20.710 -21.000 -20.800 -20.440 -20.510 -20.420 -20.630 -20.700 -20.630 -20.600 -20.380 -20.400 -20.490 -20.340 -20.530 -20.520 -20.320 -20.360 -20.280 -21.010 -20.760 -20.540 -20.510 -20.690 -20.860 -21.060 -21.150 -21.590 -21.450 -21.470 -21.840 -21.800 -21.830 -21.880 -21.890 -21.970 -21.630 -21.530 -21.740 -21.840 -20.720 -21.430 -21.480 -21.780 -21.870 -20.980 -20.960 -21.270 -21.170
-28.840 -27.850 -27.230 -26.660 -26.120 -25.450 -25.140 -24.600 -24.170 -23.770 -23.740 -23.170 -21.600 -21.270 -21.660 -21.370 -21.400 -21.330 -21.260 -21.420 -21.220 -21.110 -21.110 -20.850 -20.720 -20.730 -20.980 -21.140 -21.080 -21.040 -20.750 -20.450 -20.790 -20.860 -20.820 -20.740 -20.770 -20.800 -20.610 -20.940 -20.860 -20.760 -20.680 -20.790 -20.850 -21.110 -21.350 -21.780 -21.700 -21.690 -21.790 -21.680 -21.820 -22.270 -22.150 -22.210 -22.040 -21.790 -21.910 -21.880 -22.010 -20.810 -21.570 -21.870 -22.000 -21.480 -21.320 -21.350 -21.440 -21.590
-29.150 -28.030 -27.280 -26.720 -26.070 -25.660 -24.890 -24.560 -24.330 -24.090 -23.850 -23.550 -22.820 -22.270 -21.870 -21.890 -21.560 -21.660 -21.290 -21.280 -21.330 -21.370 -21.350 -21.170 -21.100 -21.170 -21.310 -21.070 -21.490 -21.190 -21.130 -21.200 -21.130 -20.710 -20.890 -21.090 -21.050 -21.560 -21.360 -21.400 -21.280 -21.280 -21.210 -21.510 -21.610 -21.740 -21.780 -21.910 -21.860 -22.240 -22.140 -22.050 -21.980 -22.290 -22.270 -22.340 -22.800 -21.840 -22.040 -22.030 -22.130 -21.950 -22.100 -22.270 -22.560 -21.800 -21.800 -21.470 -21.790 -21.550
-29.110 -28.040 -27.350 -26.600 -26.320 -25.530 -25.320 -24.840 -24.400 -24.250 -23.980 -23.490 -23.150 -22.710 -22.340 -22.070 -21.890 -21.700 -21.790 -21.890 -21.840 -21.450 -21.530 -21.640 -21.650 -21.650 -21.390 -21.400 -21.480 -21.600 -20.740 -21.650 -21.570 -21.330 -21.700 -21.660 -21.840 -21.790 -21.700 -21.750 -21.900 -21.830 -21.780 -21.920 -21.780 -22.070 -21.840 -22.110 -22.260 -22.360 -22.360 -22.300 -22.490 -22.270 -22.300 -22.150 -22.090 -22.210 -22.600 -22.590 -22.640 -22.440 -22.430 -22.080 -21.940 -22.070 -21.640 -21.880 -21.940 -21.920
-29.520 -28.340 -27.780 -27.290 -26.460 -26.020 -25.440 -24.910 -24.820 -24.030 -23.330 -23.500 -23.210 -22.940 -22.700 -22.380 -22.260 -22.260 -22.260 -22.130 -21.970 -21.940 -21.780 -21.860 -21.800 -22.160 -21.930 -21.460 -21.510 -21.720 -21.980 -21.960 -21.620 -21.900 -22.310 -22.130 -21.980 -22.100 -21.960 -22.190 -22.050 -22.070 -22.290 -22.450 -22.310 -22.410 -22.440 -22.260 -22.360 -22.440 -22.600 -22.540 -22.560 -22.350 -22.430 -22.330 -22.230 -22.580 -22.790 -22.510 -22.700 -22.560 -22.550 -22.020 -22.100 -22.290 -22.260 -22.240 -22.150 -22.640
-29.750 -29.210 -28.050 -27.460 -27.240 -26.460 -25.630 -25.340 -25.120 -24.110 -23.620 -23.740 -23.320 -22.920 -22.950 -22.800 -22.630 -22.500 -22.450 -22.290 -22.450 -22.130 -22.250 -21.930 -22.390 -22.290 -22.130 -22.160 -22.180 -21.970 -22.340 -21.590 -22.210 -22.380 -22.330 -22.410 -22.590 -22.530 -22.420 -22.400 -22.340 -22.490 -22.550 -22.450 -22.730 -22.570 -22.650 -22.650 -22.700 -23.220 -22.640 -22.950 -22.410 -22.490 -22.560 -22.580 -22.700 -22.970 -22.700 -22.900 -22.660 -22.630 -22.440 -22.550 -22.260 -22.570 -22.540 -22.730 -22.550 -23.050
-29.990 -29.580 -28.770 -28.070 -27.280 -26.600 -26.200 -25.820 -25.180 -24.680 -24.340 -23.820 -23.540 -23.540 -23.730 -23.520 -23.240 -23.240 -23.000 -22.760 -23.290 -22.980 -23.010 -22.950 -23.090 -22.880 -22.580 -22.710 -22.760 -22.850 -22.770 -22.620 -22.670 -22.430 -22.760 -22.840 -22.890 -22.850 -22.890 -22.380 -22.610 -22.500 -23.080 -23.000 -23.040 -22.890 -22.730 -23.000 -22.880 -23.220 -22.920 -22.900 -22.820 -22.760 -22.780 -22.610 -23.120 -23.210 -23.130 -22.970 -22.820 -22.880 -22.780 -22.850 -22.770 -23.020 -22.560 -23.060 -22.900 -23.280
-31.450 -30.050 -28.890 -28.280 -27.360 -27.040 -26.690 -26.360 -25.080 -24.600 -24.330 -24.050 -24.100 -24.110 -24.030 -23.890 -23.740 -23.290 -23.380 -23.590 -23.600 -23.600 -23.010 -23.430 -23.320 -23.200 -23.320 -23.200 -23.100 -23.180 -23.100 -23.170 -22.750 -23.270 -23.370 -23.360 -23.270 -23.180 -22.650 -23.420 -23.000 -22.990 -23.000 -23.190 -22.530 -23.090 -23.100 -23.310 -23.030 -22.850 -22.770 -23.310 -22.890 -22.970 -23.090 -23.280 -23.190 -23.030 -23.280 -23.040 -22.980 -23.130 -23.200 -23.030 -23.130 -22.930 -23.020 -23.240 -23.560 -22.990
-31.050 -30.230 -29.430 -28.500 -27.970 -27.120 -27.000 -26.710 -25.660 -25.280 -24.760 -24.730 -24.690 -24.630 -24.510 -24.310 -24.100 -24.090 -24.120 -24.090 -23.930 -24.070 -23.980 -23.810 -23.650 -23.670 -23.540 -23.730 -23.780 -23.430 -23.740 -23.670 -23.720 -23.750 -23.950 -23.770 -23.790 -23.620 -23.680 -23.780 -23.680 -23.750 -23.550 -23.150 -23.320 -23.420 -23.470 -23.680 -23.130 -23.210 -23.330 -23.420 -23.250 -23.320 -23.140 -23.260 -23.120 -23.080 -22.970 -23.190 -23.140 -23.290 -23.380 -23.400 -23.100 -23.370 -23.460 -23.450 -23.680 -23.660
-31.030 -30.330 -29.470 -28.870 -27.870 -27.270 -27.160 -26.400 -25.820 -25.730 -25.430 -25.050 -25.110 -25.100 -24.740 -24.740 -24.560 -24.570 -24.500 -24.500 -24.580 -24.290 -24.080 -24.310 -24.240 -24.170 -24.300 -24.100 -24.110 -24.230 -24.180 -24.210 -24.330 -24.420 -24.190 -24.320 -23.950 -24.020 -23.750 -24.080 -24.100 -23.800 -24.090 -24.060 -23.700 -23.840 -23.790 -23.560 -23.600 -23.670 -23.380 -23.590 -23.420 -23.480 -23.450 -23.410 -23.280 -23.410 -23.350 -23.330 -23.050 -23.310 -23.650 -23.840 -23.590 -23.680 -23.850 -24.020 -23.780 -24.060
-30.860 -29.850 -29.590 -28.510 -28.330 -27.900 -27.210 -26.630 -26.350 -26.240 -25.930 -25.930 -25.490 -25.360 -24.950 -25.190 -24.810 -25.060 -25.080 -25.130 -25.060 -25.020 -24.320 -24.720 -24.520 -25.060 -24.860 -25.010 -24.590 -24.660 -24.440 -24.850 -24.840 -24.580 -24.670 -24.860 -24.600 -24.350 -24.650 -24.090 -24.170 -24.420 -24.410 -24.290 -23.960 -24.120 -23.980 -23.760 -24.060 -23.970 -23.890 -23.730 -23.740 -23.840 -23.660 -23.740 -23.690 -23.460 -23.490 -23.310 -23.820 -23.920 -23.880 -23.970 -24.150 -23.870 -24.080 -23.810 -24.050 -24.040
-30.690 -29.520 -29.160 -28.530 -27.990 -27.880 -26.660 -26.730 -26.480 -26.330 -26.400 -26.150 -26.020 -25.970 -25.850 -25.730 -25.800 -25.650 -25.780 -25.720 -25.650 -25.540 -25.190 -25.330 -25.390 -25.300 -25.290 -25.210 -25.230 -25.170 -25.460 -25.310 -25.130 -25.360 -25.130 -25.250 -24.930 -24.840 -24.770 -24.750 -24.850 -24.790 -24.480 -24.680 -24.640 -24.300 -24.430 -24.150 -24.280 -24.230 -24.230 -24.520 -24.060 -24.420 -23.950 -23.960 -24.010 -23.500 -23.920 -23.740 -24.010 -23.920 -24.100 -24.100 -24.290 -24.520 -24.380 -24.500 -24.360 -24.520
-29.330 -26.700 -26.410 -27.200 -27.950 -27.520 -27.070 -26.800 -26.460 -26.530 -26.730 -26.630 -26.220 -26.360 -26.190 -25.920 -26.370 -26.400 -26.520 -26.400 -26.260 -26.140 -26.050 -25.970 -25.880 -25.960 -25.830 -25.900 -25.690 -25.650 -25.580 -25.760 -25.710 -25.690 -25.590 -25.680 -25.380 -25.330 -25.150 -25.200 -25.050 -25.200 -24.800 -25.160 -24.930 -25.040 -24.770 -24.860 -24.870 -24.180 -24.280 -24.480 -24.580 -24.510 -24.230 -24.300 -24.010 -24.180 -24.220 -24.060 -24.130 -24.430 -24.650 -24.460 -24.750 -24.940 -24.820 -25.010 -24.880 -24.920
