0925_6225/LITTO3D_FRA_0926_6223_20150529_LAMB93_RGF93_IGN69/MNT5m/LITTO3D_FRA_0926_6223_MNT5_20150529_LAMB93_RGF93_IGN69.asc
ncols 200
nrows 200
xllcenter 926000.000
yllcenter 6222005.000
cellsize 5.0000
nodata_value -99999
[rows 0 to 30 of 200, columns 0 to 69 of 200]
-29.900 -29.340 -29.340 -29.060 -28.630 -28.300 -28.000 -28.410 -28.360 -28.790 -28.600 -28.640 -28.410 -28.450 -28.180 -28.030 -28.370 -27.980 -28.100 -28.010 -28.450 -27.520 -27.710 -27.720 -27.630 -27.450 -27.240 -26.990 -26.950 -27.270 -26.730 -26.800 -26.280 -26.850 -26.120 -26.390 -26.070 -25.890 -25.790 -26.090 -25.700 -25.530 -25.170 -24.510 -24.700 -24.630 -24.590 -24.170 -23.910 -23.920 -23.450 -23.460 -22.630 -22.810 -22.450 -22.090 -22.080 -22.030 -21.670 -21.470 -21.140 -21.070 -20.740 -20.520 -20.180 -20.100 -20.040 -19.830 -19.630 -19.340
-29.810 -29.480 -28.900 -28.720 -28.160 -27.840 -27.860 -28.380 -28.480 -28.760 -28.920 -28.830 -28.820 -28.590 -28.420 -28.470 -28.580 -28.590 -28.250 -28.130 -28.340 -28.090 -27.990 -27.640 -27.740 -27.610 -27.530 -27.320 -27.200 -27.190 -26.940 -26.810 -26.850 -26.560 -26.550 -26.260 -26.230 -26.350 -26.400 -26.150 -26.040 -25.860 -25.250 -25.520 -24.780 -24.610 -24.700 -24.260 -24.100 -23.760 -23.510 -23.220 -22.990 -22.590 -22.340 -22.360 -21.890 -21.660 -21.660 -21.380 -21.290 -21.250 -20.750 -20.640 -20.690 -20.390 -20.200 -19.780 -19.740 -19.570
-30.110 -29.610 -29.000 -28.480 -28.220 -28.210 -28.670 -28.830 -28.920 -29.100 -29.030 -29.040 -28.870 -29.170 -28.650 -28.650 -28.870 -28.610 -28.460 -28.370 -28.460 -28.300 -28.200 -28.170 -27.670 -27.820 -27.790 -27.860 -27.490 -27.420 -27.170 -27.180 -27.100 -26.570 -26.600 -26.780 -26.310 -26.200 -26.260 -26.000 -25.960 -25.860 -25.600 -25.570 -24.980 -25.060 -24.600 -24.630 -24.370 -23.820 -23.890 -23.630 -23.560 -23.190 -22.700 -22.350 -22.340 -21.910 -21.900 -21.560 -21.430 -21.000 -21.080 -20.890 -20.570 -20.700 -20.530 -20.300 -20.010 -19.880
-30.240 -29.720 -29.100 -28.630 -28.530 -29.040 -28.800 -29.210 -29.470 -29.520 -29.490 -29.720 -29.350 -28.840 -28.940 -28.900 -28.690 -29.280 -28.890 -28.810 -28.270 -28.970 -28.680 -28.240 -28.220 -28.290 -27.990 -27.750 -27.370 -27.850 -27.560 -27.340 -27.270 -27.250 -27.310 -26.880 -26.680 -26.520 -26.460 -26.580 -26.350 -25.820 -25.640 -25.520 -25.370 -25.160 -24.730 -24.530 -24.240 -24.220 -24.160 -23.650 -23.350 -23.200 -22.880 -22.200 -22.540 -22.090 -22.170 -22.170 -21.310 -21.210 -21.050 -21.040 -20.750 -20.550 -20.490 -20.240 -20.170 -19.990
-30.160 -29.610 -29.320 -28.830 -29.140 -29.590 -29.870 -30.300 -30.000 -29.730 -29.500 -29.330 -29.370 -29.200 -29.460 -29.940 -29.200 -29.170 -29.250 -29.050 -29.420 -28.870 -28.820 -28.910 -28.640 -28.430 -28.150 -28.180 -27.820 -27.720 -27.650 -27.750 -27.450 -27.170 -27.300 -26.940 -27.070 -26.880 -26.650 -26.670 -26.110 -26.230 -25.940 -25.630 -25.590 -25.120 -24.900 -24.900 -24.680 -24.180 -24.270 -23.900 -23.740 -23.050 -23.030 -22.530 -22.620 -22.610 -22.330 -21.970 -21.520 -21.450 -21.470 -20.930 -21.000 -20.830 -20.760 -20.500 -20.590 -20.220
-30.490 -30.560 -29.270 -28.940 -29.540 -29.780 -30.310 -30.440 -29.720 -30.050 -29.880 -29.970 -30.070 -29.830 -29.710 -29.880 -29.940 -29.390 -29.550 -29.340 -29.550 -29.160 -29.370 -28.690 -28.660 -28.610 -28.820 -28.620 -28.380 -28.110 -28.080 -27.920 -27.580 -27.420 -27.370 -27.170 -27.180 -26.810 -26.760 -26.690 -26.390 -26.250 -26.110 -26.030 -25.550 -25.280 -24.940 -24.950 -24.830 -24.430 -24.540 -24.170 -23.740 -23.600 -23.410 -22.890 -22.590 -22.430 -21.850 -22.380 -21.750 -21.580 -21.700 -21.380 -21.320 -20.980 -20.890 -20.980 -20.780 -20.410
-31.330 -30.910 -30.490 -30.530 -29.960 -30.040 -30.790 -30.770 -30.960 -30.450 -30.010 -30.150 -30.430 -30.400 -30.280 -30.410 -30.220 -29.580 -29.590 -29.540 -29.490 -29.710 -29.590 -29.250 -29.290 -29.400 -28.670 -29.540 -28.750 -28.320 -28.380 -27.970 -27.950 -28.000 -27.630 -27.450 -27.170 -27.010 -27.090 -26.840 -26.690 -26.520 -26.480 -26.310 -25.630 -25.580 -25.650 -25.260 -25.050 -24.720 -24.440 -24.340 -23.550 -23.500 -23.490 -23.210 -22.690 -22.630 -22.430 -22.420 -22.140 -21.990 -22.070 -22.010 -21.080 -21.380 -20.980 -21.000 -21.000 -20.700
-31.590 -31.330 -31.210 -31.490 -30.760 -30.640 -31.010 -31.010 -30.940 -31.000 -31.220 -30.800 -30.560 -30.750 -30.460 -30.280 -30.630 -30.200 -29.870 -30.500 -30.040 -29.840 -30.030 -29.520 -29.440 -29.620 -29.230 -29.460 -29.120 -28.560 -29.180 -28.670 -28.020 -28.210 -27.960 -27.600 -27.300 -27.130 -26.950 -26.860 -26.820 -26.690 -26.470 -26.330 -26.070 -25.870 -25.630 -25.510 -24.970 -25.020 -24.990 -24.280 -24.170 -24.030 -23.690 -23.360 -23.390 -22.860 -22.560 -22.350 -22.380 -22.140 -22.200 -21.800 -21.710 -21.580 -21.560 -21.570 -20.770 -21.010
-32.400 -32.140 -31.660 -31.750 -31.120 -31.680 -32.170 -31.360 -31.110 -31.240 -30.950 -31.230 -30.920 -31.180 -31.160 -30.910 -30.460 -30.500 -30.600 -30.700 -30.390 -30.170 -30.170 -29.740 -30.000 -29.810 -29.370 -29.310 -29.240 -29.360 -28.900 -28.890 -28.660 -28.410 -28.170 -27.710 -27.300 -27.200 -27.330 -26.940 -26.860 -26.820 -26.620 -26.430 -26.150 -25.960 -25.840 -25.520 -25.230 -25.330 -25.250 -24.630 -24.900 -24.520 -23.640 -23.450 -23.540 -23.300 -22.890 -22.980 -22.300 -22.270 -22.450 -21.890 -22.000 -21.800 -21.530 -21.530 -21.210 -21.230
-33.240 -32.620 -33.440 -33.000 -33.610 -32.420 -31.760 -31.870 -31.680 -32.990 -31.820 -32.330 -31.540 -31.580 -31.770 -31.640 -30.910 -30.690 -30.810 -30.560 -30.370 -30.600 -30.230 -30.440 -30.330 -30.030 -29.790 -29.550 -29.940 -29.310 -29.130 -29.000 -28.770 -28.570 -28.340 -28.070 -27.340 -27.730 -27.460 -27.150 -26.980 -27.010 -26.810 -26.630 -26.470 -26.100 -25.940 -25.680 -25.430 -25.640 -25.110 -25.030 -24.730 -24.330 -24.300 -23.980 -23.780 -23.390 -22.870 -23.140 -22.890 -22.250 -22.530 -22.230 -22.120 -21.970 -22.010 -21.620 -21.330 -21.500
-33.750 -33.360 -34.050 -33.850 -33.510 -32.790 -32.400 -32.510 -33.540 -33.360 -33.570 -32.930 -32.420 -32.020 -32.140 -31.450 -31.220 -31.600 -31.320 -31.090 -30.820 -30.790 -30.750 -30.760 -30.580 -30.450 -30.070 -29.980 -29.880 -29.760 -29.410 -29.280 -29.070 -28.670 -28.960 -28.490 -27.910 -27.530 -27.400 -27.520 -27.150 -27.110 -27.200 -26.760 -26.690 -26.210 -26.140 -25.920 -25.420 -25.740 -25.480 -25.310 -24.940 -24.600 -24.500 -24.210 -23.860 -23.640 -23.710 -23.170 -23.300 -22.910 -22.940 -22.840 -22.270 -22.330 -22.080 -21.930 -22.030 -21.660
-34.380 -34.380 -34.250 -34.170 -33.390 -33.480 -32.670 -33.940 -33.620 -33.590 -33.710 -33.550 -33.060 -32.490 -32.190 -31.540 -31.660 -31.820 -32.060 -31.250 -31.140 -31.430 -31.280 -30.850 -30.800 -30.800 -30.500 -29.920 -30.490 -29.730 -29.770 -29.240 -29.490 -28.570 -28.980 -28.710 -28.750 -27.860 -27.650 -27.570 -27.450 -27.200 -26.840 -26.910 -26.720 -26.180 -26.170 -26.230 -26.020 -25.700 -25.520 -25.280 -25.320 -24.880 -24.500 -24.610 -24.250 -24.410 -23.590 -23.340 -23.510 -23.380 -23.120 -23.020 -22.560 -22.530 -22.340 -22.530 -22.230 -21.980
-35.240 -34.810 -34.460 -34.620 -34.360 -33.990 -34.120 -34.230 -33.940 -34.410 -33.710 -33.790 -33.490 -33.140 -32.780 -33.480 -32.770 -32.630 -32.430 -32.050 -31.600 -31.710 -30.990 -31.420 -30.910 -31.030 -30.720 -30.450 -30.000 -30.170 -29.620 -29.610 -29.020 -29.230 -28.930 -28.960 -28.540 -28.300 -27.900 -27.940 -27.340 -27.110 -27.200 -27.100 -26.850 -26.870 -26.540 -26.360 -26.430 -26.000 -25.650 -25.440 -25.300 -25.060 -24.680 -24.990 -24.860 -24.850 -24.900 -23.940 -23.420 -23.590 -23.390 -23.320 -23.350 -22.730 -23.000 -22.350 -22.310 -22.370
-35.150 -35.090 -34.900 -34.440 -34.550 -34.360 -34.840 -34.650 -34.360 -34.350 -33.860 -33.980 -33.480 -33.940 -33.450 -33.010 -33.070 -33.010 -33.000 -32.590 -31.730 -31.980 -31.160 -31.260 -31.350 -31.030 -30.560 -30.580 -30.250 -30.570 -29.950 -29.530 -29.460 -29.470 -29.290 -29.040 -28.570 -28.660 -28.550 -28.030 -27.620 -27.290 -27.230 -27.170 -27.120 -26.850 -26.610 -26.520 -26.210 -26.180 -25.920 -25.110 -25.580 -25.060 -24.640 -25.060 -25.230 -24.700 -25.040 -24.760 -23.960 -23.970 -23.830 -23.860 -23.580 -23.180 -22.840 -22.950 -22.950 -22.480
-35.750 -36.060 -35.370 -35.210 -34.790 -34.940 -35.080 -34.900 -34.740 -34.620 -34.360 -33.960 -34.410 -33.990 -33.720 -33.390 -33.300 -33.150 -33.140 -32.910 -32.510 -32.170 -31.960 -31.720 -31.530 -31.170 -31.230 -30.970 -30.490 -29.880 -30.140 -29.810 -29.970 -29.330 -29.090 -29.120 -28.690 -28.720 -28.310 -28.410 -27.900 -27.750 -27.390 -26.880 -27.150 -26.960 -27.310 -26.600 -26.340 -26.170 -26.070 -25.940 -25.670 -25.370 -25.410 -25.200 -25.430 -24.990 -24.660 -24.350 -24.500 -24.230 -24.270 -23.920 -23.640 -23.760 -23.470 -23.000 -23.190 -22.950
-36.390 -36.010 -35.700 -35.540 -35.460 -35.090 -35.390 -34.910 -34.770 -34.890 -34.870 -34.730 -34.410 -34.210 -34.290 -33.990 -33.830 -33.740 -33.310 -33.110 -32.810 -32.320 -32.410 -31.820 -31.660 -31.830 -31.610 -31.160 -30.960 -30.620 -30.270 -30.950 -30.070 -29.380 -29.510 -29.210 -29.140 -29.070 -28.810 -28.770 -28.580 -27.960 -27.670 -27.530 -27.510 -27.490 -27.300 -26.920 -26.360 -26.390 -26.300 -26.000 -25.960 -25.780 -25.750 -25.210 -25.480 -25.120 -24.910 -25.060 -24.690 -24.390 -24.550 -24.620 -24.000 -23.980 -23.690 -23.350 -23.400 -23.020
-37.130 -36.520 -36.300 -36.010 -35.460 -35.600 -35.970 -35.090 -35.410 -34.820 -34.860 -34.530 -34.960 -35.010 -34.580 -34.250 -34.580 -33.720 -33.790 -33.340 -33.020 -32.410 -32.350 -32.250 -32.440 -32.080 -31.820 -31.790 -31.490 -31.240 -31.010 -30.880 -30.250 -30.160 -29.760 -29.390 -29.500 -29.010 -29.170 -29.190 -28.520 -28.140 -27.810 -28.170 -28.140 -27.850 -27.960 -27.220 -26.790 -26.680 -26.160 -26.390 -26.130 -25.990 -25.510 -25.550 -25.870 -25.440 -25.080 -25.170 -24.910 -24.720 -24.630 -24.590 -24.330 -24.050 -24.060 -24.120 -23.400 -23.400
-36.670 -36.590 -36.560 -36.270 -36.120 -35.980 -35.660 -35.200 -35.360 -35.040 -34.700 -35.480 -35.370 -35.040 -34.950 -35.070 -34.420 -34.180 -34.300 -33.990 -34.340 -33.270 -32.790 -32.790 -32.440 -32.310 -32.230 -31.800 -31.530 -31.600 -31.270 -31.030 -30.490 -30.130 -29.990 -29.810 -29.590 -29.260 -29.010 -29.010 -28.800 -28.690 -28.300 -28.030 -27.400 -27.340 -27.220 -27.290 -26.540 -26.780 -26.730 -26.400 -26.360 -26.190 -25.760 -25.540 -25.760 -25.690 -25.610 -25.480 -25.400 -25.230 -24.930 -25.060 -24.800 -24.420 -24.830 -23.970 -23.740 -23.630
-37.280 -36.710 -36.550 -36.880 -36.100 -36.360 -36.040 -35.850 -35.960 -35.780 -35.730 -35.400 -35.600 -35.360 -34.890 -35.250 -35.240 -34.890 -34.910 -34.310 -34.670 -33.960 -33.630 -33.090 -32.750 -32.650 -32.630 -31.970 -31.920 -31.800 -31.660 -31.470 -31.070 -30.920 -30.430 -29.940 -29.780 -30.190 -29.370 -29.350 -29.200 -28.730 -28.890 -28.310 -27.970 -27.550 -27.630 -27.290 -27.260 -27.150 -26.970 -26.550 -26.380 -26.170 -25.800 -25.700 -25.520 -25.790 -25.670 -25.690 -25.440 -25.230 -25.230 -24.970 -24.970 -24.600 -24.970 -24.040 -23.620 -23.520
-37.010 -36.860 -36.590 -36.720 -36.470 -36.330 -36.280 -35.940 -36.000 -36.400 -35.930 -36.060 -35.970 -35.500 -35.750 -35.340 -35.480 -34.850 -34.980 -34.690 -34.450 -34.540 -33.880 -33.280 -33.160 -33.080 -32.900 -32.090 -32.110 -32.130 -31.590 -31.300 -31.450 -30.910 -30.210 -30.000 -29.850 -30.060 -29.960 -29.260 -29.520 -29.160 -28.740 -28.250 -28.200 -28.180 -27.580 -27.720 -27.460 -27.160 -27.050 -26.800 -26.670 -26.350 -26.120 -25.880 -25.590 -25.830 -25.850 -25.570 -25.210 -25.230 -24.840 -24.800 -24.980 -24.690 -24.550 -24.240 -23.730 -23.640
-37.480 -37.220 -37.080 -36.960 -37.530 -36.900 -36.480 -36.160 -36.270 -36.000 -36.270 -36.220 -36.090 -35.720 -35.930 -35.750 -35.760 -35.140 -35.110 -35.200 -34.720 -34.630 -34.690 -33.970 -33.890 -33.350 -33.320 -33.050 -32.630 -32.140 -31.840 -31.670 -31.560 -31.050 -30.670 -30.970 -30.490 -30.400 -30.240 -30.020 -29.410 -29.120 -28.800 -28.630 -28.690 -28.030 -28.090 -27.300 -27.660 -27.550 -27.070 -26.920 -26.880 -26.340 -26.140 -25.830 -25.850 -25.430 -25.770 -25.580 -25.410 -25.250 -24.920 -24.980 -24.830 -24.610 -24.430 -23.970 -23.890 -23.550
-37.560 -37.560 -37.440 -37.210 -37.320 -36.970 -36.890 -36.340 -36.650 -36.320 -36.350 -36.070 -36.550 -36.390 -36.520 -36.190 -35.880 -35.920 -35.730 -35.060 -35.320 -35.140 -34.520 -34.350 -34.320 -34.370 -33.800 -32.980 -32.560 -32.670 -32.150 -32.140 -31.560 -31.400 -30.970 -30.890 -30.760 -30.370 -29.940 -29.970 -29.440 -29.210 -29.130 -28.860 -28.490 -28.360 -28.420 -28.180 -27.730 -27.400 -27.340 -27.040 -26.790 -26.730 -26.430 -26.300 -25.690 -25.680 -25.320 -25.100 -25.160 -25.530 -24.890 -24.590 -24.730 -24.650 -24.120 -24.140 -23.650 -23.760
-37.820 -37.480 -37.600 -37.400 -37.390 -37.440 -37.320 -36.860 -36.640 -36.870 -36.630 -36.490 -36.490 -36.090 -36.670 -36.010 -35.620 -36.050 -35.300 -35.380 -35.310 -35.410 -34.640 -34.850 -34.310 -34.190 -33.930 -33.410 -32.990 -32.820 -32.490 -31.930 -31.630 -31.550 -31.540 -31.000 -30.380 -29.990 -29.960 -29.970 -29.570 -29.450 -29.410 -28.930 -28.480 -28.940 -28.100 -28.140 -28.170 -27.470 -27.330 -27.040 -26.930 -26.670 -26.650 -26.610 -25.870 -25.770 -25.560 -25.220 -25.050 -25.260 -25.210 -24.770 -24.550 -24.810 -24.060 -24.000 -23.810 -23.520
-37.940 -37.650 -37.570 -37.590 -37.370 -37.200 -37.460 -36.900 -37.340 -36.510 -36.450 -37.210 -36.450 -36.670 -36.390 -36.390 -36.340 -35.950 -35.770 -35.630 -35.650 -35.350 -34.930 -35.060 -34.210 -34.260 -33.870 -34.270 -33.800 -33.460 -32.840 -32.620 -32.030 -32.130 -31.300 -31.140 -30.590 -30.210 -30.190 -29.920 -29.900 -29.800 -29.530 -28.940 -29.220 -28.550 -28.490 -28.600 -28.380 -27.930 -27.610 -27.450 -27.470 -27.140 -26.810 -26.620 -25.620 -25.700 -25.840 -25.430 -25.130 -24.860 -25.210 -24.470 -24.550 -24.990 -24.310 -24.120 -23.850 -24.000
-38.250 -38.150 -37.910 -37.620 -37.730 -37.950 -37.630 -37.130 -36.820 -37.380 -36.850 -37.010 -36.810 -36.310 -36.860 -36.660 -36.310 -36.110 -36.000 -36.240 -35.500 -35.510 -35.260 -34.730 -34.960 -34.940 -34.440 -34.070 -33.870 -33.980 -33.330 -33.020 -32.570 -31.880 -31.570 -30.910 -31.250 -30.690 -30.660 -30.090 -29.870 -29.390 -29.340 -29.330 -29.030 -29.060 -28.820 -28.510 -28.530 -27.970 -27.960 -27.660 -27.410 -27.140 -26.720 -26.410 -26.100 -25.940 -25.720 -25.490 -25.330 -24.990 -25.160 -24.840 -25.510 -24.890 -24.670 -24.140 -23.960 -23.740
-38.380 -38.210 -37.860 -37.840 -37.610 -37.720 -37.570 -37.220 -37.530 -36.730 -37.160 -37.230 -36.800 -37.170 -36.920 -36.760 -35.960 -36.650 -36.180 -36.280 -35.770 -35.630 -35.340 -35.480 -35.350 -35.040 -34.880 -34.310 -33.950 -33.870 -34.030 -33.420 -32.580 -32.450 -31.790 -31.210 -31.040 -30.760 -30.710 -30.090 -29.820 -29.840 -29.670 -29.850 -29.240 -29.040 -29.210 -28.360 -28.410 -28.750 -28.040 -27.760 -27.590 -27.140 -26.920 -26.890 -26.660 -26.240 -25.970 -25.710 -25.650 -25.030 -24.970 -24.700 -25.190 -24.530 -24.880 -24.470 -23.810 -23.780
-38.070 -38.170 -38.210 -38.130 -37.840 -37.690 -37.700 -37.370 -37.550 -37.500 -37.380 -37.270 -36.890 -37.320 -36.930 -36.910 -36.780 -36.650 -36.320 -35.850 -35.440 -35.390 -36.140 -35.950 -35.430 -35.180 -34.820 -35.170 -34.080 -34.020 -34.230 -33.990 -33.080 -32.530 -31.860 -31.530 -31.430 -30.940 -30.740 -30.420 -30.610 -30.180 -29.940 -29.530 -29.170 -29.490 -29.310 -29.050 -28.620 -28.870 -28.210 -27.980 -28.050 -27.360 -27.120 -27.050 -26.050 -26.180 -25.950 -25.940 -25.550 -25.670 -25.260 -25.410 -25.150 -24.260 -24.590 -24.140 -24.300 -23.800
-38.570 -38.800 -38.800 -38.350 -38.120 -38.070 -38.070 -37.990 -37.890 -37.630 -37.350 -37.460 -37.520 -37.020 -37.220 -36.880 -36.950 -36.350 -36.390 -36.940 -37.200 -36.420 -35.850 -35.720 -35.240 -35.300 -34.980 -34.710 -34.520 -34.150 -34.210 -33.990 -33.020 -33.070 -32.230 -32.010 -31.900 -31.260 -30.830 -30.880 -30.500 -30.130 -30.050 -29.890 -29.780 -29.600 -28.970 -29.110 -29.240 -28.690 -28.410 -27.920 -28.040 -27.950 -27.500 -27.150 -26.780 -26.820 -26.450 -26.020 -25.690 -25.600 -25.820 -25.990 -25.420 -24.770 -24.610 -24.560 -24.070 -24.090
-38.630 -38.650 -38.510 -38.570 -38.440 -38.070 -38.230 -38.190 -38.110 -37.880 -37.700 -37.710 -37.670 -37.710 -37.390 -36.880 -36.750 -36.660 -36.800 -36.430 -36.310 -36.300 -36.180 -35.850 -35.820 -35.750 -35.180 -35.070 -34.860 -34.690 -34.450 -34.130 -33.500 -32.810 -32.360 -31.860 -31.610 -31.290 -31.120 -30.890 -30.720 -30.150 -30.010 -29.770 -29.850 -29.860 -29.490 -29.340 -29.170 -28.710 -28.770 -28.610 -28.060 -27.580 -27.520 -27.300 -26.790 -26.840 -26.190 -26.250 -25.900 -25.780 -25.880 -25.780 -25.930 -25.150 -24.540 -24.130 -24.290 -23.560
-38.850 -38.650 -38.420 -38.460 -38.560 -38.320 -38.250 -38.250 -38.270 -38.160 -38.030 -37.870 -37.850 -37.690 -37.520 -37.010 -36.980 -36.950 -36.830 -36.560 -36.850 -36.950 -36.120 -35.700 -35.920 -35.570 -35.370 -35.210 -35.080 -34.720 -34.720 -34.430 -33.650 -33.110 -32.950 -32.270 -32.360 -32.930 -31.980 -31.320 -32.140 -30.820 -31.080 -30.370 -30.310 -29.850 -29.830 -29.620 -29.120 -29.020 -28.780 -28.470 -28.190 -27.950 -27.800 -27.710 -27.080 -26.860 -26.730 -26.360 -26.590 -26.070 -26.170 -25.820 -26.050 -24.950 -24.890 -24.570 -24.080 -24.120
-39.290 -39.170 -38.840 -38.690 -38.860 -38.600 -38.460 -38.480 -38.570 -38.110 -38.090 -38.050 -38.000 -37.770 -37.600 -37.280 -37.260 -37.390 -36.750 -36.760 -36.600 -36.580 -36.260 -36.160 -35.960 -35.640 -35.140 -35.310 -35.140 -35.140 -34.780 -34.390 -33.850 -33.080 -34.400 -33.630 -33.150 -32.310 -32.090 -31.870 -31.820 -31.720 -31.410 -30.780 -30.460 -30.100 -29.750 -29.540 -29.490 -29.200 -29.130 -28.910 -28.220 -28.450 -27.880 -27.910 -27.280 -27.080 -26.850 -26.360 -26.210 -25.640 -25.990 -25.940 -25.310 -24.750 -24.930 -24.510 -24.410 -23.870
