0925_6225/LITTO3D_FRA_0926_6223_20150529_LAMB93_RGF93_IGN69/MNT5m/LITTO3D_FRA_0926_6223_MNT5_20150529_LAMB93_RGF93_IGN69.asc
ncols 200
nrows 200
xllcenter 926000.000
yllcenter 6222005.000
cellsize 5.0000
nodata_value -99999
[rows 31 to 61 of 200, columns 0 to 69 of 200]
-39.380 -39.320 -39.270 -38.950 -39.170 -38.850 -38.360 -38.500 -38.500 -38.540 -38.150 -38.190 -38.230 -38.060 -37.740 -37.760 -37.640 -37.600 -37.660 -37.070 -36.600 -36.440 -36.480 -36.050 -35.730 -35.380 -35.910 -35.640 -35.280 -35.200 -34.810 -34.880 -34.440 -33.890 -33.810 -33.390 -32.740 -32.270 -32.380 -32.320 -32.610 -31.970 -31.640 -32.320 -31.520 -30.650 -30.110 -29.970 -30.150 -29.780 -29.310 -29.070 -28.690 -28.510 -28.090 -28.070 -27.650 -27.360 -26.960 -26.870 -26.600 -26.020 -26.290 -26.000 -25.130 -25.480 -25.090 -25.190 -24.650 -24.420
-39.470 -39.400 -39.350 -39.310 -39.450 -39.310 -38.890 -38.930 -38.990 -38.630 -38.530 -38.390 -38.410 -38.180 -38.170 -38.010 -37.920 -37.630 -37.620 -37.310 -36.750 -36.860 -36.240 -36.600 -36.130 -36.230 -36.140 -35.680 -35.730 -35.300 -35.180 -35.070 -34.910 -34.550 -33.950 -33.480 -33.130 -33.050 -32.590 -32.510 -33.270 -32.520 -32.410 -31.940 -31.560 -30.930 -31.010 -30.510 -30.680 -30.330 -29.520 -29.470 -28.830 -29.230 -28.520 -28.270 -27.880 -27.800 -27.310 -27.260 -26.920 -26.470 -26.460 -26.230 -25.780 -25.780 -25.770 -25.060 -24.840 -24.570
-99999 -99999 -39.430 -39.390 -39.340 -39.440 -39.240 -39.230 -39.060 -38.580 -38.880 -39.070 -38.300 -38.310 -38.030 -37.880 -37.510 -37.390 -37.110 -37.090 -36.990 -36.570 -36.830 -36.240 -36.350 -35.840 -36.100 -35.590 -35.680 -35.420 -35.380 -34.870 -34.830 -34.660 -34.110 -33.410 -33.940 -33.370 -33.140 -32.830 -32.850 -32.650 -32.430 -32.180 -31.850 -31.240 -31.110 -31.150 -30.630 -30.560 -29.880 -29.570 -29.370 -28.840 -28.390 -28.190 -27.790 -27.920 -27.690 -27.470 -27.010 -26.980 -26.560 -26.240 -26.810 -26.370 -26.220 -24.700 -24.880 -24.530
-99999 -99999 -99999 -39.470 -39.420 -39.510 -39.400 -39.370 -39.020 -38.590 -38.620 -38.740 -38.560 -38.430 -38.330 -38.060 -38.060 -37.510 -37.320 -37.810 -37.160 -36.940 -36.440 -36.460 -36.460 -36.550 -36.310 -36.050 -35.570 -35.740 -35.070 -35.140 -35.070 -34.770 -34.290 -34.540 -33.700 -33.340 -32.970 -33.560 -32.750 -32.680 -32.530 -32.480 -31.720 -31.340 -31.340 -31.430 -30.470 -30.580 -30.320 -29.620 -29.450 -29.160 -28.720 -28.680 -28.540 -28.230 -28.170 -27.870 -27.590 -27.010 -26.990 -26.610 -26.240 -26.120 -25.750 -25.080 -25.250 -24.560
-99999 -99999 -99999 -99999 -99999 -39.460 -39.300 -39.100 -38.980 -38.870 -38.940 -38.770 -38.690 -38.740 -38.490 -38.360 -37.940 -37.830 -37.830 -37.800 -37.450 -37.090 -36.810 -36.360 -36.670 -36.230 -36.630 -36.090 -36.170 -35.180 -35.720 -35.340 -35.440 -34.930 -35.140 -34.780 -33.750 -33.840 -33.740 -34.040 -33.140 -32.800 -32.720 -32.240 -31.990 -32.100 -31.940 -31.360 -31.070 -31.400 -30.380 -30.200 -30.120 -29.590 -29.270 -29.200 -29.160 -28.660 -28.630 -28.750 -28.020 -27.630 -27.560 -26.940 -26.470 -26.490 -26.250 -25.680 -25.270 -24.480
-99999 -99999 -99999 -99999 -99999 -99999 -39.520 -39.200 -39.080 -39.070 -39.050 -38.830 -38.880 -38.680 -38.570 -38.450 -38.530 -38.260 -37.680 -37.350 -37.280 -37.330 -36.970 -36.950 -36.910 -36.470 -36.330 -36.250 -35.990 -35.920 -35.750 -35.590 -35.200 -35.420 -35.000 -34.740 -34.120 -34.300 -33.710 -33.680 -33.250 -32.850 -32.570 -32.410 -32.960 -32.500 -31.810 -31.410 -31.340 -31.430 -31.090 -30.560 -30.360 -29.880 -30.680 -31.160 -30.110 -29.480 -29.250 -28.920 -28.500 -28.050 -27.970 -27.420 -27.020 -26.610 -26.360 -26.150 -25.570 -25.220
-99999 -99999 -99999 -99999 -99999 -99999 -99999 -99999 -39.360 -39.060 -38.930 -39.040 -38.950 -38.680 -38.910 -38.600 -38.450 -38.040 -37.510 -36.570 -37.630 -37.090 -37.200 -36.870 -36.630 -36.710 -37.150 -36.250 -36.620 -36.450 -35.820 -35.850 -35.830 -35.280 -35.100 -34.680 -34.690 -34.530 -34.180 -34.460 -33.440 -32.890 -33.470 -32.940 -32.890 -32.670 -32.620 -31.960 -31.900 -31.890 -31.700 -31.600 -31.230 -30.720 -31.130 -30.800 -30.050 -29.750 -29.630 -29.320 -28.840 -28.660 -28.120 -27.840 -27.510 -27.360 -26.670 -26.450 -25.870 -25.330
-99999 -99999 -99999 -99999 -99999 -99999 -99999 -99999 -99999 -39.750 -39.040 -39.180 -38.980 -39.280 -38.740 -38.660 -38.230 -37.810 -37.340 -37.100 -37.350 -37.150 -37.310 -37.090 -37.060 -37.300 -36.480 -36.400 -36.330 -36.200 -36.170 -36.240 -35.970 -35.780 -35.610 -35.010 -34.470 -34.380 -34.330 -33.870 -33.770 -34.220 -33.770 -33.180 -33.660 -33.290 -32.700 -32.850 -32.370 -32.000 -31.580 -31.340 -31.200 -30.710 -31.050 -30.550 -30.320 -29.900 -29.680 -29.960 -29.410 -29.020 -29.090 -28.160 -28.390 -27.790 -27.030 -26.670 -26.130 -25.610
-99999 -99999 -99999 -99999 -99999 -99999 -99999 -99999 -99999 -99999 -99999 -39.410 -39.170 -39.060 -38.600 -38.480 -38.050 -37.790 -37.610 -37.540 -37.380 -37.510 -37.450 -37.370 -37.000 -36.780 -37.230 -36.590 -36.310 -36.480 -36.070 -36.320 -36.630 -35.940 -36.070 -35.000 -35.380 -35.350 -34.890 -33.950 -34.230 -34.380 -34.280 -33.630 -33.530 -33.160 -33.220 -32.890 -33.080 -32.340 -31.790 -31.650 -31.420 -31.260 -31.460 -30.860 -30.420 -30.660 -30.270 -30.450 -29.640 -29.180 -28.870 -28.680 -28.380 -27.560 -27.470 -26.910 -26.470 -25.670
-99999 -99999 -99999 -99999 -99999 -99999 -99999 -99999 -99999 -99999 -99999 -99999 -39.600 -39.590 -38.990 -38.590 -38.610 -38.540 -38.440 -38.030 -37.570 -37.580 -37.120 -37.170 -37.850 -36.940 -37.190 -36.500 -36.500 -36.540 -36.820 -35.850 -36.070 -36.010 -35.480 -35.370 -35.430 -35.010 -34.980 -34.590 -34.820 -34.720 -34.600 -33.950 -33.960 -34.020 -33.290 -33.310 -32.880 -32.200 -32.370 -31.870 -31.690 -32.320 -31.500 -30.990 -30.590 -30.520 -30.350 -30.260 -30.090 -29.770 -29.560 -29.370 -28.640 -28.140 -27.830 -27.260 -26.630 -26.390
-99999 -99999 -99999 -99999 -99999 -99999 -99999 -99999 -99999 -99999 -99999 -99999 -99999 -39.430 -39.000 -38.740 -38.570 -38.600 -38.500 -38.680 -37.860 -37.890 -37.410 -37.320 -37.460 -36.710 -36.770 -37.130 -36.740 -36.800 -36.600 -36.670 -36.150 -35.740 -35.750 -35.710 -35.230 -35.030 -35.180 -34.910 -34.500 -34.740 -34.670 -34.260 -33.720 -34.310 -33.520 -33.600 -33.110 -33.160 -32.700 -32.240 -32.490 -32.440 -31.770 -31.560 -31.660 -31.920 -31.180 -30.680 -30.440 -30.030 -30.330 -29.700 -29.540 -28.550 -27.890 -27.540 -26.860 -26.410
-99999 -99999 -99999 -99999 -99999 -99999 -99999 -99999 -99999 -99999 -99999 -99999 -99999 -99999 -39.200 -38.990 -38.740 -38.550 -38.310 -38.280 -38.240 -37.810 -37.530 -37.730 -37.420 -37.790 -37.090 -37.010 -37.140 -36.610 -36.690 -36.470 -36.500 -36.130 -36.080 -36.020 -36.010 -35.720 -35.880 -35.420 -35.080 -35.120 -34.620 -34.200 -34.550 -34.220 -34.360 -34.270 -34.260 -33.230 -33.070 -33.690 -33.250 -32.810 -32.310 -32.590 -32.560 -32.470 -31.670 -31.420 -30.870 -30.540 -30.330 -30.110 -29.320 -28.990 -28.130 -27.720 -27.280 -26.570
-99999 -99999 -99999 -99999 -99999 -99999 -99999 -99999 -99999 -99999 -99999 -99999 -99999 -99999 -99999 -39.080 -38.870 -38.660 -38.320 -38.270 -37.900 -37.360 -37.940 -37.980 -37.760 -37.250 -37.120 -37.030 -37.110 -37.220 -36.790 -36.710 -36.710 -36.380 -36.200 -36.120 -36.190 -36.000 -35.810 -35.540 -35.730 -35.090 -35.040 -35.240 -34.560 -34.400 -34.400 -34.040 -33.870 -34.220 -34.380 -33.800 -33.800 -33.330 -32.890 -33.060 -33.250 -32.730 -32.380 -32.010 -31.500 -30.960 -30.590 -30.100 -29.810 -29.200 -29.040 -28.110 -27.590 -26.870
-99999 -99999 -99999 -99999 -99999 -99999 -99999 -99999 -99999 -99999 -99999 -99999 -99999 -99999 -99999 -99999 -38.960 -38.750 -38.250 -38.270 -38.360 -37.830 -37.840 -37.790 -37.880 -37.640 -37.210 -37.110 -37.120 -36.870 -37.010 -37.130 -36.800 -36.530 -35.890 -35.990 -36.220 -36.080 -35.910 -35.730 -35.640 -35.730 -35.430 -35.300 -35.010 -34.870 -34.550 -34.530 -34.390 -34.720 -34.080 -34.220 -33.540 -33.590 -32.830 -33.190 -33.280 -32.880 -32.410 -31.800 -31.320 -31.210 -30.980 -30.710 -30.430 -29.900 -29.360 -28.790 -28.150 -27.590
-99999 -99999 -99999 -99999 -99999 -99999 -99999 -99999 -99999 -99999 -99999 -99999 -99999 -99999 -99999 -99999 -99999 -38.810 -38.520 -38.580 -38.680 -38.710 -38.000 -37.600 -37.900 -38.020 -37.460 -37.550 -37.110 -37.430 -36.960 -36.950 -37.090 -36.940 -36.950 -36.470 -36.720 -36.370 -36.110 -36.380 -36.530 -36.060 -35.520 -35.300 -34.840 -34.850 -35.140 -34.890 -34.960 -34.630 -34.690 -34.310 -33.940 -33.900 -33.560 -33.730 -33.080 -32.920 -32.260 -32.120 -31.750 -31.470 -31.450 -31.370 -30.940 -30.390 -29.510 -29.270 -28.730 -28.020
-99999 -99999 -99999 -99999 -99999 -99999 -99999 -99999 -99999 -99999 -99999 -99999 -99999 -99999 -99999 -99999 -99999 -99999 -99999 -38.540 -38.370 -38.400 -38.430 -37.990 -38.010 -37.790 -37.750 -37.660 -37.830 -37.810 -37.280 -37.000 -37.050 -36.840 -36.910 -36.760 -37.060 -36.920 -36.600 -36.680 -36.440 -36.210 -36.280 -35.810 -35.370 -35.590 -35.490 -35.220 -35.000 -35.120 -34.780 -34.910 -34.780 -34.330 -34.120 -33.660 -33.320 -33.190 -32.970 -32.400 -32.070 -31.760 -31.890 -31.930 -31.220 -30.530 -29.800 -29.520 -29.080 -28.380
-99999 -99999 -99999 -99999 -99999 -99999 -99999 -99999 -99999 -99999 -99999 -99999 -99999 -99999 -99999 -99999 -99999 -99999 -99999 -99999 -38.520 -38.170 -37.910 -37.800 -38.090 -38.160 -37.580 -37.720 -37.390 -37.490 -37.430 -37.540 -37.580 -37.130 -37.220 -37.370 -36.990 -36.990 -36.570 -36.510 -36.380 -36.810 -36.500 -36.250 -36.080 -36.060 -36.180 -35.790 -35.010 -35.180 -35.320 -35.150 -35.000 -34.680 -34.750 -34.100 -33.600 -33.990 -33.410 -33.120 -32.390 -32.250 -31.800 -31.380 -31.380 -30.860 -30.370 -29.830 -29.070 -28.710
-99999 -99999 -99999 -99999 -99999 -99999 -99999 -99999 -99999 -99999 -99999 -99999 -99999 -99999 -99999 -99999 -99999 -99999 -99999 -99999 -99999 -99999 -38.210 -38.080 -37.930 -37.930 -37.650 -37.770 -37.150 -37.550 -37.960 -37.570 -37.370 -37.280 -37.700 -37.680 -37.420 -37.310 -37.160 -36.760 -37.120 -36.560 -36.620 -36.510 -36.390 -36.270 -35.800 -35.710 -35.650 -35.410 -35.410 -35.530 -35.120 -34.800 -34.750 -34.440 -34.490 -33.950 -33.890 -33.770 -33.080 -32.720 -32.440 -32.030 -31.470 -31.310 -30.690 -30.150 -29.680 -28.370
-99999 -99999 -99999 -99999 -99999 -99999 -99999 -99999 -99999 -99999 -99999 -99999 -99999 -99999 -99999 -99999 -99999 -99999 -99999 -99999 -99999 -99999 -99999 -99999 -38.060 -37.830 -37.720 -37.850 -37.630 -37.910 -38.170 -37.640 -37.710 -37.260 -37.620 -37.500 -37.560 -37.720 -37.240 -37.160 -37.140 -37.050 -37.010 -36.760 -36.650 -36.640 -36.210 -36.190 -36.100 -35.710 -35.750 -35.710 -35.490 -35.240 -35.040 -34.820 -34.630 -34.380 -34.080 -33.860 -33.590 -33.440 -32.980 -32.310 -31.990 -31.740 -30.990 -30.400 -29.790 -28.820
-99999 -99999 -99999 -99999 -99999 -99999 -99999 -99999 -99999 -99999 -99999 -99999 -99999 -99999 -99999 -99999 -99999 -99999 -99999 -99999 -99999 -99999 -99999 -99999 -38.040 -38.140 -37.840 -37.520 -37.560 -37.790 -37.190 -37.540 -37.550 -37.570 -37.970 -37.730 -37.630 -37.820 -37.480 -37.540 -37.240 -37.090 -37.070 -36.870 -36.800 -36.670 -36.650 -36.450 -36.290 -36.160 -36.160 -36.040 -35.770 -35.500 -35.250 -35.040 -34.820 -34.600 -34.600 -34.320 -34.000 -33.680 -33.290 -32.790 -32.420 -31.820 -31.770 -30.610 -30.330 -29.590
-99999 -99999 -99999 -99999 -99999 -99999 -99999 -99999 -99999 -99999 -99999 -99999 -99999 -99999 -99999 -99999 -99999 -99999 -99999 -99999 -99999 -99999 -99999 -99999 -37.990 -37.830 -37.780 -37.910 -37.530 -37.840 -38.100 -37.680 -37.230 -37.420 -37.760 -37.860 -37.620 -37.760 -37.480 -37.310 -37.720 -37.410 -37.460 -37.170 -36.990 -36.550 -36.660 -36.720 -36.570 -36.500 -36.560 -36.320 -36.050 -35.770 -35.500 -35.260 -35.040 -34.800 -34.540 -34.420 -34.110 -33.870 -33.610 -33.360 -32.860 -31.970 -31.520 -30.940 -30.630 -29.480
-99999 -99999 -99999 -99999 -99999 -99999 -99999 -99999 -99999 -99999 -99999 -99999 -99999 -99999 -99999 -99999 -99999 -99999 -99999 -99999 -99999 -99999 -99999 -99999 -99999 -37.780 -37.620 -37.510 -37.840 -37.910 -38.140 -37.500 -37.630 -37.700 -37.800 -38.020 -37.970 -37.590 -38.490 -37.970 -37.750 -37.750 -37.480 -37.430 -37.370 -37.500 -37.580 -37.210 -36.900 -36.980 -36.870 -36.600 -36.320 -36.050 -35.780 -35.510 -35.260 -35.000 -34.740 -34.470 -34.230 -34.010 -33.780 -33.640 -33.480 -32.830 -31.990 -31.060 -30.680 -29.930
-99999 -99999 -99999 -99999 -99999 -99999 -99999 -99999 -99999 -99999 -99999 -99999 -99999 -99999 -99999 -99999 -99999 -99999 -99999 -99999 -99999 -99999 -99999 -99999 -99999 -37.730 -37.570 -37.570 -37.820 -38.050 -37.940 -37.900 -37.870 -37.830 -37.890 -38.220 -38.300 -38.450 -38.060 -38.040 -37.930 -37.860 -37.590 -37.530 -37.780 -37.280 -37.380 -37.380 -37.310 -37.410 -37.140 -36.870 -36.600 -36.310 -35.960 -99999 -99999 -35.320 -35.070 -34.810 -34.550 -34.720 -34.000 -34.080 -33.330 -33.260 -32.220 -31.710 -31.240 -29.940
-99999 -99999 -99999 -99999 -99999 -99999 -99999 -99999 -99999 -99999 -99999 -99999 -99999 -99999 -99999 -99999 -99999 -99999 -99999 -99999 -99999 -99999 -99999 -99999 -99999 -37.680 -37.520 -37.630 -37.880 -38.130 -38.270 -38.340 -38.300 -38.240 -38.190 -38.470 -38.740 -38.490 -38.250 -38.480 -38.470 -38.320 -37.960 -37.690 -37.770 -37.480 -37.770 -37.110 -37.700 -37.670 -37.310 -36.960 -36.600 -99999 -99999 -99999 -99999 -99999 -35.430 -35.170 -34.910 -34.940 -34.780 -34.340 -33.810 -33.280 -32.710 -32.490 -31.830 -31.170
-99999 -99999 -99999 -99999 -99999 -99999 -99999 -99999 -99999 -99999 -99999 -99999 -99999 -99999 -99999 -99999 -99999 -99999 -99999 -99999 -99999 -99999 -99999 -99999 -99999 -37.630 -37.470 -37.700 -37.940 -38.230 -38.290 -38.360 -38.430 -38.500 -38.570 -38.700 -38.560 -38.570 -38.480 -38.520 -38.470 -38.400 -38.370 -38.200 -37.900 -37.860 -37.800 -37.820 -37.200 -37.600 -37.250 -36.930 -99999 -99999 -99999 -99999 -99999 -99999 -99999 -35.530 -35.270 -35.160 -35.140 -34.630 -34.040 -33.960 -33.390 -32.830 -32.600 -31.570
-99999 -99999 -99999 -99999 -99999 -99999 -99999 -99999 -99999 -99999 -99999 -99999 -99999 -99999 -99999 -99999 -99999 -99999 -99999 -99999 -99999 -99999 -99999 -99999 -99999 -37.580 -37.520 -37.770 -38.180 -38.250 -38.320 -38.390 -38.470 -38.610 -38.750 -38.890 -38.870 -38.720 -38.840 -38.540 -38.450 -38.370 -38.370 -38.600 -38.460 -38.300 -38.240 -38.170 -37.830 -37.580 -99999 -99999 -99999 -99999 -99999 -99999 -99999 -99999 -99999 -99999 -35.640 -35.380 -35.410 -34.690 -34.970 -34.210 -33.320 -33.100 -32.410 -32.180
-99999 -99999 -99999 -99999 -99999 -99999 -99999 -99999 -99999 -99999 -99999 -99999 -99999 -99999 -99999 -99999 -99999 -99999 -99999 -99999 -99999 -99999 -99999 -99999 -99999 -99999 -37.600 -38.130 -38.200 -38.270 -38.410 -38.550 -38.690 -38.830 -38.970 -39.110 -39.120 -39.230 -38.900 -38.830 -39.020 -38.830 -38.910 -38.920 -38.700 -38.490 -38.780 -37.950 -37.840 -99999 -99999 -99999 -99999 -99999 -99999 -99999 -99999 -99999 -99999 -99999 -36.000 -35.740 -35.680 -34.810 -34.630 -34.200 -33.840 -33.210 -32.190 -31.750
-99999 -99999 -99999 -99999 -99999 -99999 -99999 -99999 -99999 -99999 -99999 -99999 -99999 -99999 -99999 -99999 -99999 -99999 -99999 -99999 -99999 -99999 -99999 -99999 -99999 -99999 -38.080 -38.200 -38.340 -38.480 -38.620 -38.760 -38.900 -99999 -99999 -99999 -99999 -39.350 -39.270 -39.190 -39.110 -39.170 -39.270 -39.120 -38.900 -38.700 -38.640 -38.760 -38.150 -99999 -99999 -99999 -99999 -99999 -99999 -99999 -99999 -99999 -99999 -99999 -99999 -36.100 -35.950 -34.970 -34.480 -34.020 -33.870 -33.250 -32.430 -31.790
-99999 -99999 -99999 -99999 -99999 -99999 -99999 -99999 -99999 -99999 -99999 -99999 -99999 -99999 -99999 -99999 -99999 -99999 -99999 -99999 -99999 -99999 -99999 -99999 -99999 -38.390 -99999 -99999 -99999 -99999 -99999 -99999 -99999 -99999 -99999 -99999 -99999 -99999 -99999 -99999 -39.390 -39.310 -39.360 -39.360 -39.120 -38.920 -38.850 -39.270 -99999 -99999 -99999 -99999 -99999 -99999 -99999 -99999 -99999 -99999 -99999 -99999 -99999 -99999 -36.220 -35.590 -34.870 -34.670 -33.970 -32.980 -32.520 -31.760
-99999 -99999 -99999 -99999 -99999 -99999 -99999 -99999 -99999 -99999 -99999 -99999 -99999 -99999 -99999 -99999 -99999 -99999 -99999 -99999 -99999 -99999 -99999 -99999 -99999 -38.470 -99999 -99999 -99999 -99999 -99999 -99999 -99999 -99999 -99999 -99999 -99999 -99999 -99999 -99999 -99999 -99999 -99999 -39.230 -38.860 -39.070 -39.270 -39.340 -99999 -99999 -99999 -99999 -99999 -99999 -99999 -99999 -99999 -99999 -99999 -99999 -99999 -36.510 -36.470 -36.100 -35.510 -34.660 -34.190 -33.330 -32.500 -31.330
-99999 -99999 -99999 -99999 -99999 -99999 -99999 -99999 -99999 -99999 -99999 -99999 -99999 -99999 -99999 -99999 -99999 -99999 -99999 -99999 -99999 -99999 -99999 -99999 -38.610 -99999 -99999 -99999 -99999 -99999 -99999 -99999 -99999 -99999 -99999 -99999 -99999 -99999 -99999 -99999 -99999 -99999 -99999 -99999 -99999 -99999 -99999 -99999 -99999 -99999 -99999 -99999 -99999 -99999 -99999 -99999 -99999 -99999 -99999 -99999 -36.840 -37.030 -36.700 -36.180 -35.550 -34.940 -34.350 -33.910 -32.540 -30.900
