0925_6225/LITTO3D_FRA_0929_6224_20150529_LAMB93_RGF93_IGN69/MNT5m/LITTO3D_FRA_0929_6224_MNT5_20150128_LAMB93_RGF93_IGN69.asc
ncols 200
nrows 200
xllcenter 929000.000
yllcenter 6223005.000
cellsize 5.0000
nodata_value -99999
[rows 64 to 95 of 200, columns 71 to 141 of 200]
25.240 25.510 25.630 26.330 26.350 26.320 26.790 26.860 27.270 27.610 27.640 27.510 28.000 28.020 28.000 28.260 28.280 28.380 28.630 28.750 29.140 29.180 29.150 29.800 29.960 30.250 30.200 30.540 30.350 30.530 30.430 30.400 30.550 30.790 31.350 31.180 31.510 31.720 31.870 32.020 32.330 33.090 32.920 32.680 32.570 32.460 33.340 32.890 32.230 33.590 35.520 35.330 35.040 34.790 33.970 34.490 34.810 35.030 35.250 35.260 35.550 36.470 36.840 36.870 36.990 37.060 36.920 38.030 37.540 39.020 39.170
25.120 25.430 25.540 25.700 26.030 26.540 26.690 26.810 27.380 27.530 27.670 27.650 27.780 27.840 28.070 28.350 28.550 28.420 28.640 28.900 29.120 29.230 29.240 29.960 30.220 30.240 30.280 30.510 30.470 30.770 30.890 31.200 31.140 30.850 31.030 31.290 31.600 31.870 31.860 32.350 32.410 32.840 33.140 33.290 33.220 33.620 34.330 33.920 33.210 34.140 35.430 35.480 35.220 34.910 34.710 34.890 35.300 35.470 35.360 35.010 35.250 36.690 36.910 36.800 36.890 37.070 37.420 39.060 39.340 39.210 39.370
25.280 25.350 25.510 25.700 26.120 26.440 26.540 26.760 27.100 27.740 27.800 27.930 27.800 28.020 28.100 28.360 28.410 28.790 28.720 28.970 29.150 29.340 29.820 30.110 30.190 30.480 30.020 30.540 30.680 31.110 31.330 31.550 31.420 31.320 31.480 31.400 31.560 31.760 31.970 32.220 32.460 32.850 33.030 33.190 33.510 33.970 34.330 34.190 34.050 35.060 35.520 35.580 35.310 35.180 34.970 35.000 35.590 35.930 36.440 36.030 35.690 36.710 36.710 36.930 36.910 37.610 38.110 39.390 39.450 39.320 39.480
25.180 25.460 25.590 25.800 26.060 26.370 26.470 26.640 27.290 27.710 27.830 27.760 27.750 28.190 28.390 28.140 28.560 28.750 28.950 29.050 29.140 29.490 29.620 29.950 30.180 30.250 30.340 30.560 31.110 31.330 31.470 31.420 31.850 31.750 31.750 32.050 32.140 32.190 32.010 32.260 32.460 32.660 33.090 33.290 33.990 33.910 33.840 34.070 34.240 35.460 35.500 35.510 35.160 35.090 35.100 35.520 35.510 36.090 36.500 36.680 36.720 36.800 36.930 37.340 37.460 37.760 38.470 39.390 39.280 39.460 39.420
25.210 25.380 25.610 25.830 26.180 26.280 26.490 26.730 26.900 27.460 27.620 27.490 27.830 28.170 28.260 28.350 28.440 28.600 29.060 29.170 29.470 29.340 29.840 29.910 30.140 30.420 30.680 31.030 31.200 31.430 31.580 31.520 32.210 32.190 32.060 32.330 32.310 32.610 32.710 32.740 32.580 32.740 32.970 33.190 33.570 33.730 34.100 34.150 35.240 35.500 35.350 35.550 35.550 35.160 35.880 36.000 35.930 36.120 36.830 37.440 37.780 37.010 37.000 37.340 37.920 38.480 38.700 39.480 39.410 39.410 39.620
25.350 25.420 25.640 25.750 26.040 26.200 27.150 27.410 27.050 27.130 27.340 27.650 27.740 28.120 28.300 28.480 28.580 28.540 29.230 29.260 29.010 29.140 29.620 29.960 30.130 30.390 30.600 30.870 31.280 31.520 31.550 31.590 31.940 32.270 32.310 32.360 32.640 33.260 33.020 33.100 33.080 33.520 33.480 33.240 33.490 33.710 34.010 34.300 35.210 35.450 35.320 35.500 35.530 35.350 37.400 37.000 36.130 37.030 38.070 38.920 39.250 39.410 38.110 37.560 38.240 38.690 39.180 39.810 39.830 39.920 40.150
25.470 25.430 25.580 25.970 25.970 26.370 27.150 27.280 27.380 27.410 27.580 27.580 27.930 28.120 28.400 28.570 28.670 28.830 29.250 29.340 29.050 29.660 29.920 30.120 30.370 30.740 30.820 30.950 31.170 31.320 31.640 31.590 31.970 32.010 32.080 32.400 32.990 33.190 33.500 33.470 33.470 33.860 34.010 33.690 33.970 33.910 34.000 34.220 34.690 35.140 34.920 35.280 35.760 35.940 36.930 36.990 36.410 37.470 38.440 39.830 39.670 39.410 38.730 37.830 38.660 38.930 39.420 40.130 40.730 40.770 40.870
25.420 25.450 25.660 25.930 25.970 26.680 27.110 27.500 27.640 27.690 27.610 27.900 27.920 28.630 28.410 28.620 28.810 28.970 28.800 29.090 29.060 29.790 30.000 30.800 30.710 30.610 30.850 30.930 31.230 31.450 31.520 31.770 32.050 32.280 32.160 32.470 33.030 33.160 33.500 33.580 33.660 33.920 34.030 34.200 34.190 34.500 34.660 34.530 34.670 34.810 35.020 35.510 35.850 36.320 36.680 36.780 37.570 37.870 38.720 39.230 39.480 39.660 39.080 38.210 38.750 39.000 40.000 40.650 40.820 41.100 41.560
25.310 25.360 25.730 25.820 25.900 27.170 27.320 27.510 27.480 27.580 27.480 28.030 28.410 28.550 28.750 28.740 28.570 29.170 29.050 29.200 29.190 29.750 30.180 30.980 30.780 30.940 30.840 31.030 31.310 31.460 31.760 31.920 32.110 32.260 32.530 32.730 32.980 33.200 33.270 33.620 33.930 34.100 34.050 34.220 34.280 34.540 34.910 34.800 34.760 34.930 35.210 35.420 35.810 36.230 36.780 37.050 37.710 37.930 38.690 38.730 39.210 39.460 39.510 39.140 38.910 39.490 40.450 40.970 41.070 41.430 42.070
25.310 25.370 25.680 25.790 25.890 27.470 27.110 27.150 27.330 27.220 27.360 27.990 28.310 28.590 28.720 28.780 28.670 28.890 29.430 29.730 29.410 29.820 30.210 30.370 30.730 30.960 31.030 31.140 31.310 31.620 31.810 32.090 32.460 32.420 32.620 32.810 33.120 33.310 33.370 33.730 34.020 34.380 34.230 34.360 34.660 34.840 34.970 35.050 35.090 35.110 35.370 35.650 36.110 36.460 36.610 36.990 37.470 38.240 38.360 38.540 39.110 39.480 39.280 39.450 39.520 40.250 40.490 41.050 41.750 42.180 42.380
25.390 25.410 25.600 25.690 26.140 26.830 27.190 27.240 27.470 27.250 27.570 28.130 28.350 28.680 28.770 28.770 28.730 29.300 29.530 29.580 29.450 29.960 30.230 30.650 30.690 30.900 31.080 31.190 31.410 31.690 31.820 32.380 32.640 32.460 32.790 32.790 33.120 33.310 33.610 33.910 34.060 34.250 34.620 34.500 34.720 35.040 35.140 35.320 35.510 35.340 35.650 36.400 36.650 36.950 37.000 37.200 37.550 37.900 38.350 38.750 39.050 39.280 39.560 40.000 40.370 41.050 41.210 41.700 41.960 42.670 42.810
25.330 25.480 25.650 25.560 26.310 27.010 26.920 28.150 27.350 27.130 27.980 28.320 28.510 28.740 28.780 28.810 28.810 29.260 29.560 29.720 29.800 30.150 30.250 30.490 30.810 31.040 31.180 31.270 31.530 31.830 32.510 32.780 32.740 32.700 32.930 33.030 33.270 33.450 33.640 33.840 34.070 34.440 34.520 34.750 34.850 35.010 35.160 35.530 35.700 35.520 35.900 36.540 36.720 36.820 37.070 37.390 37.820 38.310 38.420 38.790 39.150 39.470 39.890 40.260 40.680 41.120 41.540 41.920 42.230 43.000 43.420
25.340 25.360 25.420 25.550 26.300 26.750 26.370 26.900 27.030 27.210 27.780 28.530 28.720 28.690 28.490 28.760 28.720 29.340 29.680 29.840 30.020 30.930 30.650 30.840 30.880 30.910 31.240 31.490 31.470 31.350 32.360 33.190 33.360 33.250 33.190 33.280 33.400 33.660 33.720 33.900 34.200 34.430 34.640 35.040 34.990 35.160 35.560 35.640 35.660 35.730 36.520 36.950 37.110 37.040 37.130 37.900 38.000 38.220 38.810 39.090 39.550 39.680 40.020 40.320 40.830 41.110 41.800 43.220 43.960 44.060 44.060
25.140 25.360 25.470 25.480 26.700 26.550 26.370 26.370 26.450 26.720 27.180 27.780 28.640 28.600 28.720 28.800 28.690 28.980 29.730 29.800 30.040 30.910 30.750 30.580 30.720 31.200 31.360 31.430 31.650 31.990 33.230 33.270 33.600 33.450 33.250 33.600 33.500 33.710 33.860 33.830 34.120 34.580 34.730 35.160 35.210 35.490 35.650 35.770 35.920 36.040 37.060 37.240 37.640 37.540 37.310 38.040 38.430 38.780 39.030 39.660 39.530 40.100 40.460 40.550 40.920 41.500 43.130 43.840 44.950 44.930 44.800
25.230 25.310 25.330 25.780 26.790 26.370 26.650 26.230 26.780 27.420 27.070 27.380 27.700 28.060 28.700 28.730 28.700 29.220 29.700 29.820 29.990 30.580 30.630 30.760 31.070 31.240 31.390 31.560 31.530 32.440 33.040 33.170 33.500 33.520 33.460 33.490 33.690 33.990 34.310 34.560 34.650 34.770 34.620 34.690 35.500 35.690 35.830 35.930 36.270 36.400 36.650 37.170 37.360 37.650 37.780 38.270 38.620 39.060 39.290 39.390 39.820 40.410 40.810 41.250 41.030 41.680 43.210 43.960 44.540 44.790 44.800
25.190 25.400 25.250 26.590 26.410 26.170 26.260 26.530 27.050 26.920 27.140 27.320 28.060 28.300 28.620 28.620 28.430 29.530 29.720 29.820 29.880 30.080 30.420 30.760 31.050 31.270 31.360 31.390 31.460 32.910 33.260 33.290 33.500 33.640 33.710 33.630 33.730 34.320 34.540 34.650 35.030 35.090 35.240 35.640 36.360 35.950 35.570 36.400 36.430 36.700 36.980 37.330 37.460 37.770 38.240 38.580 39.100 38.870 39.070 39.500 40.190 41.020 41.120 41.710 41.840 42.800 43.780 44.140 44.390 44.560 45.710
24.950 25.000 25.200 26.790 26.700 26.370 26.180 26.750 27.060 27.050 27.520 27.870 28.180 28.310 28.720 28.500 28.420 29.460 29.350 29.430 29.870 30.230 30.540 30.970 31.080 31.260 31.310 31.350 31.480 32.600 33.100 33.150 33.840 33.790 33.640 33.740 33.860 34.340 34.670 35.070 35.100 35.300 35.430 35.960 36.610 36.680 36.420 36.700 36.370 36.790 37.060 37.400 37.600 37.880 38.240 38.760 39.000 39.300 39.870 39.790 40.390 41.230 41.310 41.640 42.560 43.350 44.310 45.540 45.500 45.280 46.310
25.100 24.920 25.100 26.580 26.300 26.050 26.090 27.130 26.900 27.140 27.600 27.590 28.140 28.340 28.270 28.080 28.000 29.600 29.490 29.410 29.490 29.910 30.470 30.840 30.950 31.080 31.300 31.520 31.970 32.820 33.080 33.110 33.360 33.640 33.720 33.720 33.950 34.090 34.540 35.050 35.230 35.400 35.720 36.510 36.760 36.810 36.850 36.860 37.000 36.900 37.130 37.460 37.710 38.040 38.280 38.670 39.320 39.600 39.870 40.210 40.550 41.160 41.650 41.950 42.850 43.660 46.010 46.420 46.560 46.150 48.030
25.130 24.980 25.540 26.450 26.090 26.460 26.090 26.700 26.980 27.040 27.660 27.840 27.760 28.030 27.970 28.130 28.610 29.630 29.700 29.740 29.940 30.220 30.610 30.410 30.870 31.140 30.850 31.620 32.220 32.700 33.020 33.100 33.440 33.520 33.940 33.690 33.960 34.220 34.420 35.150 35.080 35.720 35.940 36.690 36.720 36.710 36.880 36.860 37.100 37.470 37.460 37.640 38.010 37.870 37.960 38.770 39.290 39.690 40.040 40.630 40.990 41.080 42.340 44.010 44.760 45.670 46.570 46.640 46.540 46.430 48.160
24.950 24.960 26.250 26.340 25.750 26.220 26.160 27.060 27.180 26.930 27.260 27.590 27.900 28.180 28.360 27.970 28.390 29.650 30.070 29.930 29.910 30.350 30.450 30.540 30.850 30.960 31.170 31.510 32.630 32.670 32.900 33.260 33.700 33.610 33.950 33.680 34.090 34.260 34.750 35.250 35.120 35.370 36.130 36.390 36.770 36.700 36.590 36.900 36.930 37.600 37.650 38.100 38.110 38.610 39.270 39.260 39.770 39.410 40.130 40.300 40.790 41.210 42.400 44.070 45.420 46.130 46.340 46.480 46.280 47.160 48.870
24.670 24.990 26.080 25.670 25.720 25.990 25.950 26.380 26.720 27.220 26.910 27.470 27.660 27.760 27.900 27.800 28.090 29.610 29.880 29.840 29.830 30.220 30.490 30.510 30.590 31.150 31.150 31.870 32.490 32.510 32.640 32.940 33.430 33.580 33.520 34.130 34.390 34.520 34.860 35.180 35.460 35.320 36.100 36.980 37.290 37.080 37.070 37.510 37.690 37.760 37.780 38.140 38.690 38.920 39.320 39.650 40.160 40.380 40.460 40.420 40.780 41.140 41.560 42.390 43.840 45.890 46.070 46.210 46.400 47.920 48.820
24.800 25.050 26.010 25.670 25.850 25.760 25.920 26.530 26.520 26.980 27.090 27.290 27.740 27.520 27.890 27.650 28.230 29.480 29.780 29.830 29.960 30.120 30.280 30.520 30.570 31.020 31.190 31.660 31.960 32.370 32.690 33.150 33.420 33.520 33.700 34.030 34.570 34.590 35.070 35.360 35.520 35.760 37.010 37.220 37.050 37.170 37.450 37.830 37.980 37.960 37.980 38.880 39.220 39.090 39.330 39.740 40.000 40.300 40.720 40.850 40.900 41.310 41.700 42.050 42.600 43.130 44.580 46.050 46.930 47.820 48.630
24.550 25.310 25.900 25.820 25.770 25.840 25.990 26.350 26.670 27.070 26.860 27.240 27.820 27.280 27.810 27.580 27.930 29.030 29.840 30.110 30.090 30.210 30.270 30.450 30.570 30.840 31.150 31.220 32.050 32.520 32.820 33.010 33.340 33.990 33.900 34.000 34.230 34.710 34.780 35.190 35.370 35.850 36.950 37.160 37.140 37.660 37.760 37.910 38.100 38.000 38.110 38.950 39.140 39.380 39.510 39.760 40.300 40.620 40.850 41.070 41.030 41.570 42.980 43.700 43.160 43.320 43.810 44.330 45.280 46.580 48.420
24.700 25.910 25.890 25.790 25.660 25.720 25.820 26.320 26.580 26.880 27.060 27.150 27.260 27.420 27.580 27.420 28.580 29.440 29.780 29.980 30.000 30.050 30.110 30.170 30.250 30.370 30.800 32.020 32.380 32.630 32.910 32.750 32.760 33.380 33.720 33.860 34.170 34.540 35.410 35.500 35.480 35.960 36.370 37.180 37.420 37.470 37.870 37.830 38.010 38.050 38.270 39.050 39.190 39.500 39.790 40.010 40.310 41.040 41.570 41.110 41.780 42.980 43.860 44.070 44.170 44.620 44.650 44.220 44.940 45.580 46.540
24.650 25.710 25.780 25.800 25.540 25.970 25.950 26.240 26.610 27.060 27.130 27.090 27.150 27.340 27.490 27.490 28.290 29.420 29.670 29.710 30.010 30.000 30.140 30.300 30.140 30.300 30.730 32.160 31.980 32.450 32.660 32.900 32.900 33.240 33.650 34.160 34.650 34.800 35.350 35.090 35.340 35.910 36.200 36.910 36.870 37.280 37.970 38.150 38.280 38.140 38.370 38.490 38.380 38.730 40.830 40.620 40.620 40.890 41.270 41.200 43.350 43.920 44.030 44.060 44.120 44.790 45.630 46.350 46.840 45.660 46.420
25.040 25.780 25.530 25.310 25.340 25.960 25.670 26.120 26.640 26.830 26.910 26.950 27.280 27.360 27.750 27.630 28.590 29.340 29.660 29.760 29.780 29.880 30.010 30.130 30.260 30.430 31.670 32.180 31.930 32.340 32.510 32.820 32.840 33.370 33.480 33.940 34.640 34.620 34.870 35.000 35.470 35.970 37.500 37.510 37.550 37.490 37.710 38.080 38.180 38.360 39.100 39.670 39.500 40.650 41.170 41.170 40.950 41.110 41.260 41.580 43.730 44.500 44.190 44.130 44.140 44.900 46.690 47.700 47.770 47.340 46.620
24.700 25.140 25.590 25.260 25.210 25.330 25.910 26.370 26.690 27.210 27.110 27.180 27.680 27.320 27.510 27.640 29.060 29.240 29.670 29.710 29.790 29.940 29.990 30.150 30.230 31.310 32.040 32.510 32.280 32.310 32.710 32.480 32.660 33.270 33.580 33.620 34.330 34.490 34.590 34.690 35.090 35.090 36.470 37.750 37.640 37.630 37.800 38.160 38.450 38.550 39.150 39.820 40.210 41.120 41.160 41.000 41.230 41.350 41.350 41.870 43.540 44.130 44.150 44.110 44.420 44.890 46.420 47.440 47.720 47.390 47.640
24.760 25.390 25.560 25.620 25.710 25.540 25.990 26.140 26.880 27.150 27.150 27.360 27.330 27.200 27.440 27.680 29.000 29.210 29.770 29.720 29.760 29.840 30.100 30.260 30.210 31.440 32.230 32.580 32.410 32.360 32.380 32.830 33.010 33.200 33.410 33.590 33.750 34.150 34.640 34.940 35.420 35.940 36.740 37.580 37.630 37.650 37.850 38.230 38.820 38.730 39.100 39.720 40.240 40.660 40.970 41.060 41.250 41.340 41.500 41.930 42.320 43.390 43.640 43.890 44.930 44.920 45.560 47.540 47.330 47.280 46.780
24.940 25.120 25.150 25.680 25.970 26.110 26.050 26.220 26.560 26.840 27.000 27.080 27.420 26.980 27.340 28.080 29.120 29.110 29.290 29.780 29.760 29.920 30.090 30.130 30.510 31.150 32.450 32.570 32.650 32.670 32.620 32.770 32.890 33.410 33.690 33.950 34.040 34.330 34.480 34.960 35.480 36.030 35.910 36.090 37.190 37.800 37.860 38.120 38.660 38.720 39.350 40.340 40.750 41.000 41.240 41.300 41.470 41.410 43.090 43.220 42.880 43.030 43.420 43.950 45.020 44.840 45.040 45.850 45.700 45.950 46.000
25.260 25.100 25.320 25.350 25.560 25.810 26.050 26.080 26.420 26.660 27.200 27.270 27.220 27.120 27.640 28.130 29.390 29.440 29.200 29.240 29.470 30.150 30.110 30.150 30.590 31.400 32.530 32.520 32.630 32.530 32.560 32.720 32.720 34.570 34.780 34.220 34.350 34.520 34.660 35.020 35.360 35.820 36.090 36.130 36.870 37.400 37.630 38.280 38.770 39.660 39.040 40.630 40.880 41.030 41.120 41.320 41.430 42.210 43.440 43.520 43.770 43.950 43.820 44.070 44.440 44.770 45.050 46.400 47.360 48.050 47.710
25.060 25.010 25.330 25.180 25.620 25.870 26.050 26.470 26.770 27.070 27.550 27.240 27.410 27.470 27.890 28.190 28.960 29.270 29.340 29.190 29.430 30.170 30.070 30.150 31.510 31.460 32.410 32.500 32.710 32.390 32.470 32.650 32.740 35.090 34.890 34.740 34.520 34.570 34.780 34.940 35.500 35.470 36.080 36.260 36.910 37.350 37.580 38.160 39.120 39.860 40.600 40.790 41.060 41.040 41.190 41.520 41.370 43.230 43.590 43.770 43.740 43.940 43.970 44.140 44.580 44.960 45.240 46.920 47.650 48.120 48.460
25.270 25.290 24.970 25.690 26.000 25.810 26.060 26.300 26.600 27.000 27.370 27.050 27.220 27.620 27.900 28.390 29.060 29.190 29.380 29.250 29.560 30.110 30.060 30.140 31.430 31.670 32.330 32.440 32.680 32.570 32.650 32.690 34.250 34.680 34.590 34.640 34.230 34.380 34.550 34.990 35.400 35.690 36.050 36.460 36.790 37.280 38.000 38.590 39.320 39.940 41.000 41.220 41.250 41.050 41.400 41.500 41.970 43.300 43.570 43.700 43.750 43.740 43.840 44.380 44.570 45.140 45.340 45.930 46.380 48.160 48.290
