0925_6225/LITTO3D_FRA_0929_6224_20150529_LAMB93_RGF93_IGN69/MNT5m/LITTO3D_FRA_0929_6224_MNT5_20150128_LAMB93_RGF93_IGN69.asc
ncols 200
nrows 200
xllcenter 929000.000
yllcenter 6223005.000
cellsize 5.0000
nodata_value -99999
[rows 32 to 63 of 200, columns 0 to 70 of 200]
14.990 15.040 15.310 15.780 16.030 15.890 16.680 16.660 16.700 16.600 16.720 16.940 17.100 17.420 17.540 17.370 17.670 17.870 17.990 18.100 18.100 18.240 18.420 18.320 18.220 18.470 18.870 19.100 19.160 19.130 19.400 19.460 19.340 19.860 19.750 19.650 19.640 19.760 19.790 20.120 19.890 19.760 19.690 20.030 19.830 19.950 19.270 19.960 20.120 19.900 20.340 19.960 20.490 20.690 20.850 20.790 20.880 20.640 20.840 20.970 21.090 21.100 21.120 21.200 21.330 21.230 21.250 21.430 21.790 21.580 21.540
15.320 15.320 15.290 15.760 15.920 16.030 16.620 16.670 16.800 16.880 16.810 16.880 17.290 17.350 17.460 17.600 17.820 17.840 17.770 18.160 18.250 18.380 18.340 18.430 18.610 18.570 18.850 19.080 19.190 19.190 19.510 19.360 19.440 20.170 19.730 19.620 19.740 19.770 20.120 20.100 20.010 19.820 20.120 20.300 20.090 19.850 19.980 19.940 19.930 19.720 19.980 20.230 20.570 20.670 21.100 21.120 21.080 20.930 20.960 21.020 21.100 21.280 21.310 21.340 21.440 21.540 21.450 21.550 21.600 21.740 21.850
15.770 15.310 15.690 15.720 15.840 16.310 16.720 16.930 16.820 16.770 16.890 17.330 17.220 17.520 17.460 17.630 17.780 17.790 17.970 18.050 18.110 18.210 18.370 18.440 18.540 18.540 18.700 18.980 19.300 19.270 19.430 19.500 19.480 19.420 19.610 19.630 19.920 19.940 20.340 20.150 20.180 19.960 20.120 20.520 20.590 20.360 20.270 20.210 20.040 19.870 20.180 20.530 20.740 20.770 21.130 20.980 20.890 20.940 21.200 21.210 21.440 21.250 21.130 21.570 21.640 21.450 21.540 21.550 21.640 21.770 21.790
15.640 16.010 15.870 15.670 15.940 16.460 16.860 16.650 16.670 16.770 17.080 17.060 17.140 17.300 17.370 17.690 17.810 17.890 17.890 17.870 18.070 18.280 18.310 18.350 18.410 18.730 18.590 18.960 18.990 19.230 19.160 19.420 19.480 19.360 19.750 19.830 19.730 19.690 20.150 20.240 20.000 20.100 20.230 20.620 20.800 20.520 20.280 20.750 20.570 20.620 20.630 20.880 20.850 20.910 21.130 21.090 21.030 21.180 21.230 21.400 21.720 21.520 21.450 21.670 21.730 21.720 21.900 21.700 21.860 21.790 21.800
15.590 15.670 15.340 15.470 15.620 16.330 16.760 16.820 16.710 17.110 16.910 17.250 17.370 17.410 17.360 18.020 17.760 18.090 18.090 17.970 18.190 18.440 18.090 18.110 18.440 19.010 18.650 18.830 18.960 19.240 19.290 19.370 19.620 19.350 19.620 19.800 19.620 19.960 20.120 20.120 20.110 20.360 20.220 20.740 20.420 20.680 20.250 20.760 20.720 20.870 20.950 20.920 21.160 21.530 21.120 21.120 21.270 21.160 21.170 21.710 21.590 21.770 21.980 22.070 21.690 22.110 22.050 22.250 22.160 22.180 22.090
15.330 15.370 15.420 15.490 15.140 15.750 16.490 16.740 16.700 17.060 16.840 17.110 17.290 17.370 17.740 17.930 18.020 18.040 18.130 18.040 18.230 18.210 18.070 18.080 18.430 18.880 18.910 18.960 19.170 19.120 19.280 19.410 19.540 19.620 19.800 19.850 19.810 20.170 20.110 20.390 20.270 20.830 20.220 20.430 20.680 20.560 20.320 20.870 20.710 20.980 20.990 21.190 21.500 21.470 21.470 21.210 21.330 21.500 21.610 21.670 21.800 21.950 21.980 22.100 21.930 22.580 22.160 22.760 22.450 22.320 22.320
15.310 15.320 15.690 15.580 15.720 15.760 16.110 16.240 16.230 16.820 17.030 17.070 17.360 17.340 17.710 17.870 18.040 18.030 18.050 18.090 18.280 18.140 18.470 18.630 18.530 18.950 18.940 19.020 18.880 18.970 19.080 19.340 19.580 19.570 19.790 19.880 19.940 20.030 20.300 20.360 20.580 20.510 20.890 20.510 20.740 20.620 20.730 20.830 20.970 21.080 21.050 21.360 21.660 21.620 21.620 21.520 21.540 21.580 21.720 21.800 21.980 21.940 22.170 22.090 22.010 22.220 22.170 22.420 22.500 22.170 22.260
15.340 15.460 15.560 15.530 15.420 15.930 16.270 16.320 16.300 16.300 16.440 16.760 17.190 17.510 17.740 17.950 17.940 17.950 18.090 18.160 18.100 18.270 18.790 18.430 18.900 18.920 19.030 19.330 18.930 19.040 19.180 19.360 19.310 19.640 19.830 19.910 20.150 20.260 20.240 20.340 20.500 20.570 20.680 20.850 20.880 20.820 20.770 21.030 20.970 21.000 21.330 21.360 21.510 21.700 21.440 21.570 21.840 21.870 21.980 22.030 21.960 21.900 22.180 22.120 22.150 22.330 22.550 22.780 22.620 22.320 22.380
15.320 15.420 15.630 15.420 15.820 16.120 15.940 16.240 16.310 16.230 16.210 16.680 16.850 17.330 17.530 17.760 17.610 17.830 17.990 17.840 17.930 17.920 18.180 18.450 18.930 19.050 19.080 19.010 18.890 19.070 19.220 19.400 19.350 19.400 19.560 19.760 19.810 19.990 20.080 20.240 20.440 20.740 20.680 20.860 21.100 21.210 21.210 21.310 21.160 21.210 21.390 21.100 21.440 21.510 21.770 21.740 21.760 21.850 22.200 22.290 22.240 22.370 22.250 22.890 23.140 22.680 22.780 22.720 22.610 22.540 22.710
15.320 15.620 15.520 15.430 15.870 15.910 15.960 16.310 16.410 16.080 16.450 16.660 16.750 17.120 17.000 17.300 17.430 17.750 17.870 18.050 18.160 18.000 18.190 18.420 18.930 19.050 19.020 19.070 19.130 19.110 19.350 19.540 19.770 19.870 19.860 19.900 20.040 19.890 20.430 20.370 20.440 20.650 20.680 20.970 21.100 21.190 21.220 21.400 21.440 21.410 20.910 21.580 21.680 21.680 21.690 21.890 21.920 22.200 22.560 22.460 22.380 22.540 22.410 22.490 22.500 22.660 22.710 22.860 22.970 23.180 23.120
15.360 15.360 15.720 16.120 15.980 15.940 15.890 15.970 16.070 16.140 16.400 16.560 16.860 17.190 17.120 17.180 17.480 17.460 17.930 17.890 18.170 18.070 18.120 18.480 19.210 19.110 19.030 19.140 19.180 19.190 19.570 19.490 19.910 19.860 19.800 19.740 19.520 20.050 20.000 20.090 20.560 20.800 20.980 20.750 20.800 21.230 21.230 21.400 21.550 21.680 21.830 21.740 21.850 21.960 21.800 21.880 22.090 22.070 22.150 22.290 22.440 22.660 22.650 22.730 22.860 22.970 23.050 22.930 22.980 23.070 23.330
15.490 15.790 15.620 15.970 16.040 15.900 15.960 15.930 16.130 16.290 16.400 16.490 16.740 17.090 16.980 17.070 17.480 17.410 17.800 17.990 17.960 18.390 18.330 18.780 19.150 19.150 19.130 19.300 19.580 19.250 19.460 20.090 20.110 20.120 20.070 19.870 19.750 20.190 20.000 20.490 20.260 20.560 20.870 20.950 21.030 21.220 21.640 21.500 21.610 21.650 21.830 22.050 21.970 22.010 22.160 22.120 22.160 22.540 22.240 22.480 22.600 22.890 23.100 22.890 23.080 23.400 23.440 23.420 23.250 23.280 23.140
15.280 15.420 15.250 16.010 16.080 16.100 16.000 16.000 16.210 16.170 16.380 16.450 16.680 16.830 17.100 17.160 17.390 17.560 18.280 18.110 17.980 17.800 18.340 18.910 19.140 19.470 19.380 19.250 19.380 19.280 19.490 20.460 20.380 20.130 19.980 19.980 19.920 20.270 20.010 20.190 20.340 20.970 20.880 21.230 21.280 21.270 21.380 21.790 21.470 21.980 21.720 21.970 22.150 22.180 22.430 22.400 22.650 22.450 22.340 22.190 22.870 22.770 23.010 23.060 23.500 23.700 23.900 23.850 23.600 23.660 23.650
15.040 15.180 15.310 15.750 15.900 16.100 15.820 16.060 16.040 16.170 16.600 16.670 16.620 16.810 16.910 17.040 17.180 17.350 17.640 17.710 17.930 18.060 18.390 18.990 19.180 19.550 19.340 19.290 19.230 19.310 19.610 20.320 20.240 20.160 19.860 19.550 20.080 20.430 20.410 20.490 20.790 20.790 20.980 21.020 21.460 21.490 21.430 21.510 21.700 22.020 22.140 22.150 22.150 22.210 22.190 22.370 22.810 22.820 22.830 23.030 22.940 23.060 23.280 23.200 23.380 23.650 23.700 23.840 23.900 23.630 23.890
14.940 15.010 15.190 15.470 15.530 15.680 15.830 15.930 16.020 16.220 16.780 16.860 16.910 16.870 17.020 17.020 17.360 17.420 17.390 17.510 17.730 17.880 18.240 19.100 19.270 19.350 19.350 19.310 19.230 19.430 19.570 19.870 20.050 20.170 19.500 19.630 19.820 20.160 20.310 20.300 20.760 21.000 21.150 21.150 21.390 21.360 21.530 21.930 22.030 22.000 22.250 22.140 22.440 22.520 22.270 22.450 22.520 22.830 22.810 22.960 22.940 23.090 23.380 23.470 23.430 23.530 23.710 23.910 23.670 23.750 23.990
14.480 14.860 14.940 15.090 15.200 15.570 15.670 15.690 15.960 16.280 16.560 16.910 17.120 17.080 17.050 17.170 17.480 17.490 17.610 17.570 17.710 17.810 18.330 19.060 19.330 19.360 19.400 19.360 19.320 19.390 19.990 19.790 19.950 19.920 19.340 19.720 20.050 20.490 20.470 20.580 20.920 21.070 21.140 21.170 21.500 21.410 21.500 21.760 22.010 22.250 21.840 21.980 22.350 22.520 22.360 22.760 22.630 22.650 23.050 23.020 23.150 23.270 23.300 23.370 23.660 23.680 23.710 23.930 24.020 23.850 24.190
14.450 14.850 15.010 15.030 15.180 15.320 15.570 15.630 15.980 16.210 16.500 16.700 16.740 16.770 16.990 17.080 17.480 17.480 17.770 17.540 17.620 17.970 18.440 19.150 19.450 19.400 19.630 19.230 19.390 19.420 19.350 19.610 19.600 19.760 19.860 20.170 20.430 20.350 20.570 20.730 21.020 21.160 21.340 21.300 21.280 21.390 21.640 21.640 21.890 21.690 21.780 21.790 22.420 22.480 22.780 23.150 22.800 22.860 23.170 23.660 23.780 23.680 23.200 23.400 23.470 23.810 23.830 24.030 24.260 24.180 24.370
14.650 14.970 15.000 14.900 15.030 15.090 15.400 15.500 15.910 15.880 16.150 16.400 16.440 16.640 16.990 17.420 17.410 17.600 17.670 17.610 17.610 17.900 18.690 19.140 19.330 19.540 19.460 19.350 19.450 19.500 19.430 19.540 19.600 19.670 20.160 19.950 20.160 20.280 20.390 20.510 20.940 20.970 21.240 21.270 21.310 21.450 21.550 21.620 21.950 21.780 21.910 22.030 22.100 22.510 22.420 22.730 22.650 23.040 23.230 23.590 23.570 23.570 23.470 23.300 23.430 23.920 23.950 24.110 24.170 24.280 24.480
14.460 14.640 14.860 15.110 15.080 15.040 15.150 15.420 15.510 15.700 15.910 16.280 16.400 16.660 16.980 17.220 17.360 17.450 17.660 17.500 17.590 17.910 18.510 18.880 18.990 19.110 19.290 19.160 19.290 19.540 19.570 19.590 19.560 19.670 19.920 19.950 20.140 20.180 20.420 20.480 20.610 20.820 21.080 21.200 21.190 21.490 21.480 21.570 21.780 21.870 21.910 21.720 22.190 22.550 22.950 22.890 22.650 23.250 23.440 23.530 23.650 23.810 23.750 23.600 23.720 23.930 23.910 24.120 23.890 24.420 24.540
14.520 14.640 14.640 14.640 14.900 15.150 15.170 15.130 15.360 15.550 15.830 16.400 16.650 16.660 16.770 17.040 17.140 17.320 17.420 17.630 17.540 17.920 18.710 19.070 19.140 19.000 18.950 19.060 19.390 19.510 19.620 19.670 19.750 19.590 19.910 19.870 19.990 20.100 20.660 20.610 20.770 21.060 21.060 21.190 21.160 21.350 21.400 21.670 21.700 21.610 22.080 22.260 22.670 22.750 22.890 23.050 23.050 23.400 23.640 23.490 23.650 23.820 23.900 23.700 23.700 23.810 24.050 23.850 24.280 24.520 24.710
14.440 14.640 14.750 14.580 14.770 14.970 15.110 15.270 15.280 15.570 16.270 16.880 16.660 16.540 16.540 16.860 17.140 17.320 17.420 17.400 17.620 17.880 18.570 19.300 19.400 18.980 19.100 18.980 19.200 19.700 19.660 19.740 19.770 19.750 19.900 19.850 19.950 20.020 20.510 20.550 21.010 20.890 20.770 21.020 21.070 21.160 21.320 21.620 21.810 22.060 22.130 22.680 22.840 22.880 22.630 23.110 23.250 23.370 23.680 23.580 23.540 23.710 23.960 23.840 23.960 24.030 24.080 24.220 24.460 24.560 24.700
14.470 14.670 14.650 14.580 14.910 15.050 15.110 15.150 15.120 15.540 15.800 16.440 16.670 16.680 16.520 17.030 17.050 17.120 17.330 17.330 17.380 18.150 18.700 18.350 18.470 18.620 18.940 18.990 19.060 19.260 19.570 19.490 19.930 19.670 19.720 19.890 19.830 20.200 20.730 20.560 20.810 20.720 20.660 20.810 21.160 21.260 21.290 21.740 21.790 22.020 22.060 22.540 22.670 22.760 23.100 23.060 23.250 23.540 23.640 23.870 23.670 23.520 23.990 24.070 24.180 24.220 24.320 24.490 24.620 24.710 25.070
14.120 14.720 14.650 14.650 14.710 14.930 15.260 14.960 14.990 15.190 15.520 16.500 16.970 16.990 16.690 17.080 16.960 17.060 17.020 17.050 17.520 18.560 18.570 18.350 18.480 18.440 18.600 18.740 18.910 19.000 19.200 19.430 19.570 19.670 19.580 19.690 19.810 20.440 20.630 20.600 20.870 20.410 20.790 20.620 20.830 21.060 21.350 21.620 21.740 22.450 22.140 22.060 22.400 22.760 23.130 23.220 23.260 23.630 23.540 23.890 23.710 24.050 23.970 24.200 24.300 24.310 24.370 24.720 24.820 24.790 25.190
14.230 14.590 14.560 14.630 14.690 14.920 15.190 14.940 14.790 15.320 16.180 16.710 17.030 16.800 16.550 16.850 16.920 17.060 17.060 17.160 17.420 18.370 18.100 18.290 18.380 18.460 18.590 18.640 18.740 18.940 19.080 19.250 19.380 19.330 19.550 19.660 19.760 20.520 20.740 20.700 20.640 20.660 20.730 20.510 20.890 20.870 21.280 21.320 21.650 21.890 22.230 22.470 22.340 22.830 22.840 23.210 23.260 23.350 23.470 23.800 23.860 23.860 23.820 24.080 24.330 24.400 24.370 24.820 24.980 24.870 25.260
14.550 14.480 14.470 14.400 14.330 14.900 14.870 14.360 14.660 15.570 16.190 16.290 16.450 16.470 16.540 16.640 16.980 17.070 17.160 17.210 17.560 17.670 17.840 17.900 17.820 17.760 18.070 18.080 18.630 18.780 19.110 19.190 19.320 19.070 19.400 19.520 19.820 20.340 20.400 20.580 20.480 20.380 20.550 20.730 20.580 20.810 21.310 21.510 21.680 22.160 22.260 22.410 22.560 22.790 23.020 23.020 23.380 23.290 23.600 23.840 23.820 23.840 23.920 23.960 24.100 24.230 24.450 24.900 25.020 24.970 25.410
14.480 14.320 14.350 14.320 14.190 14.250 14.360 14.230 14.690 15.590 16.090 16.290 16.430 16.340 16.330 16.600 16.760 17.010 16.890 17.230 17.340 17.520 17.360 17.450 17.730 17.700 17.670 18.120 18.020 18.420 18.840 19.160 19.490 19.070 19.110 19.490 19.790 20.310 20.210 20.360 20.410 20.280 20.180 20.770 21.160 21.240 21.250 21.580 21.760 22.350 22.140 22.230 22.750 22.830 23.180 23.090 23.520 23.510 23.840 24.040 23.880 23.780 24.020 24.020 24.270 24.240 24.440 24.770 24.890 25.320 25.390
14.560 14.230 14.160 14.110 14.100 13.990 14.040 14.030 14.240 14.710 15.270 15.360 15.940 15.940 15.990 16.280 16.550 16.580 16.930 16.870 17.240 17.480 17.670 17.720 17.580 17.710 17.570 18.050 18.110 18.510 18.410 18.600 19.120 19.390 19.250 19.430 19.610 20.010 20.000 20.140 20.280 20.380 20.550 20.730 20.930 21.040 21.260 21.460 21.800 22.290 22.050 22.230 22.670 22.830 23.070 23.110 23.570 23.810 23.830 23.850 23.640 23.710 23.950 24.280 24.350 24.320 24.570 24.620 24.800 24.960 25.050
14.450 14.310 14.220 14.200 14.020 13.990 14.010 13.920 14.440 14.860 15.040 15.170 15.650 15.710 15.920 16.190 16.110 16.490 16.450 16.960 17.580 17.490 17.820 17.770 17.750 17.790 17.980 18.670 18.470 18.220 18.440 18.390 19.030 18.840 19.110 19.270 19.130 19.560 20.010 20.010 20.060 19.740 20.400 20.640 20.890 21.170 21.400 21.530 21.980 22.240 22.100 22.460 22.680 22.660 22.870 23.390 23.390 23.600 23.620 23.520 23.780 23.650 23.970 24.330 24.150 24.320 24.790 24.510 24.820 24.930 25.430
14.340 14.320 14.480 14.220 14.150 14.220 14.080 13.940 14.680 14.780 15.050 15.170 15.360 15.660 15.770 15.840 15.970 16.010 16.180 16.660 17.610 17.730 17.690 17.870 17.520 17.880 18.010 18.490 18.320 18.280 17.930 18.180 18.400 18.560 18.880 19.310 19.420 19.380 19.640 19.910 20.090 20.120 20.120 20.750 20.670 21.160 21.330 21.410 22.380 22.330 22.250 22.420 22.710 22.900 22.990 23.480 23.500 23.400 23.530 23.590 23.670 23.940 24.040 24.090 24.230 24.400 24.600 24.730 24.820 24.910 25.200
14.270 14.330 14.500 14.230 14.160 14.270 14.010 13.880 14.560 14.860 14.910 15.120 15.450 15.540 15.460 15.650 15.560 15.930 15.870 17.300 17.320 17.420 17.420 17.330 17.710 17.710 17.730 17.820 17.660 17.690 18.340 18.610 18.650 19.150 19.050 19.310 19.330 19.420 19.480 19.780 20.150 20.020 20.270 20.580 20.490 20.720 21.070 21.440 22.070 22.300 22.500 22.460 22.650 22.620 22.980 23.430 23.540 23.520 23.460 23.490 23.610 23.810 23.870 23.980 24.090 24.480 24.490 24.950 24.920 25.290 25.370
14.050 14.310 14.150 13.920 14.120 14.120 13.890 13.860 14.330 14.280 14.470 14.670 15.270 15.540 15.610 15.650 15.660 15.750 16.020 16.370 16.760 16.720 16.850 17.510 17.740 17.580 17.840 17.990 17.940 17.850 17.860 18.440 18.630 19.300 19.390 19.130 19.250 19.390 19.340 19.800 19.610 19.930 20.130 20.750 20.380 21.160 21.110 21.920 21.990 22.350 22.500 22.690 22.720 22.620 22.960 23.350 23.390 23.420 23.440 23.670 23.900 23.820 23.890 23.970 24.030 24.520 24.800 24.830 24.890 25.070 25.440
14.470 14.110 14.080 14.010 13.970 13.970 13.830 13.860 14.190 14.390 14.430 14.600 15.190 15.570 15.760 15.620 15.410 15.610 16.150 16.450 16.430 16.770 16.530 16.820 17.250 17.540 17.710 17.900 18.020 18.140 18.690 18.550 18.590 19.060 19.280 18.680 19.210 19.150 19.630 19.250 19.650 20.020 20.060 20.510 20.280 20.520 20.840 21.350 21.450 21.940 22.460 22.470 22.410 22.730 23.130 23.350 23.340 23.160 23.190 23.670 23.900 23.880 24.000 24.060 24.210 24.220 24.380 24.630 25.030 25.240 25.420
