0925_6225/LITTO3D_FRA_0929_6224_20150529_LAMB93_RGF93_IGN69/MNT5m/LITTO3D_FRA_0929_6224_MNT5_20150128_LAMB93_RGF93_IGN69.asc
ncols 200
nrows 200
xllcenter 929000.000
yllcenter 6223005.000
cellsize 5.0000
nodata_value -99999
[rows 32 to 63 of 200, columns 71 to 141 of 200]
21.680 21.670 21.860 22.070 22.080 21.850 21.670 21.700 21.590 21.500 21.530 21.510 21.770 22.180 22.000 22.070 22.150 22.120 22.180 22.260 22.570 22.360 22.300 22.730 22.660 24.970 25.060 24.950 25.120 25.340 25.330 25.540 25.660 25.740 26.030 26.150 25.350 25.790 25.880 25.590 24.190 24.280 25.740 26.390 26.490 26.810 27.240 27.530 28.070 27.970 28.050 28.290 28.160 28.230 28.440 28.470 28.660 28.920 29.020 30.180 30.250 30.280 30.610 30.590 30.670 31.020 31.090 31.500 31.680 31.910 32.280
21.820 21.800 21.890 21.870 22.250 22.240 22.390 22.410 22.240 21.850 21.620 21.560 21.750 21.840 22.030 22.110 22.320 22.250 22.170 22.580 22.940 22.420 22.680 22.520 25.330 25.110 25.110 25.100 25.090 25.380 25.300 25.480 25.640 26.210 25.850 26.060 26.070 25.730 26.140 26.070 25.660 25.630 26.200 25.430 25.760 25.920 25.900 26.680 26.700 27.810 28.030 27.870 28.340 28.550 28.470 28.620 28.930 29.110 29.670 30.070 30.320 30.380 30.410 30.630 30.690 30.830 31.450 31.410 31.820 31.870 32.190
21.850 21.930 21.990 21.750 21.930 22.300 22.420 22.510 22.660 22.760 22.890 22.310 21.820 21.910 22.030 22.130 22.280 22.420 22.580 22.700 22.890 22.650 22.600 24.450 25.220 25.190 25.060 25.000 25.100 25.420 24.990 24.960 25.590 25.710 25.990 25.960 26.230 26.140 26.520 26.540 26.650 26.740 27.290 27.500 27.010 27.390 26.960 25.920 26.300 27.250 28.010 27.550 28.460 28.190 28.640 28.690 28.850 29.130 29.640 30.100 30.360 30.320 30.260 30.500 30.670 30.960 31.030 31.380 31.440 31.750 32.070
21.930 21.960 22.150 21.870 21.920 22.330 22.680 22.810 22.800 23.060 23.190 23.140 22.580 22.950 22.890 22.700 22.400 22.630 22.550 22.630 22.740 22.610 22.470 25.240 25.240 25.100 25.230 24.990 24.860 25.180 25.390 25.590 25.850 25.750 25.880 26.180 26.350 26.240 26.840 26.790 26.900 26.680 26.860 27.270 27.770 27.740 27.340 27.330 27.870 28.050 27.830 28.030 27.430 27.730 27.720 27.640 28.350 29.450 29.950 30.030 30.540 30.740 30.290 30.350 30.480 30.800 31.080 31.210 31.470 31.790 31.900
22.130 22.180 22.200 22.170 22.310 22.550 22.660 22.680 22.880 23.020 23.160 23.220 23.110 23.400 23.630 23.820 23.890 23.950 23.480 22.910 22.600 22.460 25.220 25.240 25.270 25.190 25.150 25.420 24.630 25.410 25.610 25.500 25.710 25.770 25.910 26.030 26.210 26.080 26.750 26.830 26.730 26.800 26.570 26.740 27.540 27.650 27.800 27.760 27.730 27.960 28.330 28.250 28.570 28.370 28.350 28.000 28.660 28.430 30.150 30.030 30.110 30.610 30.340 30.480 30.550 30.660 30.880 31.200 31.250 31.600 31.820
22.260 22.280 22.340 22.400 22.540 22.750 22.820 22.880 22.950 23.080 23.190 23.300 23.370 23.530 23.680 23.680 24.060 24.040 24.000 23.540 22.610 24.900 25.430 25.160 25.200 25.320 25.430 25.840 25.150 25.410 25.250 25.480 25.450 25.580 25.900 26.010 26.190 26.060 26.970 26.930 26.750 26.640 26.810 26.700 27.570 27.820 27.940 27.880 27.770 28.290 28.080 27.980 28.320 28.330 28.140 28.500 29.270 30.010 30.180 30.230 30.050 30.170 30.190 30.440 30.330 30.730 30.940 31.290 31.290 31.570 31.920
22.290 22.320 22.510 22.510 22.870 22.890 22.840 22.970 23.070 23.260 23.270 23.770 23.800 23.890 23.910 24.260 24.220 24.040 23.750 23.040 24.740 25.350 25.300 25.370 25.340 25.210 25.620 25.550 25.610 25.260 25.410 25.590 25.660 25.870 25.950 26.050 26.010 26.100 26.860 26.930 26.870 26.800 26.880 26.690 28.000 28.030 28.000 27.800 27.850 28.170 28.030 27.940 28.450 28.410 28.220 29.010 29.340 29.820 29.960 30.320 30.800 30.840 30.660 30.360 30.420 30.520 30.800 31.180 31.310 31.590 31.840
22.290 22.500 22.530 22.580 22.960 22.800 22.980 23.130 23.230 23.250 23.460 23.840 23.780 23.850 23.840 24.320 24.450 24.020 22.970 24.440 24.910 25.460 25.650 25.350 25.260 25.360 25.420 25.410 25.270 25.390 25.470 25.610 25.780 25.730 26.140 26.100 26.090 26.550 26.650 27.020 26.910 26.880 27.040 26.930 28.040 28.030 27.900 27.900 27.960 27.750 28.290 28.860 28.700 28.800 28.730 29.150 29.790 29.930 30.130 30.460 30.910 30.840 30.540 30.290 30.430 30.720 30.720 31.050 31.230 31.540 31.800
22.530 22.600 22.760 22.820 23.070 23.510 23.410 23.460 23.430 23.550 23.730 23.720 23.700 23.810 24.000 24.080 24.140 23.340 24.430 25.310 25.630 25.640 25.640 25.530 25.420 25.310 25.370 25.250 25.340 25.510 25.510 25.790 25.820 26.060 26.380 26.120 26.360 26.480 26.490 26.750 26.880 27.160 27.250 27.180 28.010 27.890 27.920 28.080 28.000 28.160 28.360 28.580 28.870 29.010 28.520 29.350 29.730 30.010 30.190 30.730 31.030 30.980 30.660 30.470 30.760 31.230 30.990 31.260 31.280 31.480 31.720
23.310 22.980 23.020 23.000 23.340 23.740 23.660 23.670 23.690 23.780 24.180 24.380 24.190 24.250 24.150 24.240 23.680 24.540 25.460 25.440 25.800 25.920 25.820 25.600 25.530 25.370 25.390 25.210 25.440 25.550 25.600 25.750 26.000 26.070 26.110 26.390 26.360 26.580 26.800 26.860 26.990 27.080 27.280 27.470 28.030 27.990 28.030 28.210 28.420 28.340 28.430 28.930 28.980 28.960 29.030 29.670 29.720 30.530 30.500 30.980 30.910 31.040 30.810 30.900 30.990 31.200 31.380 31.610 31.660 30.760 31.390
23.430 23.560 23.500 23.350 23.550 23.570 23.580 23.780 23.730 23.910 24.080 24.420 24.880 24.820 24.570 24.170 25.160 26.220 25.790 26.020 26.030 25.960 25.910 25.680 25.550 25.560 25.390 25.230 25.460 25.700 25.690 25.750 25.930 26.000 26.180 26.240 26.490 26.590 26.850 26.960 27.120 27.500 27.810 27.830 27.910 28.060 28.400 28.410 28.450 28.380 28.690 28.740 28.880 28.400 29.350 30.480 30.470 31.810 31.660 31.390 31.710 31.110 30.970 31.460 31.380 31.490 31.530 31.790 31.880 31.550 31.810
23.260 23.390 23.590 23.630 23.930 24.010 23.890 24.030 24.030 24.230 24.260 24.750 24.850 24.910 24.710 25.910 26.660 26.190 26.060 26.000 25.910 26.310 26.160 25.930 25.800 25.390 25.400 25.650 25.950 25.820 25.770 25.980 26.080 26.420 26.490 26.430 26.660 26.860 27.250 27.180 27.320 28.330 28.530 28.270 28.090 28.010 28.290 28.550 28.640 28.590 28.580 28.860 28.690 28.670 30.300 30.970 31.020 31.650 31.740 31.810 31.830 31.370 31.160 31.440 31.470 31.550 31.800 31.850 32.020 32.130 32.400
23.290 23.400 23.650 23.960 23.740 23.970 24.080 24.110 24.120 24.340 24.470 24.830 24.910 25.010 24.980 26.070 26.220 25.980 26.040 26.240 26.320 26.430 26.160 26.320 26.530 26.380 25.800 25.840 25.930 25.890 25.930 26.120 26.270 26.600 26.630 26.900 27.000 27.240 27.530 27.610 27.720 28.660 28.640 28.250 28.550 28.620 28.450 28.620 28.960 28.770 28.850 29.230 29.400 29.540 30.640 31.140 31.300 31.430 31.590 31.610 31.640 31.440 31.540 31.910 31.730 32.050 32.010 31.910 32.020 32.430 32.380
23.710 23.620 24.060 24.240 24.260 24.250 24.260 24.140 24.270 24.520 24.850 25.090 25.290 25.310 25.320 25.750 26.120 26.020 26.290 26.320 26.240 26.380 26.470 26.640 26.930 26.880 26.680 26.910 26.910 26.890 27.000 27.040 27.270 27.360 27.370 27.530 27.770 27.830 27.900 27.770 27.670 28.790 28.890 29.110 28.820 29.260 29.300 28.890 29.080 29.250 29.520 29.770 29.720 30.080 30.620 31.340 31.560 31.980 31.630 31.790 32.000 32.580 32.170 32.780 32.310 32.920 32.440 32.320 32.530 32.470 33.020
24.520 24.520 24.480 24.390 24.520 24.770 24.740 24.700 24.780 24.740 24.900 25.020 25.340 25.470 25.520 26.010 26.020 26.270 26.290 26.450 26.510 26.550 26.600 27.250 27.910 27.400 27.450 27.510 27.350 27.310 27.420 27.390 27.460 27.350 27.410 27.690 27.870 27.850 27.800 27.770 28.250 28.960 29.190 29.220 28.860 29.490 29.820 29.770 29.640 29.470 29.650 29.870 30.100 30.430 31.140 31.640 31.830 31.700 31.570 32.150 32.400 32.890 32.630 33.720 34.220 34.590 33.460 32.940 32.930 32.560 32.880
24.480 24.510 24.490 24.530 24.670 24.670 24.890 24.910 24.950 25.220 25.520 25.180 25.530 25.660 25.920 26.070 26.350 26.330 26.580 26.950 26.910 27.290 26.880 27.320 27.780 27.540 28.160 27.660 27.540 27.640 27.710 27.600 27.740 27.770 27.830 27.800 27.800 27.840 27.850 27.760 28.740 29.060 29.370 29.330 29.000 29.750 29.630 29.840 29.960 30.030 30.140 30.110 30.220 30.440 31.140 31.430 31.570 31.810 31.940 32.270 32.830 32.810 33.470 34.030 34.740 34.640 34.800 34.250 33.060 33.480 33.220
24.500 24.480 24.530 24.720 24.440 24.680 24.880 24.730 24.620 25.230 25.520 25.400 25.860 26.060 25.830 26.310 26.300 26.460 26.880 27.090 27.030 27.420 27.660 27.740 27.920 28.070 27.910 27.520 27.720 27.700 27.620 27.800 27.920 27.900 27.960 28.050 27.770 28.010 28.150 28.290 29.300 29.380 29.200 29.340 29.020 29.850 29.620 29.810 30.080 30.210 30.510 30.530 30.530 30.760 31.010 31.360 31.530 31.840 32.080 32.540 32.510 33.250 33.840 34.800 34.540 34.720 34.750 34.520 33.830 34.070 33.860
24.520 24.720 24.680 24.810 24.870 25.050 25.150 25.210 25.250 25.510 25.620 25.500 25.860 25.940 25.950 26.320 26.490 27.160 27.240 27.270 28.050 28.070 28.230 27.810 28.000 28.360 28.250 28.180 27.920 27.800 27.810 27.830 27.840 27.970 28.120 28.380 28.610 28.730 28.410 28.740 29.250 29.290 29.260 29.260 29.340 29.880 30.430 30.320 30.160 30.320 30.740 30.610 30.650 31.000 31.360 31.530 31.700 31.950 32.260 32.540 32.720 33.190 34.000 34.670 34.770 34.860 34.790 34.550 34.800 35.110 34.730
24.680 24.660 24.800 24.880 25.130 25.300 25.350 25.410 25.440 25.550 25.590 25.300 25.870 26.000 26.430 26.940 26.530 27.250 27.530 27.520 28.050 28.380 28.320 28.010 28.100 28.510 28.470 28.350 28.180 28.110 27.960 27.930 27.970 28.070 28.280 28.670 28.560 28.490 28.400 28.880 29.550 29.430 29.490 29.200 29.610 29.570 30.130 30.360 30.270 30.580 30.780 30.930 31.020 31.120 31.730 31.760 32.250 32.460 32.380 32.630 32.890 33.130 33.410 33.760 34.240 34.820 34.870 35.000 35.080 35.370 35.220
24.770 24.630 24.900 24.940 25.200 25.280 25.410 25.390 25.630 25.620 25.820 25.920 26.110 26.270 27.350 26.490 26.800 27.200 27.600 27.850 27.860 28.240 28.220 28.170 28.590 28.980 28.670 28.550 28.450 28.280 28.490 28.190 28.130 28.140 28.400 28.420 28.390 28.450 28.560 29.360 29.390 29.630 29.490 29.550 29.530 29.690 30.150 30.390 30.470 30.660 30.970 30.960 30.860 32.290 32.030 32.010 32.670 32.800 32.850 33.220 33.480 33.700 33.830 33.960 34.130 34.440 34.650 34.980 35.250 35.400 35.800
24.870 24.920 25.050 25.180 25.200 25.350 25.370 25.530 25.590 25.910 26.090 26.090 26.140 26.490 26.670 27.120 27.050 26.890 27.640 28.030 27.960 28.210 28.140 28.040 28.800 28.910 28.770 28.600 28.660 28.480 28.130 28.120 28.210 28.290 28.680 28.520 28.690 28.580 29.200 29.320 29.630 29.610 29.570 29.440 29.500 29.630 30.010 30.300 31.000 30.850 31.050 31.280 31.680 32.340 32.030 32.380 32.830 32.980 32.980 33.320 33.570 33.870 34.150 34.540 34.840 34.980 35.040 35.180 35.300 35.590 36.000
25.190 25.040 25.060 25.150 25.330 25.670 25.630 25.670 25.960 26.060 26.230 26.430 26.450 26.700 26.890 27.480 27.260 27.730 28.020 27.930 28.000 28.150 28.220 28.610 28.900 29.130 28.920 28.720 28.780 28.700 28.520 28.290 28.440 28.590 28.920 28.920 28.800 28.810 29.340 29.420 29.620 29.590 29.440 29.520 29.500 29.690 29.880 30.270 30.860 30.720 31.200 31.700 32.090 32.320 32.160 32.750 33.100 33.490 33.550 33.810 33.440 34.010 34.410 35.700 35.660 35.690 35.520 35.740 35.920 36.150 36.110
25.370 25.100 25.190 25.160 25.460 25.640 25.810 25.980 26.030 26.240 26.330 26.550 26.700 26.740 27.240 27.320 27.310 27.660 27.760 27.730 27.790 28.320 28.230 28.530 28.630 29.040 29.000 28.780 28.920 28.960 28.600 28.430 28.550 28.640 28.660 28.720 28.880 29.410 29.380 29.350 29.320 29.450 29.460 29.860 29.690 29.850 30.100 30.180 30.430 30.600 31.140 31.720 32.210 32.610 32.410 33.050 33.340 33.540 33.680 33.610 33.640 34.170 34.320 35.180 35.660 35.530 35.880 36.340 36.180 36.120 36.240
25.540 25.210 24.960 25.420 25.760 26.040 25.940 26.090 25.950 26.120 26.380 26.600 26.670 27.230 27.450 26.930 27.350 27.520 27.740 27.880 28.140 28.310 28.500 28.230 28.610 28.660 28.880 28.990 29.000 29.290 28.660 28.540 30.200 30.130 29.200 29.070 29.060 29.390 29.590 29.620 29.640 29.950 29.920 29.710 29.950 30.200 30.140 30.360 30.550 30.970 31.110 31.540 32.540 32.560 32.550 32.890 33.510 33.620 33.670 33.720 33.750 33.940 34.830 35.360 35.460 35.630 35.910 36.410 36.540 36.850 36.630
25.400 25.360 25.370 25.490 25.840 25.760 25.940 25.920 26.020 26.120 26.690 26.850 26.900 27.720 27.540 27.360 27.250 27.680 27.850 28.100 28.490 28.380 28.400 28.180 28.230 28.760 28.830 28.880 29.250 29.320 28.690 29.200 30.310 30.480 30.340 29.850 29.440 29.550 29.760 29.660 29.920 30.450 29.990 30.030 30.020 30.060 30.420 30.410 30.590 31.090 31.200 31.280 32.980 32.890 32.770 32.970 33.360 33.490 33.700 33.820 34.120 34.420 35.200 35.480 35.410 35.330 36.210 36.480 36.900 37.310 38.410
25.410 25.510 25.370 25.490 25.840 25.840 26.030 25.970 26.380 26.480 26.870 26.880 27.020 27.120 27.300 27.600 27.810 27.900 28.050 28.160 28.490 28.420 28.490 29.130 28.850 28.790 28.840 29.240 29.390 29.050 28.870 29.510 30.360 30.440 31.270 30.660 29.510 29.720 29.900 29.790 30.400 30.450 30.080 30.330 30.230 30.470 30.510 30.540 30.980 31.320 31.300 31.430 33.530 33.460 33.140 33.120 33.230 33.630 33.810 34.070 34.210 34.020 35.160 34.930 35.510 35.590 36.330 36.840 37.210 37.850 38.390
25.640 25.480 25.740 25.890 25.860 25.850 26.230 26.350 26.320 26.930 26.990 27.100 27.120 26.740 27.420 27.710 27.910 27.850 28.040 28.310 28.790 28.590 28.580 28.620 29.040 29.120 28.800 29.340 29.090 28.890 28.930 29.450 29.980 30.230 30.430 30.500 30.190 30.320 30.130 29.900 30.260 30.240 30.180 30.310 30.370 30.440 30.490 30.790 31.160 31.350 31.300 33.100 33.530 33.590 33.630 33.410 33.600 33.590 33.850 34.160 34.770 34.760 35.220 35.000 35.530 35.590 36.340 36.880 37.590 38.260 38.550
25.210 25.340 25.550 25.800 26.000 25.860 26.470 26.500 26.830 27.210 27.220 27.120 27.390 26.830 27.570 27.680 27.850 27.630 28.090 28.380 28.520 28.830 28.720 28.730 28.700 28.900 28.920 28.940 29.030 29.010 28.980 30.290 30.140 30.620 30.430 30.360 30.480 30.220 30.490 30.460 30.830 30.310 30.320 30.360 30.450 30.430 30.380 30.980 31.260 31.410 31.380 33.570 33.840 33.810 33.780 33.650 33.790 33.940 34.110 34.280 34.430 34.600 35.220 35.550 35.620 35.980 36.290 37.140 37.960 38.250 38.290
25.480 25.590 25.920 25.910 25.840 26.170 26.540 26.560 27.260 27.220 27.210 27.360 27.420 27.590 27.500 27.650 27.940 27.800 28.390 28.570 28.750 28.840 29.040 29.270 29.030 29.030 29.000 29.120 29.190 29.250 29.670 30.330 30.400 30.710 30.500 30.330 30.320 30.390 30.590 30.780 30.630 31.080 31.390 30.890 30.650 30.620 30.690 31.430 31.560 31.490 31.980 33.860 33.840 33.990 33.880 33.830 34.170 34.270 34.350 34.730 34.770 34.960 34.910 35.320 35.550 36.150 36.480 36.970 37.500 38.030 38.400
25.580 25.690 25.580 25.830 25.950 26.200 26.260 26.920 27.200 27.240 27.430 27.580 27.650 27.780 27.780 28.160 28.130 28.710 28.820 28.640 28.910 28.990 28.810 29.470 29.500 29.510 29.460 29.230 29.360 29.550 30.340 30.330 30.390 30.510 30.540 30.500 30.510 31.290 31.240 31.330 31.420 31.190 31.400 31.540 31.710 31.570 31.510 31.840 31.840 31.330 33.430 33.680 33.820 34.020 33.850 33.840 34.400 34.650 34.720 34.890 35.010 35.390 35.300 35.510 35.920 36.210 36.500 36.980 37.380 38.160 38.460
25.520 25.630 25.790 25.900 25.830 26.100 26.330 27.070 27.210 27.320 27.460 27.750 27.810 27.900 27.840 27.920 28.240 28.400 29.020 29.120 29.110 29.010 29.280 29.400 29.860 29.930 29.820 29.790 29.500 29.670 29.980 30.500 30.450 30.520 30.600 30.620 31.460 32.140 32.250 31.920 31.700 31.780 31.660 31.640 31.740 32.240 32.090 32.290 32.190 32.640 33.780 33.850 33.880 33.850 33.870 33.900 34.680 34.890 34.910 35.140 35.340 35.800 35.390 35.800 36.550 36.700 36.930 37.340 37.600 37.960 38.420
25.440 25.680 25.670 25.800 26.040 26.110 26.390 26.790 27.080 27.430 27.480 27.620 27.810 27.840 28.030 28.140 28.180 28.390 28.470 28.730 29.070 29.200 29.150 29.430 30.050 30.020 30.050 30.080 30.080 30.020 29.970 30.240 30.600 30.700 30.750 30.900 31.740 31.870 32.000 31.860 31.890 32.120 32.330 32.480 32.610 32.310 32.380 32.400 32.520 32.830 35.230 34.250 33.900 33.810 33.820 34.150 34.940 35.110 35.160 35.270 35.260 36.500 36.530 36.610 36.800 36.990 36.930 37.580 37.430 38.350 38.510
