0925_6225/LITTO3D_FRA_0929_6224_20150529_LAMB93_RGF93_IGN69/MNT5m/LITTO3D_FRA_0929_6224_MNT5_20150128_LAMB93_RGF93_IGN69.asc
ncols 200
nrows 200
xllcenter 929000.000
yllcenter 6223005.000
cellsize 5.0000
nodata_value -99999
[rows 160 to 191 of 200, columns 71 to 141 of 200]
39.020 39.340 39.430 39.960 40.280 40.460 40.400 40.640 40.840 41.010 40.940 41.250 41.040 41.290 41.870 41.950 41.990 41.960 42.290 42.110 43.510 44.260 44.330 44.650 44.900 44.330 44.360 44.580 44.230 44.080 43.930 43.950 43.890 43.960 43.930 43.270 40.780 40.260 40.750 40.980 40.800 40.870 40.950 40.970 40.960 40.970 41.000 41.160 41.230 41.200 41.450 41.500 41.760 41.880 42.370 42.530 42.890 43.160 43.240 43.240 43.840 45.270 45.860 45.800 45.930 47.340 47.290 47.470 47.550 47.700 47.950
39.190 39.360 39.680 40.910 40.800 40.690 40.690 41.130 41.220 41.380 41.350 41.600 41.820 41.680 42.190 42.520 42.730 43.270 42.720 43.790 44.870 44.900 44.810 44.840 45.160 44.940 44.410 44.560 44.560 44.710 44.220 44.010 44.020 43.940 43.890 43.860 43.310 41.750 41.290 41.150 41.460 41.410 41.830 41.430 41.280 41.290 41.380 41.470 41.490 41.740 41.620 41.840 42.050 42.220 42.470 42.940 43.000 43.350 43.550 43.810 43.580 43.950 44.770 45.320 46.160 47.140 47.410 47.470 47.510 47.710 47.910
39.500 39.640 39.860 40.840 40.730 40.920 40.900 41.200 41.370 41.970 42.030 42.190 42.350 42.430 42.660 42.820 43.120 43.210 43.680 44.770 45.400 45.680 45.460 45.470 45.460 44.700 44.780 44.760 44.730 44.770 44.730 44.190 44.380 44.280 43.880 43.980 44.030 43.590 42.390 41.980 41.870 42.130 42.540 42.110 41.780 41.780 41.750 41.980 41.800 41.940 41.870 42.110 42.350 42.410 42.640 42.840 43.200 43.460 43.660 43.730 43.940 43.980 44.770 45.560 45.750 46.630 47.410 47.560 47.430 47.620 47.760
39.280 39.730 40.150 40.480 40.910 41.040 41.670 41.840 42.020 42.300 42.480 42.670 42.860 42.960 43.020 43.410 43.640 43.880 44.550 45.840 45.890 45.770 45.890 45.670 45.410 44.880 45.440 45.360 45.370 45.150 44.580 44.540 44.890 44.930 45.060 44.640 44.680 43.890 43.330 43.410 42.790 42.960 43.100 42.660 42.320 42.070 42.090 42.030 42.210 42.220 42.310 42.520 42.420 42.840 42.850 43.150 43.280 43.390 43.900 43.900 44.170 44.200 44.430 45.940 46.280 46.390 46.710 47.500 47.650 47.450 47.590
39.300 40.110 40.530 40.780 41.040 41.670 42.000 42.120 42.370 42.410 42.390 43.080 43.250 43.190 43.320 44.000 44.050 44.940 46.790 46.380 46.190 46.660 46.770 46.240 46.050 45.460 45.470 45.590 46.360 45.920 45.380 45.080 45.020 45.000 45.260 45.210 45.370 45.090 44.680 44.020 44.440 43.750 43.490 43.320 42.840 42.510 42.470 42.560 42.460 42.740 42.880 42.980 42.900 43.210 43.190 43.380 43.520 43.650 43.850 44.010 44.250 44.400 44.410 44.410 45.200 45.970 46.570 47.230 47.370 47.560 47.850
40.050 40.250 40.970 41.020 41.490 41.840 42.150 42.420 42.550 42.920 42.640 43.390 43.630 44.090 44.300 44.590 44.830 46.810 47.160 47.100 47.130 47.440 47.350 46.650 46.540 46.620 46.930 46.490 46.390 46.300 45.820 45.820 45.740 45.550 45.540 45.810 45.780 46.110 46.380 45.980 44.970 44.370 44.050 43.760 43.420 43.060 43.050 43.180 43.160 43.090 43.070 43.310 43.330 43.330 43.720 43.750 43.810 44.030 44.210 44.360 44.660 44.650 44.690 44.600 44.820 45.130 45.530 45.640 45.930 46.460 46.290
39.920 40.450 40.870 41.170 41.680 42.170 42.370 42.550 42.980 43.400 43.540 43.950 44.290 44.730 45.010 44.890 46.110 47.300 47.240 47.430 47.570 47.710 47.640 47.530 47.040 47.220 47.470 47.570 47.690 47.330 47.130 46.580 46.220 46.070 46.210 46.240 46.660 46.830 47.000 46.410 46.220 45.910 45.220 44.440 44.490 43.830 43.450 43.690 43.540 43.560 43.470 43.610 43.690 43.600 43.870 44.190 44.210 44.260 44.370 44.630 44.710 44.870 44.770 44.910 45.090 45.170 45.280 45.370 45.750 46.180 46.750
40.290 40.630 41.180 41.260 41.750 42.340 42.650 43.340 43.320 43.610 43.870 43.990 44.680 45.060 45.210 45.750 47.200 47.440 47.480 47.580 47.630 47.820 47.930 47.990 48.020 47.980 47.940 48.180 47.890 48.560 48.040 47.720 47.040 47.160 47.270 47.070 47.550 47.520 48.000 48.580 48.140 47.270 46.470 45.820 44.870 44.390 44.050 43.880 43.900 43.870 43.800 43.850 43.920 43.970 44.020 44.200 44.550 44.510 44.770 44.920 45.070 45.230 45.110 45.170 45.240 45.370 45.860 45.940 46.450 46.620 46.450
40.300 40.750 41.160 41.640 41.980 42.360 42.700 43.120 43.650 43.840 44.070 44.540 45.120 45.380 46.000 46.580 47.630 47.570 47.660 47.820 47.860 48.180 48.220 48.590 48.590 48.570 48.600 48.660 49.160 49.030 48.970 48.180 47.760 48.100 48.490 48.530 48.310 48.200 49.130 50.100 50.730 48.880 47.830 47.240 45.820 44.860 44.690 44.250 44.100 44.080 44.200 44.120 44.180 44.120 44.370 44.460 44.710 44.610 45.090 45.280 45.300 45.400 45.540 45.510 45.670 45.780 45.970 46.270 46.680 47.010 47.100
40.080 40.580 41.050 41.580 42.070 42.530 42.970 43.440 43.940 44.070 44.470 44.980 45.600 46.000 46.370 47.600 47.610 47.730 47.880 47.920 48.060 48.510 48.900 49.050 49.150 49.190 49.280 50.120 49.790 49.320 49.110 48.900 48.960 49.220 49.130 49.210 49.590 49.820 49.810 50.660 50.730 50.450 50.040 48.810 47.180 45.630 44.970 44.810 44.580 44.490 44.410 44.580 44.490 44.570 44.650 44.910 45.050 45.250 45.320 45.270 45.620 45.770 45.750 45.720 45.890 45.990 46.100 46.250 46.550 47.280 47.370
39.950 40.400 41.060 41.620 42.100 42.700 43.160 43.630 44.100 44.060 44.490 45.410 45.970 46.500 47.060 47.830 47.700 47.890 47.940 48.820 49.840 49.950 49.900 49.900 50.000 50.080 50.240 50.230 50.290 50.060 49.900 49.560 49.130 49.730 50.440 50.830 50.810 50.920 51.110 51.070 50.820 50.680 50.420 50.260 48.520 47.110 45.790 45.200 45.160 45.110 44.950 44.700 44.930 44.950 45.160 45.380 45.610 45.630 45.710 45.860 45.700 45.930 46.020 46.070 46.090 46.220 46.230 46.420 46.850 47.010 47.330
39.740 40.390 40.930 41.460 42.150 42.700 43.070 43.750 44.480 44.610 45.100 45.510 46.130 46.640 47.740 47.720 47.800 47.890 48.350 49.820 49.770 49.890 50.210 50.070 50.420 50.640 51.300 51.210 51.080 51.500 51.620 51.320 50.930 50.880 51.650 51.800 51.990 52.200 52.120 52.120 51.360 50.960 50.750 50.570 49.850 49.190 48.020 47.040 46.370 45.490 45.310 45.190 45.180 45.520 45.870 45.820 45.850 46.030 46.140 46.040 46.220 45.970 46.220 46.260 46.450 46.500 46.650 46.780 47.040 47.120 47.280
39.720 40.310 40.650 41.300 42.030 42.570 42.860 44.070 44.780 44.940 45.420 45.870 46.720 47.340 47.680 47.870 47.900 48.090 49.940 49.930 50.430 51.360 52.730 52.890 52.700 52.970 52.850 53.140 53.090 53.940 53.950 53.960 54.010 54.240 54.070 53.180 53.190 53.180 52.980 52.810 52.410 52.010 51.170 50.750 50.060 50.160 49.590 49.380 48.460 47.440 46.270 45.590 45.720 45.880 46.150 46.360 46.370 46.490 46.520 46.400 46.370 46.500 46.510 46.410 46.660 46.770 46.950 47.090 47.150 47.190 47.540
39.490 39.980 40.440 41.170 41.780 42.330 43.050 44.290 44.980 45.190 45.690 46.300 46.620 47.160 47.610 47.830 47.950 49.410 50.010 51.870 52.550 52.930 52.920 53.000 53.050 53.110 54.520 54.530 54.510 54.360 54.290 54.360 54.390 54.530 54.620 54.440 54.000 54.090 53.880 53.750 53.190 52.960 51.690 51.050 50.560 50.450 50.770 50.800 50.370 49.550 48.380 47.330 46.200 46.210 46.350 46.450 46.580 46.710 46.800 46.820 46.850 46.860 46.970 46.910 46.940 47.030 47.160 47.320 47.430 47.370 47.530
39.320 39.620 40.230 40.800 41.320 41.950 42.970 44.430 45.140 45.270 45.500 46.130 46.690 47.310 47.950 48.520 49.340 50.080 51.190 52.800 52.850 52.860 52.980 53.100 53.390 54.580 54.570 54.500 54.550 56.240 56.250 56.340 56.210 55.950 55.240 54.980 55.210 54.820 54.920 54.530 54.120 54.050 52.920 52.050 51.190 51.320 51.070 50.700 50.720 51.310 51.090 49.840 49.090 47.110 46.650 46.620 46.740 46.670 46.810 47.010 46.950 47.160 47.230 47.240 47.360 47.350 47.610 47.650 47.230 47.450 47.630
39.140 39.530 40.090 40.500 41.080 41.570 43.470 44.990 45.160 45.610 45.600 45.850 46.540 47.110 48.190 48.770 49.650 50.360 52.110 52.840 52.940 52.940 53.080 53.330 54.770 54.740 54.770 54.640 56.540 56.300 57.510 58.180 57.250 56.340 56.290 56.430 56.320 55.930 55.510 55.280 54.990 55.000 54.270 54.240 54.100 52.360 51.410 51.120 50.700 50.810 51.020 51.720 50.980 50.030 48.890 47.980 46.800 46.910 47.190 47.140 47.350 47.330 47.440 47.610 47.740 47.870 47.830 47.850 47.570 47.650 47.750
38.990 39.490 39.910 40.380 40.890 41.680 44.530 44.970 45.220 45.830 45.700 46.380 46.470 46.670 48.030 49.100 49.880 50.350 51.370 52.080 52.960 53.090 53.220 54.370 54.790 54.790 54.800 56.700 56.540 58.060 58.570 58.560 57.510 57.330 57.650 57.520 57.410 57.480 57.000 56.540 55.990 55.650 55.570 55.370 55.350 54.350 53.880 52.690 51.270 51.230 51.260 51.140 51.230 51.090 51.170 50.630 49.310 48.110 47.080 47.410 47.340 47.470 47.910 48.050 48.090 48.050 48.180 48.000 47.940 47.930 48.090
39.100 39.310 39.800 40.160 40.740 41.740 44.140 45.000 45.170 45.600 45.800 46.180 46.310 46.980 47.940 48.990 49.450 50.510 51.440 52.130 52.650 53.120 53.750 54.710 54.720 54.600 55.750 56.860 57.610 58.660 58.580 58.450 58.440 58.670 58.840 58.580 58.640 58.510 58.210 58.320 57.940 56.830 56.750 55.610 55.720 55.460 55.330 54.960 54.030 52.870 52.250 52.140 51.860 51.520 51.420 51.300 51.000 50.570 49.350 48.360 47.540 47.940 47.870 48.230 48.660 48.610 48.800 48.480 48.350 48.440 48.540
39.140 39.330 39.680 40.080 40.610 41.190 42.370 43.630 45.180 45.470 45.690 45.920 46.170 47.210 48.320 48.960 49.530 50.590 51.490 52.370 52.790 53.680 54.150 54.740 55.340 54.710 56.970 57.370 58.800 58.800 58.900 58.970 59.490 59.830 60.150 60.100 59.790 59.390 59.240 59.170 58.520 58.360 58.130 57.440 56.630 56.180 55.560 55.530 55.190 54.880 54.300 55.100 53.340 51.420 51.380 51.450 51.200 51.250 51.030 50.770 50.310 49.750 49.180 49.020 48.960 49.130 49.170 48.960 48.850 49.080 49.210
39.080 39.410 39.660 40.100 40.420 40.920 41.330 42.230 44.100 45.040 45.550 45.520 46.550 47.740 48.410 49.400 50.050 50.750 51.640 52.310 53.120 53.560 54.420 55.340 55.880 56.530 57.140 58.800 58.840 58.910 59.360 59.630 60.500 60.860 61.200 61.090 60.770 60.530 60.400 60.060 59.980 59.560 58.980 58.950 58.180 57.660 56.760 56.110 55.660 55.380 55.070 55.770 55.170 53.670 52.070 51.440 51.250 51.390 51.550 51.510 51.230 51.360 51.240 50.570 50.710 50.570 50.120 49.630 49.760 49.960 50.180
39.050 39.360 39.750 40.160 40.640 41.000 41.420 41.690 42.180 43.430 44.240 45.060 47.250 48.150 48.780 49.360 49.730 50.340 51.420 52.130 52.990 53.650 54.490 55.290 56.200 56.960 57.460 58.790 58.860 59.310 59.890 60.370 60.860 62.030 61.770 61.860 61.870 61.510 61.510 61.420 61.240 60.810 60.330 59.880 59.610 59.290 57.880 57.340 56.880 56.000 55.770 55.510 55.300 55.410 55.860 55.540 52.310 51.610 52.170 51.870 51.680 51.950 51.950 51.710 51.620 51.710 50.840 50.430 50.750 50.710 50.810
39.130 39.470 39.740 40.120 40.560 41.020 41.550 41.830 42.310 43.370 44.300 44.640 44.940 47.790 48.600 48.970 49.800 50.040 51.040 51.700 52.370 53.380 54.530 55.330 55.830 56.860 57.750 58.260 58.870 59.590 60.170 60.830 61.230 61.940 62.480 62.580 62.680 62.640 62.610 62.440 62.490 62.830 62.070 61.250 61.030 60.090 59.370 58.540 57.830 57.030 56.520 55.870 55.730 55.330 55.330 55.340 55.200 53.940 53.340 53.130 53.960 53.450 53.090 52.810 52.420 52.120 51.700 51.300 51.560 51.380 51.240
39.210 39.400 39.820 40.260 40.660 41.080 41.590 41.900 42.900 43.890 44.230 44.510 44.900 45.240 47.640 48.830 49.460 50.200 50.750 51.090 52.380 53.270 54.250 55.190 55.630 56.790 57.570 58.120 59.250 59.790 60.460 61.110 61.620 62.020 62.720 63.320 63.680 63.500 63.540 64.600 64.470 64.090 63.790 63.230 62.150 62.020 61.650 60.080 59.200 58.830 57.980 57.310 56.520 56.450 55.530 55.390 55.240 55.230 55.050 54.970 54.500 53.960 53.650 53.800 53.270 52.580 52.330 52.150 52.020 52.010 52.080
39.270 39.620 39.890 40.350 40.630 41.120 41.820 43.140 43.660 44.030 44.320 44.670 45.070 45.440 45.380 48.540 49.160 50.070 50.700 51.180 51.800 52.810 53.890 54.910 55.740 56.550 57.310 58.010 58.900 59.760 60.810 61.310 62.110 62.560 62.990 63.580 64.240 64.940 65.030 64.920 64.690 64.670 64.880 65.080 64.560 64.320 63.700 63.030 61.130 59.910 59.190 58.440 58.190 57.160 56.820 56.350 55.720 55.410 55.200 55.160 55.000 54.570 54.580 54.450 54.050 53.610 53.270 52.940 52.460 52.490 52.790
39.850 39.670 39.880 40.690 40.990 41.910 43.310 43.500 43.780 44.120 44.590 44.840 45.270 45.720 46.210 46.040 49.210 50.290 50.440 51.030 51.710 52.580 53.520 54.560 55.450 56.390 57.160 57.830 58.990 59.690 60.520 61.210 62.210 62.930 63.580 64.070 64.750 64.990 65.180 65.800 66.280 65.980 65.620 65.460 64.720 64.720 64.310 64.360 64.160 61.870 60.580 59.910 59.370 58.660 58.100 58.090 57.210 56.580 56.100 56.030 55.580 55.860 55.710 55.100 54.420 54.160 54.650 53.680 52.980 53.150 53.100
40.920 41.330 40.770 41.080 41.800 42.870 43.300 43.650 43.910 44.300 44.750 45.150 45.510 46.040 46.550 46.630 49.150 50.610 50.750 50.870 51.480 51.990 53.580 54.260 54.940 55.920 56.890 57.920 58.820 59.780 60.390 61.290 61.930 63.370 63.940 64.790 65.170 65.640 66.400 66.590 66.820 66.870 66.750 66.650 66.290 65.700 65.010 64.710 64.440 64.360 62.730 61.340 60.840 59.750 59.490 59.080 58.390 57.880 57.180 57.100 56.740 56.680 56.160 55.990 55.090 54.870 55.250 55.770 54.470 53.520 53.030
41.390 41.560 41.610 41.890 42.610 42.950 43.410 43.790 44.260 44.690 45.040 45.330 45.760 46.370 46.780 47.980 50.880 51.060 51.210 51.220 51.720 52.600 53.580 54.050 54.110 55.650 56.430 57.590 58.250 59.550 60.480 61.280 62.240 63.150 64.210 64.820 65.670 66.280 66.680 67.400 67.630 67.760 67.970 68.160 67.550 67.010 66.300 65.830 65.170 64.710 64.680 63.470 62.060 61.180 60.580 60.250 59.920 59.040 58.760 58.790 58.210 57.910 57.500 56.880 56.300 55.820 55.810 56.150 55.750 54.430 53.260
41.530 41.640 41.830 42.200 42.780 43.140 43.640 44.100 44.680 45.040 45.430 45.770 46.160 46.590 47.200 49.970 51.140 51.110 51.710 51.510 52.570 53.360 53.880 54.410 55.310 55.660 56.700 57.480 58.420 59.440 60.360 61.510 62.820 63.190 64.070 64.940 66.100 66.550 67.190 67.910 68.650 69.080 69.020 69.270 68.900 68.210 67.700 67.090 66.460 65.640 65.260 65.010 64.750 62.960 62.220 61.440 60.580 60.230 60.620 61.750 60.250 58.260 57.970 57.630 57.680 56.520 56.710 56.760 56.570 56.080 55.600
41.770 41.890 42.180 42.530 42.930 43.350 43.760 44.530 44.980 45.500 45.870 46.210 46.660 46.960 48.170 51.180 51.150 52.910 53.080 53.000 53.450 54.250 54.940 55.340 55.900 56.700 57.330 58.090 58.480 59.360 60.030 61.400 62.900 63.310 64.600 65.380 65.990 66.990 67.960 68.360 69.290 69.790 70.080 69.930 69.980 69.420 69.030 68.450 68.050 66.930 66.300 65.870 65.500 66.010 65.160 64.430 64.320 63.120 63.750 62.220 59.850 59.480 59.000 58.410 58.380 58.330 57.320 57.280 57.250 56.720 56.460
41.910 42.190 42.480 43.070 43.320 43.820 44.360 44.740 45.470 45.820 46.250 46.780 47.020 48.440 51.000 51.190 53.000 53.140 53.230 54.050 54.560 55.120 55.960 56.370 57.160 57.470 58.610 58.970 59.690 60.020 61.050 63.100 62.760 63.380 64.580 65.680 66.430 67.340 67.630 69.020 69.790 70.330 70.870 71.150 70.770 70.530 70.120 69.730 69.110 68.290 67.610 66.970 66.440 66.080 66.240 66.170 66.110 65.240 64.280 62.510 60.800 60.320 59.880 59.350 59.080 58.790 57.680 57.650 57.280 57.240 57.280
42.170 42.420 42.640 43.210 43.690 44.140 44.610 45.120 45.800 46.340 46.870 47.150 48.730 50.870 51.240 52.710 53.090 53.490 54.150 55.480 55.740 56.170 56.820 57.490 58.390 58.600 59.480 60.140 60.810 62.000 63.130 63.760 63.680 64.420 64.980 66.290 67.010 67.440 68.760 69.400 70.120 71.090 71.480 72.130 72.370 71.710 71.450 71.020 70.390 69.800 69.010 68.530 67.670 66.430 66.340 66.320 66.390 66.200 65.240 62.900 61.770 61.190 60.310 60.020 59.690 59.390 58.480 58.360 58.170 58.080 58.120
41.810 42.180 42.840 43.300 43.850 44.460 45.030 45.540 46.180 46.740 47.240 48.050 50.770 51.330 51.780 53.110 53.060 55.070 55.410 56.210 56.930 57.460 57.920 58.660 58.990 59.880 60.060 61.010 61.480 63.440 64.110 63.800 63.990 65.040 65.690 66.780 67.440 68.330 69.350 70.210 70.840 71.490 72.590 72.730 73.200 73.520 72.790 72.470 71.690 71.020 70.320 69.740 68.920 67.440 66.750 66.560 66.720 67.020 65.970 63.760 62.810 62.280 61.170 60.600 60.690 60.230 59.650 59.570 59.170 58.720 58.680
