0925_6225/LITTO3D_FRA_0927_6223_20150529_LAMB93_RGF93_IGN69/MNT5m/LITTO3D_FRA_0927_6223_MNT5_20150529_LAMB93_RGF93_IGN69.asc
ncols 200
nrows 200
xllcenter 927000.000
yllcenter 6222005.000
cellsize 5.0000
nodata_value -99999
[rows 58 to 86 of 200, columns 67 to 133 of 200]
-15.530 -15.560 -15.560 -15.300 -15.900 -15.390 -15.390 -15.660 -15.460 -15.690 -16.140 -15.900 -16.230 -16.100 -16.290 -15.990 -15.990 -16.190 -16.140 -16.150 -15.890 -16.470 -15.620 -15.420 -15.740 -15.960 -15.960 -16.180 -16.130 -15.860 -15.570 -15.720 -15.440 -14.840 -14.320 -14.210 -13.810 -13.780 -13.510 -14.020 -13.810 -13.200 -12.740 -12.370 -9.560 -9.190 -7.990 -7.870 -9.770 -9.240 -8.000 -8.280 -7.790 -7.710 -7.410 -7.240 -7.200 -6.650 -5.800 -5.590 -5.640 -5.340 -1.860 -0.030 -3.450 -4.610 -5.350
-15.910 -15.940 -15.770 -15.480 -15.880 -15.360 -15.440 -15.620 -15.650 -16.220 -16.400 -16.020 -16.630 -16.100 -16.520 -16.260 -16.340 -16.310 -16.230 -16.290 -16.250 -16.350 -16.110 -14.810 -15.790 -16.150 -16.180 -16.230 -15.750 -16.010 -15.710 -15.770 -15.430 -15.230 -14.860 -14.520 -14.480 -14.040 -13.970 -14.080 -14.110 -13.700 -12.590 -12.080 -11.520 -10.840 -10.470 -10.360 -9.690 -6.600 -6.720 -8.730 -8.780 -8.520 -6.370 -5.150 -7.350 -4.740 -5.510 -1.050 -3.050 -4.080 0.720 0.520 -5.560 -5.410 -6.610
-16.260 -16.590 -16.190 -15.880 -15.700 -15.750 -15.540 -15.550 -15.610 -15.930 -16.310 -16.410 -16.610 -16.520 -16.450 -16.470 -16.370 -16.320 -16.380 -16.290 -16.300 -16.280 -16.330 -16.200 -16.340 -16.410 -16.200 -16.490 -15.900 -15.990 -16.120 -15.900 -15.600 -15.750 -15.620 -14.920 -14.780 -14.380 -14.590 -14.370 -14.470 -13.090 -12.760 -12.110 -11.300 -11.050 -10.650 -8.530 -6.540 -8.460 -9.420 -9.230 -9.150 -6.420 -8.480 -8.130 -6.600 -3.150 -5.280 -2.580 -3.610 -3.030 0.060 0.420 -6.690 -5.000 -7.370
-16.730 -16.830 -16.320 -16.290 -16.330 -16.180 -15.940 -16.050 -15.980 -16.180 -16.450 -16.000 -16.050 -16.500 -16.800 -16.630 -16.660 -16.550 -16.540 -16.500 -16.380 -16.500 -16.470 -16.410 -16.370 -16.480 -16.210 -16.370 -16.180 -16.240 -16.480 -15.860 -15.870 -15.910 -15.730 -15.810 -14.950 -14.850 -14.830 -14.530 -13.880 -13.370 -12.510 -12.290 -11.750 -11.140 -10.710 -10.600 -10.020 -9.500 -9.580 -9.080 -7.890 -7.110 -3.100 -4.160 -5.870 -5.890 -3.660 -3.000 -6.590 -4.180 -3.560 -2.970 -6.760 -6.120 -6.880
-17.180 -16.960 -16.840 -16.720 -16.770 -16.510 -16.480 -16.310 -16.430 -16.500 -16.260 -15.970 -16.180 -16.850 -16.830 -16.760 -16.740 -16.650 -16.610 -16.640 -16.570 -16.650 -16.530 -16.610 -16.580 -16.630 -16.450 -16.540 -16.200 -16.310 -16.500 -16.110 -16.170 -15.800 -15.650 -15.130 -15.380 -15.070 -14.930 -14.620 -14.020 -13.340 -12.660 -12.290 -11.740 -11.310 -11.150 -10.900 -10.530 -10.200 -10.280 -9.390 -7.650 -8.260 -8.640 -0.430 -0.150 -6.760 -4.990 -5.140 -5.880 -5.260 -6.870 -8.070 -8.360 -7.860 -8.580
-17.850 -17.300 -17.300 -17.260 -17.090 -17.060 -16.980 -16.790 -16.600 -16.680 -16.370 -16.350 -16.320 -16.650 -16.860 -16.880 -16.720 -16.840 -16.830 -16.800 -16.670 -16.660 -16.720 -16.790 -16.650 -16.390 -16.390 -16.580 -16.610 -16.550 -16.380 -16.290 -16.130 -15.810 -15.680 -15.610 -15.450 -15.460 -14.760 -14.320 -13.890 -13.160 -12.860 -12.340 -11.880 -11.790 -11.480 -11.200 -10.950 -10.740 -9.270 -10.170 -6.700 -4.940 -4.820 -0.850 -0.150 -7.040 -4.830 -5.910 -4.910 -3.780 -6.640 -8.870 -8.270 -7.200 -8.180
-18.040 -17.660 -17.880 -17.590 -17.550 -17.380 -17.150 -16.900 -16.650 -16.830 -16.710 -16.580 -16.360 -17.010 -16.820 -16.890 -17.050 -16.850 -16.890 -16.940 -16.810 -16.740 -16.770 -16.740 -16.770 -16.730 -16.490 -16.500 -16.570 -16.450 -16.480 -16.610 -16.330 -15.900 -15.780 -15.570 -15.370 -15.350 -14.400 -14.200 -13.440 -13.120 -12.860 -12.640 -12.210 -12.070 -11.390 -11.350 -10.650 -10.980 -10.720 -11.160 -6.640 -4.570 -4.810 -2.360 -0.460 -4.190 -4.770 -9.260 -6.430 -3.770 -6.310 -9.230 -7.750 -8.520 -12.630
-18.270 -18.110 -18.080 -17.790 -17.670 -17.460 -17.320 -17.100 -17.560 -17.050 -16.820 -16.630 -16.660 -16.890 -17.210 -17.000 -17.050 -16.980 -17.010 -16.790 -17.030 -16.930 -17.050 -16.880 -16.950 -16.870 -16.860 -16.670 -16.690 -16.580 -16.520 -16.530 -16.470 -16.120 -16.220 -15.880 -15.880 -15.490 -14.470 -14.010 -13.850 -13.420 -12.810 -12.650 -12.570 -12.560 -12.120 -12.120 -10.540 -9.050 -6.700 -7.500 -8.740 -6.350 -6.780 -6.070 -6.190 -7.250 -7.460 -9.590 -9.490 -5.200 -7.810 -10.390 -7.540 -9.660 -13.340
-18.580 -18.440 -18.320 -18.010 -17.760 -17.730 -17.550 -17.110 -17.750 -17.820 -16.990 -16.740 -16.690 -16.910 -17.140 -17.210 -17.290 -17.060 -16.550 -17.050 -16.980 -17.020 -16.900 -17.000 -16.920 -17.000 -16.700 -16.750 -16.780 -16.870 -16.260 -16.390 -16.400 -16.050 -16.450 -16.080 -16.040 -16.100 -14.840 -14.360 -14.030 -13.600 -13.180 -13.030 -12.610 -12.490 -12.870 -12.820 -8.110 -6.490 -6.800 -8.590 -10.360 -9.930 -8.630 -8.200 -9.740 -10.200 -8.800 -8.970 -6.780 -6.710 -9.530 -7.360 -5.850 -12.060 -11.700
-18.790 -18.510 -18.330 -18.210 -18.240 -17.920 -17.540 -17.590 -17.800 -17.950 -17.190 -16.850 -16.790 -17.470 -17.480 -17.590 -16.740 -17.270 -17.030 -17.290 -17.010 -16.970 -17.040 -17.060 -16.990 -17.150 -16.880 -16.910 -16.790 -17.000 -16.440 -16.330 -16.380 -16.350 -16.410 -16.090 -15.910 -15.790 -15.090 -14.640 -13.760 -13.990 -13.710 -13.530 -13.000 -12.500 -12.430 -10.300 -7.850 -9.220 -10.080 -9.240 -9.130 -7.630 -4.010 -4.900 -7.040 -9.590 -8.410 -6.950 -4.990 -5.010 -7.240 -5.590 -7.350 -10.930 -11.800
-18.970 -18.840 -18.690 -18.500 -18.340 -18.400 -17.950 -17.630 -17.870 -17.670 -17.230 -16.990 -17.000 -17.610 -17.020 -17.590 -17.250 -17.460 -17.160 -17.140 -17.110 -17.090 -17.030 -17.110 -17.220 -17.000 -17.080 -16.850 -16.750 -16.500 -16.860 -16.660 -16.350 -16.250 -16.200 -16.100 -16.230 -15.960 -15.340 -15.100 -14.550 -14.630 -14.400 -14.070 -13.480 -13.300 -12.500 -11.680 -12.190 -10.470 -7.980 -6.870 -6.100 -3.360 -2.280 -2.780 -8.460 -10.590 -7.480 -6.110 -5.460 -7.710 -8.440 -7.650 -6.930 -8.500 -6.480
-19.160 -18.720 -18.740 -18.870 -18.570 -18.460 -18.100 -17.550 -18.260 -17.470 -17.210 -17.330 -17.350 -17.200 -17.630 -17.370 -17.390 -17.240 -17.390 -17.230 -17.230 -17.190 -17.140 -17.130 -17.230 -17.200 -16.900 -16.960 -17.340 -16.960 -16.830 -16.410 -17.070 -16.470 -16.520 -16.260 -16.260 -16.020 -15.970 -14.990 -14.840 -15.310 -15.200 -15.630 -9.510 -9.150 -12.620 -12.100 -12.060 -9.210 -8.010 -7.330 -7.400 -4.370 -3.710 -11.170 -11.180 -9.610 -7.560 -5.670 -6.470 -10.810 -7.890 -4.850 -8.120 -7.650 -8.060
-19.160 -19.140 -19.100 -19.120 -18.690 -18.360 -18.290 -18.110 -17.910 -17.770 -17.470 -17.340 -17.320 -17.840 -17.830 -17.640 -17.630 -17.440 -17.420 -17.390 -17.360 -17.180 -17.190 -17.170 -17.190 -17.140 -17.070 -17.200 -17.060 -17.130 -16.930 -16.800 -16.930 -16.220 -16.680 -16.770 -16.150 -16.120 -15.860 -15.640 -15.440 -13.340 -14.050 -14.440 -10.330 -9.330 -7.940 -10.500 -11.370 -8.290 -7.220 -6.080 -5.650 -7.510 -9.580 -11.440 -11.270 -11.030 -11.160 -11.340 -10.800 -6.710 -6.520 -9.340 -7.170 -7.590 -9.380
-19.320 -19.170 -19.210 -19.130 -18.610 -18.550 -18.700 -18.100 -18.090 -18.040 -17.590 -17.210 -17.390 -17.790 -17.910 -17.880 -17.590 -17.590 -17.520 -17.500 -17.450 -17.260 -17.330 -17.430 -17.270 -17.310 -17.190 -17.300 -17.160 -17.150 -16.990 -17.110 -16.980 -17.080 -16.760 -16.550 -16.330 -16.800 -16.160 -15.270 -9.410 -9.400 -11.320 -12.920 -13.730 -10.830 -8.660 -9.250 -11.070 -10.060 -6.690 -9.210 -10.040 -11.700 -12.090 -11.460 -11.450 -10.560 -9.480 -10.020 -4.720 -5.230 -6.060 -6.540 -6.820 -8.520 -9.900
-19.460 -19.230 -19.110 -19.160 -19.010 -18.710 -18.540 -18.500 -18.660 -18.180 -17.710 -17.580 -17.600 -18.100 -17.960 -17.900 -18.110 -17.860 -17.580 -17.660 -17.440 -17.610 -17.440 -17.480 -17.310 -17.390 -17.290 -17.250 -17.210 -17.260 -17.080 -17.170 -17.060 -16.820 -16.740 -16.690 -16.660 -16.360 -16.810 -10.490 -9.780 -9.220 -9.400 -10.800 -13.140 -13.170 -10.530 -9.360 -12.610 -11.420 -9.550 -12.650 -12.310 -12.170 -12.520 -10.680 -11.930 -9.330 -7.470 -8.000 -4.830 -5.900 -6.830 -5.390 -5.930 -6.440 -7.020
-19.630 -19.330 -19.320 -19.190 -18.990 -18.790 -18.790 -18.580 -18.190 -18.190 -18.020 -17.770 -17.850 -18.210 -17.970 -18.030 -17.540 -17.720 -17.540 -17.460 -17.620 -17.550 -17.440 -17.440 -17.420 -17.390 -17.310 -17.230 -17.200 -17.310 -17.040 -16.570 -17.210 -16.960 -16.630 -16.860 -16.650 -16.990 -13.840 -11.240 -11.250 -10.820 -9.330 -9.550 -10.780 -12.120 -14.290 -13.570 -13.560 -12.420 -13.200 -13.300 -12.920 -9.870 -10.430 -11.790 -9.280 -8.520 -9.590 -9.800 -6.450 -6.530 -5.660 -5.120 -6.370 -6.020 -7.600
-19.700 -19.460 -19.550 -19.390 -19.150 -19.010 -18.800 -18.520 -18.360 -18.070 -17.920 -17.910 -17.970 -18.060 -18.220 -18.110 -17.630 -17.970 -17.760 -17.790 -17.650 -17.640 -17.540 -17.430 -17.640 -17.400 -17.390 -17.400 -17.300 -17.140 -17.100 -16.910 -16.610 -16.660 -16.960 -17.010 -14.210 -16.910 -15.820 -14.480 -11.300 -11.520 -10.590 -8.550 -9.380 -10.560 -14.340 -13.450 -13.760 -13.450 -13.580 -13.270 -11.030 -10.090 -13.350 -10.910 -11.500 -9.860 -14.360 -8.970 -7.080 -6.190 -5.030 -6.410 -7.240 -7.380 -7.020
-19.650 -19.410 -19.930 -19.540 -19.410 -19.120 -18.620 -18.690 -18.300 -18.240 -18.020 -17.780 -18.070 -17.910 -18.300 -18.130 -18.210 -17.980 -17.790 -17.850 -17.860 -17.740 -17.690 -17.560 -17.650 -17.580 -17.570 -17.410 -17.350 -17.200 -16.950 -17.080 -16.850 -17.070 -16.770 -16.240 -14.450 -14.230 -18.010 -13.380 -12.640 -13.560 -13.810 -9.530 -10.720 -11.000 -13.870 -14.530 -14.270 -14.030 -14.180 -13.840 -11.980 -13.180 -13.090 -10.730 -10.090 -13.600 -12.390 -8.110 -7.290 -6.610 -7.090 -6.730 -7.480 -8.120 -7.070
-19.840 -20.070 -19.720 -19.460 -19.410 -19.110 -19.020 -18.660 -18.490 -18.320 -18.210 -18.360 -19.020 -18.550 -18.230 -18.460 -18.110 -18.050 -17.950 -17.950 -17.740 -17.670 -17.730 -17.610 -17.620 -17.680 -17.550 -17.600 -17.480 -17.380 -17.230 -17.690 -16.810 -17.260 -16.400 -15.250 -15.250 -14.710 -17.840 -13.510 -13.260 -13.190 -15.600 -12.080 -12.720 -14.050 -15.280 -15.350 -15.220 -14.580 -14.850 -14.870 -12.910 -11.280 -13.680 -11.110 -12.490 -13.980 -10.900 -7.900 -7.440 -8.260 -7.470 -7.620 -8.860 -8.970 -7.180
-19.940 -19.850 -19.710 -19.480 -19.360 -19.020 -18.990 -18.860 -18.450 -18.260 -18.290 -18.360 -18.520 -18.630 -18.260 -18.210 -18.320 -18.120 -18.190 -18.030 -17.820 -17.810 -17.860 -17.760 -17.800 -17.740 -17.720 -17.430 -17.470 -17.770 -17.250 -17.460 -17.150 -17.390 -16.660 -17.130 -15.880 -14.990 -16.860 -15.950 -15.010 -15.000 -17.050 -16.420 -15.990 -15.760 -15.940 -15.740 -15.490 -15.360 -15.290 -15.610 -12.300 -11.800 -14.130 -14.370 -13.660 -10.980 -8.570 -8.570 -8.210 -9.270 -9.530 -9.010 -8.940 -10.160 -7.570
-20.200 -20.080 -19.920 -19.620 -19.320 -19.150 -18.950 -18.790 -18.460 -18.340 -18.500 -18.480 -18.420 -18.370 -18.230 -18.800 -18.400 -18.490 -18.300 -18.120 -17.980 -18.000 -17.940 -17.840 -17.920 -17.640 -17.690 -17.790 -17.670 -17.610 -17.530 -17.300 -17.340 -17.280 -17.040 -16.360 -15.580 -15.080 -17.320 -16.940 -15.070 -17.070 -17.840 -16.930 -16.490 -16.540 -15.820 -16.060 -16.010 -15.690 -15.390 -15.060 -12.390 -14.790 -14.860 -14.350 -14.730 -11.670 -10.460 -8.980 -9.540 -10.070 -12.830 -11.300 -9.390 -9.950 -6.950
-20.250 -20.230 -19.960 -19.630 -19.480 -19.140 -19.160 -18.890 -18.780 -18.730 -18.290 -18.440 -18.500 -18.350 -18.180 -18.220 -18.670 -18.180 -18.440 -18.430 -18.090 -18.100 -18.010 -18.030 -17.900 -17.910 -17.870 -17.830 -17.770 -17.680 -17.550 -17.290 -17.320 -17.470 -17.480 -16.670 -15.880 -15.310 -17.230 -17.940 -18.230 -18.640 -17.000 -16.020 -16.480 -17.280 -16.940 -16.570 -16.250 -15.800 -15.650 -15.670 -15.530 -15.400 -14.110 -12.020 -15.230 -11.170 -11.070 -10.040 -10.430 -11.480 -12.870 -15.820 -11.250 -8.630 -6.570
-20.380 -20.300 -20.020 -19.800 -19.480 -19.540 -19.310 -19.070 -18.760 -18.630 -18.440 -18.690 -18.560 -18.540 -18.500 -18.230 -18.690 -18.590 -18.500 -18.300 -18.270 -18.140 -18.180 -18.060 -18.040 -18.120 -17.980 -17.940 -17.920 -17.660 -17.760 -16.980 -16.730 -17.550 -18.160 -17.340 -15.940 -15.160 -19.020 -18.360 -18.070 -16.980 -16.290 -16.340 -16.490 -17.630 -17.350 -16.830 -16.390 -16.010 -16.070 -15.990 -16.040 -15.980 -15.300 -13.050 -15.680 -11.650 -10.560 -10.630 -11.200 -14.480 -11.050 -15.750 -14.450 -8.210 -8.030
-20.660 -20.440 -20.140 -20.010 -19.780 -19.570 -19.640 -19.370 -19.040 -18.880 -18.800 -18.590 -18.630 -18.580 -18.500 -18.330 -18.830 -18.630 -18.610 -18.450 -18.410 -18.340 -18.240 -18.170 -18.180 -18.060 -18.080 -17.950 -17.960 -17.840 -17.790 -17.040 -17.230 -17.540 -18.110 -17.900 -16.850 -15.160 -19.020 -19.100 -18.150 -17.770 -17.230 -17.940 -17.750 -17.700 -17.180 -16.940 -16.520 -16.690 -16.490 -16.690 -16.190 -16.720 -16.120 -15.520 -16.800 -11.760 -9.590 -11.060 -13.620 -14.680 -13.810 -17.000 -17.630 -11.160 -11.680
-20.800 -20.590 -20.410 -20.120 -19.910 -19.860 -19.730 -19.380 -19.360 -18.970 -19.100 -18.740 -18.750 -18.800 -18.810 -18.530 -18.730 -18.380 -18.680 -18.490 -18.830 -18.240 -18.580 -18.340 -18.140 -18.140 -18.110 -18.090 -17.930 -17.830 -17.690 -16.980 -17.230 -17.420 -18.200 -18.480 -17.460 -18.660 -18.720 -18.640 -18.350 -18.300 -18.180 -18.420 -17.970 -17.660 -17.120 -16.790 -17.030 -17.060 -16.960 -16.590 -16.110 -16.670 -14.870 -15.410 -16.340 -13.230 -11.450 -12.250 -15.360 -13.710 -14.240 -14.910 -12.540 -13.400 -16.850
-21.050 -20.800 -20.600 -19.950 -20.330 -20.280 -19.870 -19.500 -19.320 -19.140 -18.960 -19.030 -18.700 -18.780 -18.550 -18.770 -18.660 -18.360 -18.490 -18.440 -18.500 -18.130 -18.740 -18.410 -18.310 -18.140 -18.150 -18.240 -18.000 -17.980 -17.970 -17.380 -16.580 -17.020 -18.640 -18.570 -18.720 -18.530 -18.540 -18.980 -18.450 -18.460 -18.470 -18.160 -18.160 -17.800 -17.510 -17.330 -17.400 -17.270 -17.020 -17.240 -17.210 -16.660 -13.170 -14.320 -17.660 -16.070 -14.100 -14.870 -16.690 -14.130 -17.050 -15.560 -15.280 -17.200 -16.820
-21.250 -20.980 -20.750 -20.440 -20.260 -20.040 -19.850 -19.740 -19.340 -19.440 -19.200 -19.030 -19.030 -18.780 -18.980 -18.820 -18.640 -18.640 -18.500 -18.420 -18.290 -18.340 -18.680 -18.400 -18.420 -18.360 -18.220 -18.360 -18.470 -18.360 -18.290 -17.710 -16.740 -18.760 -18.650 -18.590 -18.800 -19.160 -18.760 -19.160 -18.770 -18.550 -18.520 -18.150 -17.750 -18.130 -17.930 -17.750 -17.820 -17.200 -17.370 -17.150 -17.740 -15.050 -13.670 -14.190 -14.040 -17.340 -14.850 -16.160 -15.610 -14.550 -15.750 -16.240 -16.390 -17.060 -19.330
-21.490 -21.240 -20.960 -20.690 -20.710 -20.600 -20.270 -19.860 -19.490 -19.470 -19.330 -19.440 -19.160 -19.200 -18.750 -18.930 -18.820 -18.740 -18.620 -18.540 -18.720 -18.440 -18.290 -18.680 -18.200 -18.670 -18.120 -18.470 -18.670 -18.520 -19.010 -18.670 -18.700 -18.950 -18.690 -18.670 -18.890 -18.960 -19.160 -19.140 -18.790 -18.700 -18.320 -17.820 -18.500 -18.420 -18.140 -17.970 -17.990 -17.880 -17.670 -16.100 -16.530 -16.930 -16.220 -14.550 -13.780 -15.270 -17.420 -17.330 -16.090 -15.370 -15.940 -16.940 -17.000 -17.870 -19.160
-21.610 -21.410 -21.060 -20.830 -20.680 -20.380 -20.360 -19.950 -19.650 -19.540 -19.380 -19.400 -19.420 -19.140 -19.110 -19.030 -18.910 -19.000 -18.980 -19.040 -18.840 -18.740 -18.730 -18.720 -18.630 -18.510 -18.630 -19.250 -19.070 -18.890 -18.850 -18.910 -18.960 -19.310 -18.870 -18.870 -19.240 -19.100 -19.200 -19.050 -18.970 -18.890 -18.290 -18.820 -18.670 -18.410 -18.210 -18.050 -18.210 -18.020 -16.980 -15.120 -14.780 -16.470 -17.040 -18.120 -17.740 -15.560 -17.360 -17.810 -17.000 -15.350 -16.410 -16.800 -17.490 -19.160 -19.420
