0925_6225/LITTO3D_FRA_0927_6223_20150529_LAMB93_RGF93_IGN69/MNT5m/LITTO3D_FRA_0927_6223_MNT5_20150529_LAMB93_RGF93_IGN69.asc
ncols 200
nrows 200
xllcenter 927000.000
yllcenter 6222005.000
cellsize 5.0000
nodata_value -99999
[rows 116 to 144 of 200, columns 67 to 133 of 200]
-28.860 -28.580 -28.370 -28.130 -28.390 -27.300 -27.760 -27.400 -27.340 -27.050 -26.590 -26.450 -26.210 -26.100 -25.700 -25.380 -25.010 -24.720 -24.460 -24.180 -24.110 -23.720 -23.410 -23.430 -23.530 -23.200 -23.320 -23.510 -23.740 -23.430 -23.190 -22.840 -21.870 -21.950 -21.090 -21.240 -20.680 -20.770 -22.110 -22.410 -21.750 -21.320 -21.570 -21.950 -23.240 -22.550 -22.240 -21.780 -22.560 -22.920 -23.040 -22.290 -21.910 -20.780 -20.790 -21.080 -22.000 -22.180 -23.030 -23.220 -23.620 -23.460 -23.320 -23.400 -23.370 -23.530 -23.580
-29.330 -28.770 -28.390 -28.440 -28.130 -27.970 -27.810 -27.640 -27.280 -27.060 -26.870 -26.420 -26.520 -26.030 -25.800 -25.620 -25.260 -24.900 -24.830 -24.090 -23.920 -23.790 -23.840 -23.860 -23.930 -23.470 -23.910 -23.590 -23.670 -23.680 -23.760 -23.160 -23.260 -23.040 -23.030 -21.620 -20.610 -21.720 -22.660 -22.740 -22.460 -21.590 -22.550 -21.920 -23.200 -22.990 -22.800 -21.840 -23.190 -22.380 -22.910 -22.790 -21.640 -20.880 -20.490 -20.650 -21.930 -22.280 -23.160 -23.650 -23.940 -23.570 -23.620 -23.740 -23.810 -23.800 -24.900
-28.790 -29.110 -28.570 -28.550 -28.330 -28.310 -28.200 -27.820 -27.910 -27.140 -27.090 -26.840 -26.340 -26.050 -26.140 -25.710 -25.690 -25.260 -24.680 -24.440 -24.240 -24.330 -23.940 -24.120 -23.700 -23.610 -23.800 -23.930 -23.720 -23.750 -23.730 -23.560 -23.310 -23.350 -23.010 -21.860 -21.000 -20.650 -22.990 -23.250 -22.890 -23.130 -22.450 -23.580 -23.640 -23.240 -23.000 -23.380 -22.700 -22.900 -23.320 -22.580 -21.840 -22.060 -21.740 -21.010 -21.180 -23.020 -23.290 -23.710 -23.970 -23.920 -24.040 -24.030 -23.830 -24.220 -24.250
-29.480 -29.280 -29.110 -28.660 -28.440 -28.330 -28.130 -28.020 -27.800 -27.330 -27.150 -26.720 -26.640 -26.450 -26.220 -26.150 -25.780 -25.140 -24.920 -25.180 -24.780 -23.920 -24.520 -24.140 -23.650 -23.820 -23.820 -23.680 -23.770 -23.790 -23.710 -23.530 -23.770 -23.350 -23.150 -22.480 -21.970 -23.390 -23.410 -23.360 -23.440 -23.900 -23.840 -24.000 -23.920 -24.090 -23.920 -23.060 -23.060 -23.440 -23.370 -22.540 -22.730 -22.380 -21.550 -21.040 -21.540 -22.310 -23.910 -23.840 -24.820 -24.030 -24.560 -24.300 -24.620 -24.320 -23.760
-29.840 -29.460 -29.110 -28.870 -28.840 -28.650 -28.260 -28.200 -27.730 -27.440 -27.280 -26.930 -26.730 -26.500 -26.020 -25.950 -25.730 -25.550 -25.110 -24.880 -24.360 -24.310 -24.280 -23.790 -23.570 -23.670 -23.530 -23.690 -23.980 -23.860 -24.050 -24.030 -24.080 -23.960 -23.470 -23.230 -23.270 -23.430 -23.750 -23.840 -24.010 -24.320 -24.360 -24.310 -24.290 -24.030 -23.870 -23.890 -23.730 -24.390 -23.860 -23.320 -23.280 -23.450 -22.140 -21.570 -21.520 -22.580 -23.780 -24.670 -24.580 -24.970 -24.620 -24.480 -24.300 -24.290 -24.270
-30.390 -29.850 -29.750 -29.310 -28.940 -28.560 -28.910 -28.520 -27.950 -27.720 -27.300 -27.060 -26.880 -26.640 -26.270 -26.110 -25.730 -25.660 -25.500 -25.260 -24.980 -24.580 -24.260 -23.990 -24.380 -23.970 -24.130 -24.170 -23.900 -23.970 -23.980 -24.030 -23.710 -23.420 -23.440 -23.270 -23.240 -23.530 -23.980 -23.870 -24.820 -24.490 -24.600 -24.650 -24.710 -24.180 -24.060 -24.030 -24.090 -24.290 -24.000 -23.900 -23.850 -23.720 -22.590 -21.950 -22.100 -23.190 -24.020 -24.150 -24.420 -24.730 -24.550 -24.570 -24.320 -24.350 -24.050
-30.600 -29.850 -29.540 -29.480 -29.550 -29.240 -28.770 -28.640 -28.160 -28.140 -27.710 -27.290 -26.940 -26.680 -26.730 -26.180 -26.040 -26.000 -25.890 -25.420 -24.940 -24.680 -24.350 -24.080 -24.320 -24.360 -24.120 -24.190 -24.040 -23.930 -23.970 -23.910 -23.860 -23.810 -23.510 -23.480 -23.670 -23.990 -24.260 -24.360 -25.090 -24.480 -25.170 -24.980 -24.840 -24.530 -24.550 -24.970 -24.550 -24.680 -24.080 -24.330 -24.520 -23.840 -22.830 -22.490 -22.370 -23.030 -24.210 -24.270 -24.200 -24.770 -24.590 -24.460 -24.150 -24.060 -24.220
-30.850 -30.570 -29.920 -30.170 -29.720 -29.270 -29.050 -28.870 -28.540 -28.150 -28.000 -27.670 -27.300 -26.870 -26.800 -26.480 -26.210 -26.030 -25.770 -25.460 -25.250 -24.850 -24.830 -24.440 -24.360 -24.200 -24.330 -24.120 -24.220 -24.200 -24.020 -24.340 -23.490 -23.090 -23.350 -23.780 -24.270 -24.500 -24.650 -24.480 -24.120 -24.750 -25.240 -25.460 -24.870 -25.040 -24.800 -24.750 -24.730 -24.750 -24.660 -24.690 -24.700 -24.450 -23.610 -22.720 -23.900 -24.220 -24.350 -24.380 -24.540 -24.710 -24.440 -24.240 -24.260 -24.540 -24.300
-31.270 -30.990 -30.510 -30.050 -29.670 -29.760 -29.440 -29.340 -28.940 -28.450 -28.100 -27.800 -27.390 -27.060 -26.840 -26.670 -26.550 -26.480 -26.060 -26.110 -25.370 -25.620 -24.940 -24.620 -24.130 -24.570 -24.150 -24.320 -24.390 -24.350 -24.250 -23.860 -22.460 -21.580 -22.070 -23.380 -24.110 -24.810 -25.230 -25.550 -25.780 -25.790 -25.450 -25.480 -25.190 -25.800 -25.780 -24.770 -26.020 -25.470 -25.260 -24.770 -24.770 -25.250 -24.700 -24.600 -24.200 -24.420 -24.610 -24.640 -24.500 -25.210 -24.590 -24.350 -24.670 -24.670 -24.720
-31.550 -31.270 -30.800 -30.540 -30.230 -30.030 -29.570 -29.460 -28.860 -29.080 -28.700 -28.000 -27.430 -27.630 -27.320 -26.920 -26.720 -26.590 -26.420 -26.150 -25.900 -25.300 -25.210 -24.860 -24.580 -24.650 -24.670 -24.580 -24.450 -24.380 -24.360 -24.180 -23.470 -22.910 -22.260 -22.860 -24.270 -24.740 -25.370 -25.310 -25.480 -25.550 -25.420 -25.600 -25.590 -25.600 -25.460 -25.670 -25.550 -25.330 -25.190 -25.860 -25.190 -24.990 -24.830 -24.790 -24.780 -24.840 -24.620 -24.720 -25.060 -24.680 -24.550 -24.650 -24.640 -24.930 -24.960
-31.610 -31.470 -31.040 -30.800 -30.360 -30.350 -29.780 -29.730 -29.250 -28.920 -28.910 -28.060 -28.340 -27.590 -27.520 -27.110 -26.480 -26.860 -26.320 -26.170 -26.360 -25.590 -25.460 -25.030 -25.280 -25.020 -24.910 -24.890 -24.560 -24.440 -24.520 -24.460 -23.980 -23.060 -23.920 -24.240 -24.680 -24.760 -25.640 -25.350 -25.580 -25.460 -25.400 -25.650 -25.410 -25.620 -25.510 -25.640 -25.470 -25.450 -25.500 -25.420 -26.140 -25.590 -26.110 -25.370 -25.030 -24.930 -25.110 -25.030 -24.750 -24.660 -24.760 -24.720 -25.390 -25.250 -25.160
-31.900 -31.710 -31.290 -31.030 -30.790 -30.450 -30.190 -29.650 -29.630 -29.430 -28.790 -28.850 -28.200 -27.800 -27.350 -27.210 -26.930 -26.780 -26.870 -26.350 -26.210 -26.070 -25.340 -25.170 -25.180 -24.920 -24.710 -24.760 -24.380 -24.490 -24.890 -24.840 -24.800 -24.640 -24.600 -24.590 -24.780 -25.370 -25.290 -25.560 -25.270 -25.550 -25.490 -25.510 -25.630 -25.460 -25.570 -25.520 -25.610 -25.640 -25.620 -25.710 -25.160 -25.340 -25.310 -25.710 -25.490 -24.800 -25.230 -25.190 -25.180 -24.860 -25.060 -25.000 -25.110 -25.280 -25.500
-32.340 -31.720 -31.620 -31.080 -30.870 -30.700 -30.220 -30.210 -29.760 -29.190 -29.100 -28.660 -28.260 -27.780 -27.960 -27.640 -27.300 -27.090 -26.730 -26.640 -26.360 -25.890 -25.890 -25.580 -25.310 -25.230 -25.020 -24.650 -24.760 -25.230 -24.980 -25.030 -24.660 -24.590 -25.140 -25.090 -24.790 -25.170 -25.490 -25.160 -25.340 -25.500 -25.460 -25.510 -25.400 -25.520 -25.550 -25.530 -25.590 -25.350 -25.430 -25.510 -25.470 -25.840 -25.780 -25.520 -25.370 -25.300 -25.420 -25.050 -25.020 -24.880 -24.940 -25.430 -25.470 -25.890 -25.580
-32.590 -32.180 -31.650 -31.480 -30.960 -30.880 -30.480 -30.410 -29.800 -29.540 -29.210 -28.900 -28.630 -27.910 -27.600 -27.530 -27.480 -26.980 -26.840 -26.810 -26.430 -26.180 -26.130 -25.940 -25.430 -25.380 -25.250 -25.030 -25.390 -25.330 -25.030 -24.480 -24.780 -25.010 -24.820 -24.780 -24.920 -25.770 -25.490 -25.450 -25.490 -25.420 -25.660 -25.450 -25.560 -25.530 -25.600 -25.640 -25.630 -25.520 -25.420 -25.680 -25.570 -25.490 -25.530 -25.540 -25.440 -25.230 -25.210 -25.150 -24.980 -25.680 -25.530 -25.640 -25.630 -25.790 -25.850
-32.860 -32.360 -31.670 -31.420 -31.290 -30.650 -30.600 -30.510 -29.980 -29.490 -29.450 -28.910 -28.540 -28.200 -27.930 -27.920 -27.480 -27.460 -27.130 -26.980 -26.630 -26.470 -26.240 -26.260 -26.110 -25.880 -25.360 -25.580 -25.330 -25.190 -24.990 -25.070 -25.220 -25.400 -24.940 -25.160 -25.250 -25.410 -25.730 -25.610 -25.440 -25.370 -25.350 -25.510 -25.480 -25.550 -25.570 -25.520 -25.710 -25.650 -25.510 -25.590 -25.570 -25.440 -25.540 -25.120 -25.150 -25.140 -25.320 -25.290 -25.450 -25.590 -25.600 -25.750 -25.820 -26.180 -26.150
-32.480 -32.280 -32.260 -31.600 -31.340 -31.230 -30.880 -30.530 -29.980 -29.650 -29.570 -29.570 -28.890 -28.700 -27.990 -28.040 -27.670 -27.390 -27.200 -26.800 -26.730 -26.730 -26.660 -26.480 -26.260 -26.280 -26.010 -25.990 -26.020 -25.830 -25.710 -25.720 -25.550 -25.490 -25.580 -25.410 -25.600 -25.510 -25.550 -25.550 -25.560 -25.480 -25.520 -25.410 -25.510 -25.490 -25.570 -25.550 -25.510 -25.350 -25.470 -25.530 -25.400 -25.660 -25.360 -25.290 -25.450 -25.620 -25.040 -25.660 -26.020 -25.810 -25.700 -26.130 -26.260 -26.390 -26.480
-32.920 -32.840 -32.750 -31.830 -31.700 -31.310 -31.090 -30.670 -30.260 -30.090 -29.960 -29.460 -29.360 -28.680 -28.380 -28.290 -27.850 -27.540 -27.190 -27.180 -26.820 -26.900 -26.730 -26.720 -26.460 -26.460 -26.530 -26.250 -26.260 -26.310 -26.120 -25.910 -25.890 -25.670 -25.790 -25.880 -25.300 -25.300 -25.480 -25.520 -25.560 -25.350 -25.660 -25.590 -25.680 -25.760 -25.570 -25.740 -25.400 -25.800 -25.840 -26.210 -25.800 -25.450 -25.680 -25.640 -25.740 -25.760 -25.650 -25.700 -25.710 -25.950 -26.040 -26.090 -26.350 -26.260 -26.540
-33.360 -33.000 -32.570 -32.020 -31.900 -31.460 -31.080 -30.750 -30.750 -30.190 -29.800 -29.470 -28.980 -29.140 -28.740 -28.450 -28.160 -28.060 -27.470 -27.380 -27.230 -27.090 -27.110 -26.890 -26.880 -26.970 -26.760 -26.550 -26.560 -26.540 -26.440 -26.480 -26.180 -26.250 -26.280 -24.920 -25.200 -25.420 -25.630 -25.370 -25.670 -25.650 -25.710 -25.400 -26.070 -25.770 -25.630 -25.610 -25.580 -25.590 -25.890 -25.840 -25.710 -25.560 -25.820 -25.740 -25.890 -25.810 -25.820 -25.860 -26.140 -25.960 -26.330 -26.430 -26.360 -26.330 -26.740
-33.600 -33.380 -32.330 -32.140 -31.820 -31.430 -31.340 -30.890 -30.560 -30.200 -29.960 -29.640 -29.790 -29.680 -28.940 -28.700 -28.570 -28.060 -27.880 -27.620 -27.390 -27.380 -27.280 -27.170 -27.120 -27.140 -26.930 -26.830 -26.710 -26.920 -26.870 -26.900 -26.630 -26.270 -25.020 -24.670 -25.700 -25.670 -25.690 -25.700 -25.420 -25.650 -25.720 -25.350 -25.530 -25.660 -25.670 -25.720 -25.740 -25.710 -25.960 -25.780 -25.910 -26.320 -25.860 -25.780 -25.650 -26.120 -26.050 -26.370 -26.330 -26.290 -26.190 -26.680 -26.630 -26.630 -26.620
-34.020 -33.390 -32.640 -32.400 -32.190 -31.700 -31.320 -30.990 -31.020 -30.190 -30.160 -29.890 -29.970 -29.590 -29.110 -28.970 -28.670 -28.240 -28.020 -28.060 -27.790 -27.550 -27.250 -27.160 -27.210 -27.050 -27.110 -26.930 -26.930 -27.020 -26.850 -26.980 -26.750 -26.650 -26.090 -26.050 -25.880 -25.850 -25.830 -25.910 -25.920 -25.560 -25.720 -25.960 -26.170 -25.940 -25.870 -25.800 -25.990 -25.700 -26.010 -26.480 -26.040 -25.800 -26.120 -26.190 -26.000 -26.370 -26.480 -26.490 -26.510 -26.650 -26.750 -26.850 -27.080 -27.170 -26.960
-33.470 -33.140 -32.510 -32.550 -32.100 -31.750 -31.470 -31.100 -30.770 -30.620 -30.430 -30.190 -29.850 -29.590 -29.360 -29.210 -28.830 -28.640 -28.210 -28.100 -28.090 -27.810 -27.700 -27.440 -27.370 -27.330 -27.340 -27.230 -27.270 -27.100 -27.190 -27.100 -27.200 -26.400 -25.540 -25.940 -25.980 -26.090 -26.100 -26.160 -26.040 -25.960 -25.990 -26.380 -26.030 -26.500 -25.930 -26.310 -26.000 -26.000 -26.140 -26.080 -26.200 -26.240 -26.350 -26.320 -26.300 -26.410 -26.470 -26.680 -27.140 -26.720 -27.270 -27.260 -27.230 -27.120 -27.590
-33.880 -33.320 -32.670 -32.520 -32.260 -31.670 -31.630 -31.130 -30.770 -30.690 -30.540 -30.030 -30.130 -29.640 -29.640 -29.240 -28.980 -28.900 -28.620 -28.380 -27.820 -27.810 -27.750 -27.790 -27.670 -27.810 -27.540 -27.560 -27.490 -27.450 -27.430 -27.800 -26.990 -25.750 -25.000 -25.430 -26.030 -26.290 -26.210 -26.400 -26.270 -26.610 -26.240 -26.130 -26.830 -26.260 -26.070 -26.270 -26.470 -26.050 -26.140 -26.340 -26.230 -26.500 -26.550 -26.550 -26.600 -26.760 -26.830 -26.890 -26.890 -26.940 -27.270 -27.370 -27.430 -27.400 -27.750
-33.640 -33.350 -32.940 -32.850 -32.520 -31.820 -31.170 -30.880 -31.020 -31.020 -30.690 -30.330 -30.190 -30.000 -29.910 -29.630 -29.410 -29.010 -28.960 -28.260 -28.190 -27.660 -27.950 -27.870 -27.850 -27.640 -27.770 -27.680 -27.710 -27.740 -27.930 -28.070 -26.810 -26.070 -25.240 -25.720 -26.190 -26.570 -26.630 -26.670 -26.930 -26.540 -26.590 -26.360 -26.470 -26.680 -26.410 -26.680 -26.520 -26.540 -26.470 -26.460 -26.740 -26.990 -26.850 -26.700 -26.850 -26.940 -26.970 -27.050 -26.970 -27.180 -27.530 -27.390 -27.440 -27.710 -27.400
-33.700 -33.320 -32.800 -32.840 -32.070 -31.580 -31.510 -31.180 -30.960 -30.880 -30.400 -30.600 -30.320 -30.020 -30.260 -29.720 -29.440 -29.220 -28.760 -28.730 -28.550 -28.510 -28.230 -28.190 -27.910 -28.020 -28.010 -28.040 -27.720 -27.850 -28.250 -28.210 -27.190 -26.810 -25.800 -26.440 -26.660 -26.900 -27.430 -27.050 -26.930 -26.570 -26.790 -26.800 -26.880 -26.790 -26.690 -26.730 -26.890 -26.880 -26.730 -27.080 -26.850 -26.880 -27.100 -27.010 -27.020 -27.080 -27.260 -27.140 -27.340 -27.450 -27.680 -27.540 -27.860 -27.890 -27.740
-33.760 -33.300 -32.690 -32.540 -31.600 -31.800 -31.300 -31.400 -31.180 -30.840 -31.020 -31.160 -30.330 -30.190 -30.260 -30.150 -29.820 -29.570 -29.160 -29.290 -28.790 -28.750 -28.560 -28.580 -28.270 -28.460 -28.140 -28.200 -27.960 -28.340 -28.320 -28.030 -27.850 -26.960 -26.240 -27.010 -27.520 -27.480 -27.230 -27.240 -27.010 -27.120 -27.210 -27.060 -27.090 -27.370 -27.340 -27.220 -26.980 -27.700 -26.890 -27.030 -27.130 -27.200 -27.320 -27.260 -27.500 -27.770 -27.840 -27.450 -27.690 -27.740 -27.630 -27.300 -27.750 -28.590 -28.360
-33.650 -32.670 -32.780 -32.000 -31.850 -31.630 -31.630 -31.260 -31.300 -31.510 -31.040 -30.950 -30.430 -31.030 -30.220 -30.300 -29.670 -29.860 -29.670 -29.500 -29.210 -29.190 -28.960 -29.010 -28.930 -28.910 -28.630 -28.450 -28.260 -28.010 -28.130 -28.170 -28.360 -27.960 -27.570 -27.890 -27.600 -27.740 -27.660 -27.420 -27.460 -27.390 -27.430 -27.220 -27.330 -27.260 -27.300 -27.130 -27.490 -27.910 -27.430 -27.260 -27.030 -27.340 -27.460 -27.830 -27.490 -27.260 -27.650 -27.750 -27.810 -27.820 -27.810 -28.120 -28.280 -28.360 -28.910
-33.760 -33.010 -32.390 -32.060 -31.680 -31.730 -31.540 -31.430 -31.670 -31.700 -31.140 -31.430 -31.180 -30.930 -30.850 -30.150 -30.330 -29.840 -29.840 -29.670 -29.570 -29.370 -29.290 -29.240 -28.980 -28.890 -28.820 -28.620 -28.330 -28.420 -28.480 -28.510 -28.760 -28.420 -28.290 -28.150 -28.570 -28.150 -27.610 -27.730 -27.950 -27.640 -27.700 -27.590 -27.860 -27.640 -27.800 -27.590 -27.410 -28.000 -27.320 -27.390 -27.430 -27.970 -27.770 -28.050 -27.720 -27.780 -28.000 -27.980 -28.090 -28.070 -28.200 -28.440 -28.910 -28.710 -29.340
-33.120 -32.790 -32.280 -31.950 -31.800 -31.670 -31.680 -31.830 -31.750 -31.770 -31.550 -31.610 -31.480 -31.650 -30.960 -30.890 -30.590 -30.260 -30.170 -30.110 -29.810 -29.700 -29.460 -29.720 -29.600 -29.070 -28.970 -29.030 -28.980 -28.700 -29.010 -28.740 -29.030 -29.030 -28.560 -28.720 -28.680 -27.860 -27.820 -28.410 -27.840 -28.050 -27.700 -27.570 -27.700 -27.530 -27.730 -27.930 -27.960 -27.870 -27.070 -27.540 -27.320 -27.790 -28.470 -28.290 -27.960 -27.880 -28.040 -28.200 -28.340 -28.490 -28.750 -28.680 -28.990 -29.110 -30.360
-32.880 -32.430 -32.040 -31.950 -31.870 -31.640 -31.810 -32.000 -31.740 -31.460 -31.870 -31.570 -31.900 -31.750 -31.190 -31.330 -30.630 -30.590 -30.530 -30.400 -30.200 -30.080 -30.110 -29.910 -29.840 -29.740 -29.730 -29.520 -29.230 -29.270 -29.350 -29.210 -29.270 -29.050 -28.950 -28.720 -28.640 -28.170 -28.210 -28.410 -28.420 -27.950 -27.920 -27.920 -27.960 -27.810 -27.720 -27.790 -28.110 -28.110 -27.720 -27.800 -28.300 -28.130 -28.000 -27.700 -28.090 -28.250 -28.410 -28.480 -28.570 -28.610 -29.030 -28.940 -29.130 -29.750 -30.260
