0925_6225/LITTO3D_FRA_0927_6223_20150529_LAMB93_RGF93_IGN69/MNT5m/LITTO3D_FRA_0927_6223_MNT5_20150529_LAMB93_RGF93_IGN69.asc
ncols 200
nrows 200
xllcenter 927000.000
yllcenter 6222005.000
cellsize 5.0000
nodata_value -99999
[rows 0 to 28 of 200, columns 0 to 66 of 200]
-14.730 -14.890 -14.910 -14.910 -14.820 -14.760 -14.770 -14.630 -14.360 -14.710 -14.670 -14.550 -14.050 -14.170 -13.870 -13.730 -13.520 -13.430 -13.490 -12.510 -12.460 -12.120 -12.120 -11.640 -11.770 -12.100 -11.960 -11.840 -11.030 -11.040 -11.240 -10.480 -10.080 -9.170 -9.440 -9.280 -8.770 -8.410 -8.110 -7.950 -7.590 -7.160 -6.570 -6.130 -5.940 -5.650 -5.450 -5.200 -5.310 -4.860 -4.720 -4.450 -3.760 -4.260 -3.830 -3.130 -1.760 -0.320 0.140 -0.030 0.250 1.480 5.420 4.020 5.530 6.120 6.230
-14.980 -14.970 -14.900 -15.000 -14.810 -14.920 -14.950 -14.830 -14.820 -15.100 -14.940 -14.580 -14.620 -14.510 -13.990 -14.010 -13.760 -13.130 -13.630 -12.550 -12.510 -12.360 -12.840 -11.910 -12.100 -11.910 -12.120 -11.950 -11.610 -10.960 -10.940 -10.990 -10.470 -9.940 -9.660 -9.390 -9.060 -8.590 -8.240 -8.000 -7.460 -7.080 -6.540 -6.230 -6.070 -5.790 -5.600 -5.160 -5.190 -4.020 -3.590 -0.870 -1.240 -3.860 -3.200 -1.500 -1.150 -0.470 0.160 0.470 0.710 3.260 5.950 6.760 6.550 6.760 6.060
-14.740 -14.810 -14.940 -14.980 -15.050 -15.100 -15.160 -14.990 -15.210 -15.060 -14.880 -14.910 -14.990 -14.570 -14.460 -14.250 -14.140 -12.270 -11.860 -12.800 -13.160 -12.550 -12.800 -12.170 -12.250 -12.320 -12.250 -12.320 -11.660 -11.900 -10.910 -10.290 -10.480 -10.330 -9.980 -9.500 -8.870 -8.850 -8.170 -7.930 -7.620 -7.200 -6.840 -6.680 -6.470 -5.790 -5.500 -4.960 -5.320 -2.780 -3.520 -2.640 -3.380 -3.200 -2.450 -3.040 -1.050 -1.160 -0.270 0.390 0.620 0.960 2.580 6.600 6.860 6.840 6.420
-15.000 -15.150 -15.000 -15.040 -15.030 -15.180 -15.310 -15.150 -15.470 -15.290 -14.920 -14.970 -14.800 -14.840 -14.640 -14.400 -14.070 -13.700 -13.400 -13.650 -13.440 -13.020 -12.750 -12.740 -12.510 -12.460 -12.530 -12.550 -12.420 -11.540 -11.020 -11.110 -10.840 -10.610 -10.350 -9.620 -9.000 -8.860 -8.400 -8.170 -7.600 -7.380 -7.280 -7.140 -7.020 -6.270 -5.160 -5.120 -4.600 -4.860 -4.040 -3.250 -3.400 -3.940 -3.930 -3.930 -1.830 -0.140 0.440 0.500 2.520 3.010 1.220 6.310 7.150 6.940 6.320
-15.100 -15.100 -15.130 -14.970 -15.300 -15.280 -15.300 -15.420 -15.350 -15.090 -15.240 -15.410 -14.720 -15.010 -14.740 -14.740 -14.580 -13.970 -14.010 -13.790 -13.750 -13.410 -13.340 -13.180 -13.050 -12.900 -12.970 -13.040 -11.920 -11.360 -11.380 -11.160 -11.150 -10.900 -10.240 -9.530 -9.190 -8.710 -8.330 -8.150 -8.020 -7.850 -7.410 -7.150 -7.010 -6.260 -4.610 -3.570 -3.520 -4.600 -4.370 -3.460 -2.660 -1.730 0.000 -3.720 0.580 0.420 0.210 0.510 0.490 1.170 1.720 7.840 7.460 7.640 6.930
-15.210 -15.150 -15.480 -15.340 -15.100 -15.320 -15.310 -15.310 -15.240 -15.250 -15.480 -14.840 -14.990 -14.760 -14.560 -14.950 -14.990 -14.770 -14.290 -14.190 -14.020 -13.570 -13.700 -13.630 -13.140 -12.850 -13.120 -12.300 -11.820 -11.420 -11.590 -11.470 -11.480 -10.890 -9.990 -9.780 -9.190 -8.860 -8.970 -8.480 -8.380 -8.050 -7.550 -7.570 -7.490 -6.780 -4.160 -3.540 -4.330 -4.830 -4.160 -2.830 -1.550 -1.590 0.490 -2.120 -0.650 -0.930 -0.090 0.130 0.740 2.460 8.790 8.100 7.540 7.030 6.980
-15.150 -15.210 -15.280 -15.230 -15.250 -15.410 -15.430 -15.310 -15.260 -15.250 -15.460 -15.260 -14.930 -14.800 -14.670 -15.100 -14.800 -14.540 -14.440 -14.380 -14.050 -13.950 -13.520 -13.340 -13.100 -12.990 -13.080 -12.510 -12.430 -11.820 -11.790 -11.680 -11.420 -10.730 -10.130 -9.590 -9.370 -8.680 -7.480 -8.600 -8.410 -7.780 -3.950 -5.670 -6.530 -5.030 -3.950 -4.990 -5.020 -4.380 -4.250 -4.590 -2.970 -3.110 -2.240 -0.730 0.690 0.390 -0.470 0.320 0.640 1.250 4.180 5.290 7.050 6.240 7.090
-15.300 -15.200 -15.320 -15.230 -15.320 -15.180 -15.550 -15.170 -15.470 -15.340 -15.630 -15.430 -15.350 -15.170 -15.090 -15.040 -14.910 -14.570 -14.640 -14.520 -14.300 -13.870 -13.520 -13.540 -13.380 -13.330 -12.940 -13.050 -12.590 -12.360 -12.250 -11.920 -11.220 -11.280 -10.430 -9.900 -9.280 -9.120 -7.840 -6.300 -4.360 -4.720 -3.660 -2.740 -6.500 -5.640 -5.140 -5.460 -3.220 -5.440 -2.570 -3.550 -5.140 -3.540 -1.550 0.430 0.940 2.060 1.930 1.110 0.790 1.040 1.840 2.740 7.970 2.140 4.050
-15.470 -15.120 -15.490 -15.360 -15.410 -15.330 -15.510 -15.600 -15.490 -15.570 -15.390 -15.360 -15.310 -14.960 -15.200 -14.950 -15.050 -14.990 -14.630 -14.590 -14.280 -13.840 -13.740 -13.570 -13.420 -13.340 -13.550 -12.660 -12.540 -12.410 -12.570 -12.090 -11.580 -10.850 -10.430 -9.800 -8.990 -8.400 -8.280 -7.880 -7.290 -6.960 -5.260 -3.340 -6.630 -4.980 -5.390 -5.950 -5.820 -6.040 -1.370 -5.340 -5.540 -3.250 -2.450 0.840 1.280 2.410 0.950 0.090 0.510 0.820 1.130 5.530 2.650 1.860 1.880
-15.490 -15.610 -15.260 -15.500 -15.230 -15.510 -15.290 -15.550 -15.650 -15.540 -15.630 -15.500 -15.550 -15.460 -15.010 -15.340 -15.130 -15.040 -14.730 -14.380 -14.430 -13.900 -14.090 -13.620 -13.490 -13.270 -13.400 -12.590 -12.680 -12.640 -12.610 -11.420 -10.790 -10.840 -10.240 -9.890 -9.330 -8.710 -8.760 -7.620 -7.810 -7.540 -7.560 -7.820 -6.670 -6.070 -6.670 -6.210 -6.030 -5.940 -5.950 -4.030 -4.130 -3.100 -1.900 1.130 2.840 0.150 0.370 0.090 0.140 1.540 6.170 1.520 1.810 2.180 1.290
-15.370 -15.310 -15.370 -15.340 -15.300 -15.390 -15.580 -15.700 -15.550 -15.670 -15.620 -15.840 -15.010 -15.320 -15.180 -14.780 -14.930 -15.100 -14.970 -14.500 -14.720 -13.860 -13.950 -13.710 -13.690 -13.570 -13.420 -12.940 -12.890 -12.940 -12.180 -11.280 -11.330 -10.520 -10.290 -9.980 -9.130 -8.730 -7.450 -6.820 -7.770 -7.460 -7.630 -7.370 -7.500 -7.200 -6.390 -6.040 -6.080 -4.500 -3.400 -1.410 -4.530 -3.350 -2.440 0.310 -1.570 -1.430 -0.350 0.040 0.460 1.550 8.220 1.110 2.550 0.850 0.920
-15.380 -15.280 -15.550 -15.350 -15.270 -15.360 -15.450 -15.440 -15.340 -15.640 -15.170 -15.550 -15.120 -15.540 -15.080 -15.240 -15.260 -15.070 -14.800 -14.870 -14.550 -14.540 -13.780 -14.210 -13.870 -13.990 -13.540 -13.060 -13.600 -13.220 -12.070 -11.830 -11.520 -11.050 -10.540 -9.850 -9.770 -8.820 -8.420 -7.330 -7.400 -5.890 -6.530 -7.330 -7.400 -6.470 -6.620 -6.500 -3.930 -4.110 -4.600 -4.910 -4.560 -4.160 -4.220 -4.310 -3.550 0.700 0.330 2.810 5.790 8.000 2.180 0.250 0.270 0.700 0.980
-15.320 -15.430 -15.870 -15.590 -15.550 -15.620 -15.510 -15.500 -15.290 -15.690 -15.580 -15.360 -15.340 -15.610 -15.360 -15.400 -15.270 -15.040 -15.210 -14.890 -14.370 -14.790 -14.260 -13.970 -13.770 -14.130 -13.560 -13.670 -13.650 -13.230 -12.880 -12.560 -11.890 -10.860 -10.700 -10.060 -8.000 -8.080 -8.760 -8.300 -6.540 -5.320 -5.990 -7.320 -7.640 -6.810 -6.840 -6.400 -3.750 -5.850 -5.170 -5.080 -5.170 -5.560 -4.950 -4.830 -0.540 1.410 0.910 1.590 2.600 1.240 0.490 0.180 0.670 0.260 2.750
-15.650 -15.480 -15.690 -15.300 -15.520 -15.470 -15.730 -15.290 -15.520 -15.740 -15.620 -15.550 -15.620 -15.540 -15.600 -15.500 -15.460 -15.160 -15.330 -15.260 -14.470 -14.690 -14.530 -14.610 -14.210 -13.930 -13.730 -13.770 -13.600 -13.550 -13.460 -13.640 -12.090 -10.140 -10.420 -10.000 -7.380 -7.440 -9.010 -8.030 -8.100 -6.460 -7.450 -8.020 -7.420 -7.470 -6.650 -6.170 -6.070 -6.040 -5.520 -5.420 -5.730 -5.230 -4.080 -2.830 -1.890 0.650 1.500 7.560 9.320 5.390 0.260 -0.080 -0.040 -0.110 -0.080
-15.560 -15.680 -15.630 -15.490 -15.680 -15.660 -15.550 -15.430 -15.420 -15.620 -15.580 -15.630 -15.710 -15.680 -15.580 -15.660 -15.520 -15.180 -15.510 -15.420 -14.690 -14.910 -14.790 -14.580 -14.330 -14.220 -14.190 -14.240 -13.930 -13.720 -13.730 -13.510 -11.610 -9.740 -11.050 -10.420 -10.270 -10.060 -8.110 -8.240 -8.550 -7.900 -8.060 -8.130 -7.640 -7.360 -6.190 -6.470 -6.400 -6.440 -5.290 -5.730 -6.250 -3.550 -4.670 -3.390 -0.600 0.590 3.540 10.680 11.330 2.900 -0.240 0.140 0.060 -0.030 -0.030
-15.470 -15.690 -15.580 -15.900 -15.900 -15.510 -15.840 -15.710 -15.690 -15.570 -15.630 -15.540 -15.500 -15.670 -15.590 -15.710 -15.580 -15.690 -15.380 -15.350 -15.090 -15.010 -14.580 -14.890 -14.850 -14.660 -14.610 -14.420 -14.340 -13.810 -13.940 -12.930 -7.570 -11.830 -11.700 -11.010 -8.250 -8.290 -7.860 -6.910 -7.250 -7.390 -8.360 -7.070 -7.610 -6.610 -7.030 -6.870 -6.670 -6.230 -5.090 -5.430 -5.350 -1.060 -3.240 -0.960 0.320 1.730 5.780 6.960 4.880 0.630 -0.880 0.060 -0.220 -0.260 0.210
-15.600 -15.620 -15.750 -15.910 -15.880 -15.920 -15.830 -15.520 -15.580 -15.770 -16.140 -15.610 -15.930 -15.620 -15.700 -15.800 -15.630 -15.550 -15.520 -15.500 -15.350 -15.290 -15.040 -15.300 -14.840 -14.850 -14.710 -14.760 -14.110 -14.010 -12.180 -9.290 -4.330 -11.990 -11.850 -7.890 -4.590 -8.520 -6.980 -6.220 -5.860 -8.780 -7.510 -7.380 -7.660 -7.960 -7.810 -6.760 -6.300 -6.880 -5.110 -3.490 0.380 0.940 1.660 1.580 1.400 4.240 9.060 2.920 1.420 0.160 -0.140 -0.410 -0.370 -0.680 -0.050
-15.630 -15.700 -16.010 -15.920 -15.960 -15.980 -15.900 -15.810 -15.720 -15.760 -15.850 -15.830 -15.800 -15.700 -15.880 -15.660 -15.700 -15.630 -15.470 -15.550 -15.190 -15.200 -15.220 -15.190 -14.940 -15.000 -15.460 -12.360 -10.590 -13.630 -12.400 -6.740 -4.540 -12.160 -11.000 -6.810 -6.890 -10.050 -8.720 -9.630 -8.600 -9.180 -8.180 -7.630 -7.290 -7.790 -7.640 -7.500 -7.310 -5.450 -5.050 -3.270 0.000 0.070 1.560 2.440 1.830 0.800 3.570 0.290 -0.500 -0.760 -0.880 -1.170 -1.730 -1.540 -0.270
-16.180 -16.110 -15.990 -15.910 -15.870 -16.010 -15.800 -15.820 -15.870 -15.990 -15.810 -15.850 -15.880 -15.850 -15.860 -15.760 -15.840 -15.660 -15.640 -15.570 -15.510 -15.570 -15.230 -14.990 -15.170 -15.240 -13.960 -11.550 -10.050 -14.790 -11.820 -6.530 -11.470 -13.530 -10.920 -8.550 -11.260 -10.130 -10.120 -10.520 -9.930 -9.170 -8.960 -8.440 -7.490 -8.150 -8.460 -8.120 -7.280 -5.540 -5.300 -5.090 0.430 0.430 0.590 2.570 2.770 0.500 1.230 -0.770 -1.400 -0.860 -1.240 -1.860 -3.160 -2.230 -1.590
-15.990 -16.070 -15.990 -16.320 -15.950 -16.030 -15.740 -16.000 -15.960 -16.030 -15.900 -16.180 -15.780 -15.880 -15.760 -15.980 -16.160 -15.570 -15.630 -15.440 -15.600 -15.550 -15.380 -15.330 -12.850 -14.660 -14.670 -9.990 -10.690 -14.530 -9.980 -8.080 -13.380 -11.670 -11.230 -11.180 -11.460 -10.830 -10.940 -10.730 -8.020 -7.730 -8.630 -8.660 -9.230 -8.140 -8.800 -7.860 -7.160 -6.010 -6.910 -4.650 -0.100 0.290 0.780 2.870 2.890 0.440 -1.780 -2.250 -1.590 -2.580 -2.260 -0.100 -1.000 -3.830 -3.930
-15.820 -15.570 -16.020 -16.080 -16.130 -16.150 -16.190 -16.200 -15.960 -16.030 -16.040 -15.850 -15.810 -15.910 -15.900 -15.810 -15.760 -15.890 -15.650 -15.550 -15.690 -15.610 -15.330 -15.520 -15.460 -15.570 -14.630 -13.410 -10.620 -15.080 -15.370 -14.890 -13.320 -13.790 -13.140 -12.540 -11.920 -11.280 -11.210 -8.180 -8.080 -9.830 -9.210 -9.430 -9.270 -9.170 -7.490 -7.980 -6.680 -6.810 -6.770 -3.560 0.020 0.210 0.790 2.250 2.040 0.530 -3.370 -2.950 -2.360 -1.980 -3.230 0.320 0.340 -3.430 -3.570
-16.130 -15.610 -16.030 -16.090 -16.190 -16.190 -16.240 -16.160 -15.910 -16.200 -16.120 -15.970 -16.010 -16.030 -15.690 -15.850 -15.840 -15.740 -15.750 -15.660 -15.700 -15.950 -15.530 -15.360 -15.590 -15.310 -15.330 -15.530 -14.130 -15.770 -15.240 -15.370 -14.560 -14.410 -13.400 -13.150 -12.670 -12.170 -8.980 -9.120 -10.840 -10.570 -9.600 -9.150 -9.160 -9.450 -8.950 -6.480 -5.660 -4.990 -5.620 -4.550 -3.260 0.140 0.560 2.160 0.510 -1.090 -3.230 -1.860 -1.130 -4.680 -3.970 0.540 0.020 -5.620 -4.150
-15.950 -16.430 -16.280 -16.250 -16.170 -16.230 -16.250 -16.170 -16.120 -16.230 -16.120 -16.010 -16.200 -15.780 -15.340 -15.940 -16.010 -15.990 -15.780 -15.710 -15.750 -15.590 -15.640 -15.700 -15.140 -14.580 -15.420 -15.770 -15.730 -15.790 -15.440 -15.440 -15.070 -14.820 -14.090 -13.410 -12.820 -11.850 -10.820 -11.700 -11.540 -10.270 -8.430 -8.720 -7.920 -10.100 -9.350 -5.760 -5.650 -3.170 -4.070 -5.080 -4.960 -2.690 0.720 -2.050 -2.460 -3.790 -1.890 0.010 -2.700 -4.850 -4.370 -1.610 -5.350 -5.570 -1.800
-16.180 -16.180 -16.000 -16.150 -16.340 -16.120 -16.300 -16.190 -16.250 -16.180 -16.150 -16.210 -16.130 -16.000 -16.020 -16.000 -16.000 -15.700 -15.770 -15.860 -15.590 -15.820 -15.770 -15.740 -12.820 -13.990 -15.720 -15.960 -15.720 -15.830 -15.670 -15.630 -15.480 -14.930 -14.760 -13.680 -13.010 -12.330 -12.120 -9.140 -9.140 -10.210 -8.770 -8.980 -8.450 -9.740 -10.530 -7.910 -8.250 -4.950 -4.530 -3.210 -4.910 -6.360 -7.350 -6.210 -5.340 -3.550 -2.330 -0.400 -2.670 -4.990 -4.810 -2.640 -5.270 -4.170 -4.340
-16.310 -16.300 -16.350 -16.370 -16.350 -16.280 -16.190 -16.130 -16.250 -16.230 -16.310 -16.260 -16.200 -16.110 -16.240 -16.120 -16.010 -16.030 -16.100 -16.060 -16.010 -16.060 -15.680 -15.880 -15.630 -15.970 -16.210 -16.160 -15.810 -16.050 -15.950 -15.660 -15.740 -15.370 -14.870 -14.260 -13.470 -13.020 -12.520 -9.900 -11.960 -11.280 -9.640 -8.540 -7.960 -7.700 -10.890 -9.860 -7.800 -7.170 -4.070 -4.060 -7.360 -5.310 -5.920 -6.290 -6.500 -2.320 -2.500 -4.080 -3.010 -5.490 -5.190 -5.090 -5.310 -5.890 -6.220
-16.470 -16.260 -16.280 -16.210 -16.110 -16.300 -16.510 -16.310 -16.420 -16.290 -16.410 -16.270 -16.270 -16.180 -16.160 -16.170 -16.210 -15.980 -16.050 -16.050 -16.230 -16.290 -16.120 -16.140 -16.470 -16.140 -16.350 -16.690 -16.020 -16.440 -16.060 -15.880 -15.740 -15.770 -15.240 -14.710 -14.110 -13.280 -13.350 -13.090 -12.570 -11.670 -9.800 -8.270 -8.020 -6.220 -10.790 -11.700 -5.990 -4.030 -3.180 -6.360 -8.450 -6.370 -6.520 -6.670 -8.460 -3.790 -5.710 -5.500 -6.240 -6.050 -5.600 -5.480 -5.540 -6.180 0.800
-16.080 -16.430 -16.220 -16.240 -15.980 -16.380 -16.310 -16.370 -16.440 -16.060 -16.360 -16.340 -16.280 -16.360 -16.170 -16.230 -16.140 -16.310 -16.580 -15.950 -15.590 -16.230 -16.280 -16.150 -16.180 -16.140 -16.320 -16.330 -16.320 -16.460 -15.880 -16.220 -16.010 -15.670 -15.610 -14.920 -14.480 -14.450 -13.470 -13.280 -12.940 -12.880 -10.250 -9.310 -7.130 -9.360 -11.270 -9.790 -3.220 -4.520 -7.400 -8.870 -9.080 -9.620 -7.870 -4.480 -5.540 -7.850 -7.690 -7.090 -6.370 -6.480 -6.130 -5.970 -6.140 -1.340 0.110
-16.720 -16.350 -16.360 -16.640 -16.390 -16.490 -16.360 -16.360 -16.500 -16.570 -16.540 -16.350 -16.390 -16.350 -16.180 -16.330 -16.450 -16.340 -16.460 -16.320 -16.200 -15.990 -16.280 -16.390 -16.280 -16.190 -15.980 -16.310 -16.750 -16.250 -16.230 -15.990 -16.060 -16.110 -15.410 -15.260 -14.910 -13.060 -11.500 -11.650 -11.760 -9.710 -8.890 -8.750 -9.010 -11.280 -10.980 -8.780 -3.870 -6.600 -8.480 -9.600 -9.420 -9.250 -4.620 -4.100 -4.470 -7.770 -7.980 -7.250 -7.090 -6.650 -6.530 -6.290 -5.200 -2.490 -4.480
-16.520 -16.360 -16.770 -16.530 -16.480 -16.610 -16.370 -16.320 -16.440 -16.430 -16.510 -16.480 -16.370 -16.360 -16.550 -16.380 -16.770 -16.640 -16.610 -16.480 -16.700 -16.490 -16.330 -16.420 -16.460 -16.160 -16.440 -16.150 -16.200 -16.370 -16.330 -16.320 -15.970 -16.160 -15.810 -15.660 -15.310 -13.980 -12.750 -12.440 -9.500 -9.690 -10.370 -10.640 -9.610 -11.270 -11.540 -10.430 -10.230 -9.530 -9.760 -10.050 -8.160 -6.690 -5.020 -5.550 -4.980 -6.670 -8.150 -7.650 -7.260 -6.910 -6.700 -6.560 -4.700 -6.790 -4.300
