0925_6225/LITTO3D_FRA_0927_6223_20150529_LAMB93_RGF93_IGN69/MNT5m/LITTO3D_FRA_0927_6223_MNT5_20150529_LAMB93_RGF93_IGN69.asc
ncols 200
nrows 200
xllcenter 927000.000
yllcenter 6222005.000
cellsize 5.0000
nodata_value -99999
[rows 29 to 57 of 200, columns 0 to 66 of 200]
-16.660 -16.390 -16.510 -16.630 -16.670 -16.670 -16.620 -16.400 -16.550 -16.580 -16.650 -16.420 -16.500 -16.210 -16.680 -16.490 -16.350 -16.690 -16.690 -16.530 -16.630 -16.590 -16.650 -16.710 -16.630 -16.570 -16.580 -16.510 -16.150 -16.300 -16.510 -16.300 -16.190 -16.290 -15.960 -16.000 -15.330 -12.330 -10.140 -11.680 -12.020 -10.570 -11.150 -11.160 -10.390 -11.490 -11.900 -11.310 -11.240 -10.640 -10.360 -10.110 -7.780 -6.890 -8.590 -10.100 -5.830 -6.930 -8.700 -8.000 -7.410 -7.220 -7.030 -7.200 -7.350 -7.560 -7.080
-16.610 -16.500 -16.650 -16.400 -16.980 -16.570 -16.820 -16.540 -16.650 -16.540 -16.550 -16.660 -16.580 -16.400 -16.680 -16.810 -16.950 -16.410 -16.840 -16.800 -16.600 -16.660 -16.330 -16.900 -16.700 -16.650 -16.650 -16.460 -16.520 -16.390 -16.240 -16.200 -16.250 -16.230 -16.030 -16.060 -15.330 -13.110 -11.780 -9.250 -10.170 -10.760 -13.080 -12.540 -12.680 -12.480 -12.970 -12.000 -11.300 -11.170 -11.180 -11.080 -10.520 -10.600 -10.400 -9.110 -9.540 -8.610 -8.710 -8.350 -7.760 -7.880 -7.590 -7.930 -7.940 -7.930 -0.730
-16.770 -16.850 -16.410 -16.510 -16.800 -16.840 -16.600 -16.750 -16.570 -16.720 -16.690 -16.610 -16.590 -16.850 -16.630 -16.730 -16.870 -16.800 -16.620 -16.760 -16.700 -16.790 -16.490 -16.800 -16.680 -16.830 -16.680 -16.800 -16.550 -16.430 -16.330 -15.750 -15.310 -16.020 -15.890 -16.260 -15.250 -13.040 -11.780 -10.210 -10.460 -13.030 -13.680 -12.790 -13.840 -14.590 -12.610 -12.400 -12.110 -12.230 -11.610 -10.240 -9.690 -10.130 -8.020 -8.300 -9.050 -8.110 -9.350 -8.820 -8.740 -8.450 -8.680 -8.670 -6.770 -0.320 0.050
-16.280 -16.570 -16.480 -16.910 -16.760 -16.840 -16.810 -16.690 -16.940 -16.860 -16.710 -16.780 -16.620 -16.770 -16.990 -16.760 -16.900 -16.900 -16.870 -16.670 -16.770 -16.520 -16.820 -16.770 -16.490 -16.850 -16.800 -16.780 -16.250 -16.250 -16.040 -14.470 -16.020 -16.640 -16.190 -16.300 -13.650 -15.200 -15.130 -14.690 -11.920 -13.170 -13.940 -13.310 -14.460 -14.100 -13.330 -12.940 -12.870 -12.060 -12.840 -11.270 -9.590 -9.260 -8.900 -10.280 -10.080 -8.950 -9.990 -9.680 -9.370 -9.530 -9.340 -8.280 -4.820 -3.040 -0.120
-16.240 -16.420 -16.500 -16.770 -17.160 -16.890 -16.810 -16.700 -16.980 -16.880 -16.890 -16.840 -16.630 -16.530 -16.690 -17.060 -16.910 -16.920 -16.890 -16.850 -16.480 -16.990 -16.850 -16.840 -16.900 -16.740 -16.900 -16.580 -16.600 -16.250 -16.590 -16.780 -16.820 -16.640 -16.900 -16.290 -16.220 -15.860 -16.350 -16.310 -13.910 -8.790 -9.770 -14.800 -14.650 -14.350 -13.750 -13.650 -13.230 -12.270 -11.750 -10.150 -10.710 -11.390 -9.160 -12.640 -12.160 -11.010 -10.730 -10.580 -10.060 -10.350 -10.170 -9.810 -7.570 -6.860 -0.390
-16.440 -16.300 -16.760 -16.690 -17.050 -16.780 -16.970 -17.010 -16.970 -17.000 -16.980 -16.740 -17.290 -17.130 -16.470 -16.990 -17.030 -16.880 -16.860 -16.990 -16.800 -16.990 -16.840 -16.580 -16.730 -16.840 -16.920 -16.940 -16.820 -16.670 -16.810 -16.970 -17.020 -16.680 -16.600 -15.320 -16.260 -14.550 -16.510 -14.190 -10.260 -8.610 -10.190 -14.380 -15.200 -14.600 -14.050 -13.940 -13.460 -13.000 -10.080 -10.200 -12.170 -12.590 -12.880 -14.100 -12.210 -12.240 -11.720 -11.280 -11.120 -10.890 -11.120 -9.870 -9.480 -9.360 -5.550
-16.380 -16.420 -17.090 -16.960 -16.640 -17.270 -17.020 -17.030 -16.910 -17.090 -16.850 -17.040 -17.080 -17.200 -16.810 -17.130 -17.110 -17.100 -17.020 -17.030 -17.020 -17.190 -17.010 -16.550 -16.570 -16.920 -16.890 -16.900 -16.770 -16.480 -16.780 -17.080 -16.980 -16.440 -16.660 -17.000 -16.600 -16.440 -15.510 -13.360 -10.970 -10.570 -11.620 -14.490 -14.980 -14.920 -14.610 -14.520 -13.960 -14.030 -12.560 -13.230 -14.040 -14.010 -13.870 -13.670 -13.610 -12.930 -12.120 -12.040 -11.870 -11.670 -8.290 -8.880 -9.390 -9.260 -8.210
-16.420 -16.800 -16.750 -16.650 -16.880 -16.950 -16.930 -17.010 -17.110 -17.080 -17.070 -17.030 -16.800 -17.220 -17.350 -17.210 -17.150 -17.090 -17.170 -17.120 -17.260 -17.150 -17.170 -17.110 -16.800 -16.940 -16.810 -17.040 -16.980 -16.800 -17.210 -16.910 -16.870 -17.160 -17.030 -16.990 -16.870 -16.670 -16.450 -14.890 -10.750 -11.230 -12.070 -14.860 -15.180 -14.990 -14.920 -14.830 -14.880 -14.020 -13.190 -13.930 -14.560 -14.420 -14.530 -14.130 -14.380 -13.860 -13.230 -12.650 -12.400 -12.420 -11.490 -10.140 -7.910 -6.770 -8.140
-16.490 -16.700 -16.700 -16.710 -16.720 -17.370 -17.300 -17.150 -17.050 -17.080 -16.950 -17.220 -16.890 -17.410 -17.460 -17.140 -17.370 -17.110 -16.800 -17.640 -17.180 -17.380 -17.110 -17.280 -17.420 -17.400 -17.230 -17.020 -17.210 -17.120 -17.250 -17.280 -17.140 -17.290 -17.020 -16.860 -16.790 -16.690 -16.260 -15.120 -14.760 -14.500 -14.160 -15.320 -15.210 -15.030 -15.140 -14.890 -14.850 -14.710 -13.890 -14.310 -14.610 -14.610 -14.590 -14.410 -14.370 -14.440 -13.800 -13.480 -13.210 -12.660 -12.530 -11.800 -8.790 -10.360 -9.720
-16.940 -16.660 -16.450 -16.720 -17.190 -17.380 -17.140 -17.310 -17.010 -17.270 -17.390 -17.060 -17.280 -17.400 -17.260 -17.160 -17.060 -17.630 -17.430 -17.380 -17.320 -17.390 -17.340 -17.310 -17.480 -17.310 -17.440 -17.520 -17.440 -17.310 -17.360 -17.120 -17.150 -17.140 -17.060 -16.850 -16.960 -16.790 -16.750 -16.130 -15.770 -15.310 -15.280 -15.160 -15.290 -15.200 -15.120 -15.030 -14.800 -14.910 -14.760 -15.100 -14.670 -14.590 -14.550 -14.580 -14.390 -14.390 -14.230 -13.850 -13.540 -13.180 -12.800 -11.600 -10.550 -11.440 -11.050
-16.720 -16.630 -16.740 -16.700 -17.590 -17.060 -17.030 -17.260 -17.590 -17.500 -17.250 -17.020 -17.790 -17.360 -17.380 -17.320 -17.380 -17.500 -17.440 -17.420 -17.460 -17.470 -17.480 -17.520 -17.380 -17.530 -17.380 -17.420 -17.500 -17.370 -17.080 -17.240 -17.230 -17.220 -17.210 -16.770 -16.690 -16.810 -16.630 -16.280 -15.790 -15.350 -14.880 -14.740 -15.270 -15.260 -14.710 -14.890 -15.030 -15.120 -14.700 -14.580 -14.880 -14.760 -14.720 -14.670 -14.450 -14.560 -14.440 -14.400 -12.720 -12.220 -12.560 -11.790 -11.960 -11.460 -10.970
-17.080 -16.820 -16.820 -17.240 -17.120 -16.960 -17.580 -17.150 -17.760 -17.370 -17.490 -17.200 -17.580 -17.320 -17.630 -17.510 -17.310 -17.510 -17.430 -17.570 -17.470 -17.520 -17.310 -17.480 -17.500 -17.520 -17.350 -17.510 -17.310 -17.430 -17.240 -17.060 -17.140 -17.170 -17.270 -16.770 -16.730 -16.780 -16.630 -16.410 -16.330 -15.740 -15.320 -14.970 -15.360 -15.630 -14.510 -15.300 -15.100 -15.070 -14.780 -15.020 -14.950 -14.810 -14.850 -14.770 -14.680 -14.620 -14.650 -14.800 -14.190 -13.390 -13.290 -13.010 -12.660 -11.980 -11.420
-17.020 -17.090 -17.220 -17.420 -17.080 -17.360 -17.530 -17.100 -17.580 -17.470 -17.550 -17.390 -17.530 -17.510 -17.500 -17.290 -17.620 -17.560 -17.750 -17.600 -17.240 -17.660 -17.420 -17.610 -17.540 -17.590 -17.620 -17.510 -17.510 -17.500 -17.490 -17.360 -17.410 -17.050 -17.180 -17.360 -16.840 -16.580 -16.750 -16.670 -16.190 -16.050 -15.650 -15.110 -15.750 -15.250 -14.960 -14.850 -15.320 -15.090 -15.080 -15.040 -15.030 -15.030 -14.870 -14.770 -14.800 -14.580 -14.690 -14.740 -14.770 -13.380 -12.110 -13.720 -13.690 -13.430 -10.440
-17.290 -17.260 -17.030 -17.350 -17.270 -17.020 -17.120 -17.070 -17.720 -17.700 -17.650 -17.530 -17.690 -17.560 -17.610 -17.560 -17.840 -17.520 -17.610 -17.570 -17.760 -17.710 -17.700 -17.680 -17.560 -17.830 -17.560 -17.620 -17.600 -17.580 -17.700 -17.240 -17.170 -17.070 -16.980 -17.130 -16.890 -16.730 -16.860 -16.670 -16.430 -16.230 -15.890 -15.460 -16.000 -15.370 -15.460 -15.220 -14.820 -15.470 -14.930 -15.020 -15.410 -15.100 -14.980 -14.850 -14.810 -14.790 -14.720 -14.790 -14.640 -14.690 -13.960 -14.050 -13.950 -12.850 -11.150
-17.650 -17.290 -17.260 -17.290 -17.330 -17.110 -17.290 -17.690 -17.710 -17.580 -17.500 -17.730 -17.640 -17.400 -17.730 -17.720 -17.700 -17.560 -17.880 -17.670 -17.800 -17.760 -17.680 -17.710 -17.940 -17.730 -17.540 -17.620 -17.500 -17.630 -17.680 -17.570 -17.350 -16.900 -17.430 -17.030 -16.960 -16.890 -16.760 -17.060 -16.710 -16.700 -16.310 -15.900 -16.380 -16.200 -15.710 -15.830 -15.290 -14.570 -15.330 -15.160 -15.230 -14.890 -14.680 -14.390 -14.690 -14.800 -14.910 -14.840 -14.750 -14.780 -14.500 -14.430 -14.280 -12.380 -13.600
-17.640 -17.630 -17.440 -17.430 -17.290 -17.310 -17.360 -17.550 -17.520 -17.550 -17.880 -17.640 -17.570 -18.150 -17.940 -17.740 -17.930 -17.660 -17.920 -17.840 -17.830 -17.890 -17.690 -18.010 -17.860 -17.730 -17.760 -17.690 -17.800 -17.480 -17.340 -17.710 -17.210 -17.050 -17.050 -17.150 -17.080 -17.000 -17.100 -17.190 -17.010 -16.860 -16.390 -16.200 -16.610 -16.310 -16.190 -15.800 -15.360 -14.840 -15.230 -14.930 -15.400 -15.230 -15.200 -14.450 -14.810 -14.990 -14.910 -14.730 -14.860 -14.810 -14.930 -14.390 -13.370 -12.430 -12.000
-17.850 -17.960 -17.640 -17.580 -17.520 -17.380 -17.340 -17.400 -17.480 -17.510 -18.020 -17.560 -17.580 -17.730 -18.010 -17.830 -18.040 -17.640 -18.660 -17.880 -17.590 -17.760 -17.840 -17.950 -17.990 -17.870 -17.460 -17.900 -17.700 -17.670 -17.500 -17.570 -17.510 -17.310 -17.280 -17.580 -17.280 -17.300 -17.370 -17.420 -17.210 -17.090 -16.680 -16.510 -16.920 -16.370 -16.390 -16.010 -15.880 -15.220 -14.960 -15.040 -15.520 -15.490 -15.170 -14.670 -15.120 -15.010 -15.030 -14.870 -14.900 -14.860 -14.930 -13.200 -12.630 -11.470 -11.920
-18.110 -17.900 -17.960 -17.610 -17.860 -17.670 -17.800 -17.610 -17.600 -18.150 -18.040 -17.840 -17.640 -17.680 -17.990 -17.960 -17.880 -17.790 -18.240 -17.640 -17.630 -18.320 -18.130 -18.280 -18.250 -18.110 -17.660 -17.840 -17.850 -17.730 -17.610 -17.790 -17.710 -17.370 -17.560 -17.700 -17.610 -17.410 -17.290 -17.470 -17.270 -17.030 -16.960 -17.290 -17.160 -16.910 -16.800 -16.290 -15.890 -15.580 -15.230 -15.180 -15.380 -15.540 -14.900 -15.180 -14.920 -15.140 -14.660 -14.950 -14.920 -14.920 -14.490 -12.960 -12.290 -11.100 -11.680
-18.090 -18.090 -18.030 -18.030 -17.960 -17.730 -17.870 -17.830 -18.020 -18.060 -18.210 -17.900 -17.860 -17.840 -18.020 -18.010 -17.790 -18.260 -17.910 -17.700 -18.770 -18.400 -18.380 -18.370 -18.220 -18.260 -18.090 -18.020 -18.410 -17.950 -17.750 -18.180 -17.920 -17.960 -17.940 -17.880 -17.670 -17.640 -17.540 -17.620 -17.410 -17.520 -17.360 -17.290 -17.140 -17.170 -17.210 -16.380 -16.290 -15.920 -15.350 -15.200 -15.490 -15.720 -15.150 -15.310 -15.180 -14.640 -14.660 -15.090 -14.970 -15.000 -14.900 -14.930 -14.180 -12.690 -13.490
-18.640 -18.320 -18.330 -18.120 -18.140 -18.140 -18.030 -18.250 -18.000 -18.400 -18.200 -17.820 -17.700 -17.920 -18.020 -18.060 -17.880 -18.000 -18.070 -18.740 -18.510 -18.530 -18.440 -18.380 -18.210 -18.310 -18.000 -18.160 -18.320 -17.630 -18.020 -18.140 -18.360 -18.180 -17.860 -18.110 -17.950 -17.830 -17.710 -17.750 -17.400 -17.440 -17.450 -17.460 -17.340 -17.140 -17.180 -16.920 -16.730 -16.180 -15.760 -16.190 -15.920 -15.720 -15.710 -15.580 -15.180 -15.210 -15.040 -14.880 -14.980 -14.900 -15.050 -15.260 -14.350 -14.140 -14.290
-18.720 -18.470 -18.440 -18.260 -18.140 -18.470 -18.240 -18.000 -18.460 -18.160 -17.880 -18.050 -18.060 -17.930 -18.520 -18.210 -17.940 -18.050 -18.140 -18.820 -18.470 -18.570 -18.410 -18.310 -18.360 -18.380 -17.940 -18.310 -18.480 -18.400 -18.700 -18.440 -18.380 -18.870 -18.560 -18.240 -18.270 -17.980 -17.580 -18.080 -17.710 -17.210 -17.190 -17.370 -17.270 -17.250 -17.200 -17.000 -16.840 -16.350 -16.470 -16.060 -15.970 -15.890 -15.820 -15.680 -14.910 -14.670 -15.160 -14.740 -14.520 -15.090 -15.250 -14.980 -14.400 -14.690 -14.720
-18.880 -18.720 -18.690 -18.770 -18.520 -18.500 -18.350 -18.630 -18.170 -18.230 -18.130 -18.390 -18.260 -18.260 -18.210 -18.220 -18.500 -18.920 -18.590 -18.670 -18.450 -18.580 -18.500 -18.400 -18.610 -18.400 -18.240 -18.370 -18.460 -18.480 -18.800 -19.100 -18.770 -18.870 -18.490 -18.390 -18.230 -18.190 -18.030 -18.100 -18.010 -17.700 -17.410 -17.710 -17.490 -17.280 -17.230 -16.520 -16.850 -16.660 -16.280 -16.240 -16.120 -15.940 -15.930 -15.890 -15.090 -15.150 -15.440 -15.200 -14.970 -15.280 -15.240 -14.860 -14.690 -15.050 -14.810
-19.130 -19.060 -19.010 -18.760 -18.670 -18.740 -18.650 -18.500 -18.430 -18.420 -18.480 -18.370 -18.420 -18.630 -18.530 -18.590 -18.990 -18.610 -18.950 -18.640 -18.840 -18.670 -18.570 -18.500 -18.410 -18.680 -18.490 -18.380 -18.650 -18.980 -18.740 -19.020 -18.660 -19.060 -18.340 -18.430 -18.490 -18.450 -18.370 -18.180 -18.420 -17.860 -17.990 -17.360 -17.480 -17.460 -17.150 -16.660 -16.960 -16.710 -16.490 -16.210 -16.030 -15.750 -15.940 -15.410 -15.510 -15.640 -15.590 -15.300 -15.060 -15.200 -15.240 -14.740 -15.200 -15.130 -14.780
-19.250 -19.400 -19.070 -19.120 -18.980 -18.760 -18.970 -18.800 -18.560 -18.600 -18.580 -18.760 -19.020 -18.610 -18.580 -18.750 -18.670 -18.430 -18.560 -19.020 -18.920 -18.600 -18.640 -18.500 -18.470 -18.710 -18.250 -18.880 -18.880 -18.800 -19.230 -18.880 -18.800 -18.830 -18.580 -18.560 -18.770 -18.650 -18.660 -18.600 -18.460 -18.330 -17.820 -17.800 -17.340 -17.480 -17.070 -16.690 -16.730 -16.650 -16.420 -16.150 -15.800 -15.690 -15.720 -15.840 -16.110 -15.930 -15.490 -15.630 -15.120 -15.700 -15.330 -14.900 -15.230 -15.070 -15.030
-19.610 -19.440 -19.220 -19.240 -19.310 -19.100 -18.990 -18.960 -18.970 -18.990 -19.150 -18.860 -18.840 -18.860 -18.820 -18.860 -18.750 -18.720 -18.530 -18.790 -18.780 -19.040 -18.590 -18.460 -18.630 -18.730 -18.660 -18.670 -18.840 -18.870 -18.610 -19.100 -18.800 -18.850 -18.830 -18.800 -19.060 -19.070 -19.240 -18.800 -18.660 -18.570 -18.320 -18.140 -17.880 -18.090 -17.340 -17.140 -16.790 -16.510 -16.340 -16.250 -16.250 -16.020 -16.140 -15.910 -16.040 -15.970 -15.830 -15.890 -15.870 -15.710 -15.290 -15.070 -15.480 -15.010 -15.400
-20.020 -19.740 -19.150 -19.400 -19.410 -19.360 -19.140 -19.280 -19.460 -19.200 -19.050 -19.130 -18.910 -19.120 -19.170 -19.060 -19.020 -19.230 -18.780 -18.790 -19.280 -18.990 -18.820 -18.880 -18.930 -18.790 -19.200 -18.900 -18.860 -18.870 -18.850 -18.780 -18.750 -19.000 -19.010 -19.330 -19.610 -19.570 -19.300 -19.320 -18.950 -19.090 -18.530 -18.730 -18.390 -18.090 -17.690 -17.460 -17.060 -16.610 -16.720 -16.750 -16.600 -16.560 -16.570 -16.300 -16.190 -16.170 -16.410 -15.960 -16.020 -15.950 -15.300 -15.430 -15.480 -15.050 -15.130
-20.220 -19.950 -19.960 -20.050 -19.610 -19.540 -19.560 -19.560 -19.540 -19.450 -19.430 -19.260 -19.370 -19.360 -19.330 -19.540 -19.290 -19.260 -19.290 -19.160 -19.340 -19.110 -18.950 -19.260 -19.200 -19.250 -19.000 -19.060 -18.660 -19.270 -19.210 -18.920 -19.040 -19.120 -19.340 -19.260 -20.020 -19.530 -19.630 -19.340 -19.270 -19.220 -18.900 -18.930 -18.540 -18.420 -18.240 -17.670 -17.440 -17.160 -17.120 -17.070 -17.110 -16.880 -16.670 -16.670 -16.610 -16.730 -16.340 -16.130 -16.160 -15.620 -15.400 -15.640 -15.690 -15.170 -15.080
-20.370 -20.240 -20.130 -19.870 -20.000 -19.780 -19.990 -19.770 -19.780 -19.640 -19.650 -19.640 -19.540 -19.530 -19.570 -19.570 -19.460 -19.330 -19.160 -19.400 -19.590 -19.220 -19.510 -19.550 -19.410 -19.160 -19.320 -19.270 -19.200 -19.330 -19.240 -19.280 -19.410 -19.440 -19.470 -19.820 -19.750 -19.480 -19.670 -19.560 -19.510 -19.220 -19.180 -18.920 -18.910 -18.630 -18.490 -18.350 -17.940 -17.650 -17.600 -17.300 -17.320 -17.160 -17.180 -17.140 -16.950 -16.820 -16.550 -16.090 -16.250 -15.760 -15.430 -15.420 -15.410 -15.270 -15.220
-20.520 -20.470 -20.410 -20.290 -20.110 -20.230 -20.180 -19.960 -20.060 -19.880 -20.170 -19.750 -19.920 -19.660 -19.670 -19.720 -19.760 -19.690 -19.500 -19.850 -19.540 -19.550 -19.680 -19.840 -19.650 -19.590 -19.640 -19.530 -19.450 -19.470 -19.660 -19.570 -19.730 -19.410 -19.820 -19.720 -20.190 -19.620 -19.680 -19.700 -19.670 -19.520 -19.360 -19.110 -19.320 -19.030 -18.820 -18.540 -18.590 -18.280 -17.900 -17.920 -18.150 -17.460 -17.440 -17.520 -17.200 -16.970 -16.760 -16.310 -16.280 -16.140 -15.800 -15.770 -15.450 -15.540 -15.390
