0925_6225/LITTO3D_FRA_0928_6225_20150529_LAMB93_RGF93_IGN69/MNT5m/LITTO3D_FRA_0928_6225_MNT5_20150128_LAMB93_RGF93_IGN69.asc
ncols 200
nrows 200
xllcenter 928000.000
yllcenter 6224005.000
cellsize 5.0000
nodata_value -99999
[rows 128 to 159 of 200, columns 73 to 145 of 200]
-5.980 -5.940 -6.500 -6.030 -6.290 -6.280 -6.270 -6.080 -5.850 -5.640 -5.710 -5.810 -5.420 -4.920 -4.120 -5.250 -4.590 -4.550 -4.930 -4.940 -4.870 -4.960 -4.810 -4.810 -4.680 -4.620 -4.100 -3.830 -3.680 -3.280 -3.800 -3.210 -3.390 -3.200 -3.190 -3.580 -3.740 -2.740 -3.160 -2.660 -2.100 -3.060 -2.480 -2.600 -2.030 -2.390 -1.890 -2.640 -2.390 -2.410 -2.510 -2.590 -2.420 -2.380 -2.140 -2.280 -1.980 -2.020 -1.720 -1.000 -0.420 -0.100 0.210 -0.200 0.310 0.840 0.740 2.950 3.090 3.300 2.870 2.920 3.790
-6.170 -6.350 -6.480 -6.450 -6.020 -5.920 -6.020 -5.960 -5.810 -5.760 -5.460 -5.750 -5.240 -5.160 -5.290 -4.650 -4.980 -4.690 -4.860 -5.190 -5.110 -4.740 -4.790 -4.660 -4.640 -4.390 -3.710 -3.250 -3.090 -2.420 -2.890 -2.790 -3.820 -3.680 -3.480 -3.620 -3.300 -3.220 -3.560 -2.410 -2.030 -2.980 -2.910 -2.550 -1.970 -2.110 -2.720 -2.620 -2.250 -2.360 -2.450 -2.500 -2.560 -2.390 -2.410 -2.320 -2.180 -2.140 -1.560 -0.890 -0.350 -0.120 0.190 0.100 0.310 0.650 0.740 2.890 2.800 2.870 2.830 2.760 2.720
-6.140 -6.220 -6.040 -6.090 -6.150 -5.580 -5.810 -5.920 -5.550 -5.730 -5.600 -5.530 -5.620 -5.400 -5.380 -5.250 -5.110 -5.210 -5.170 -5.000 -4.890 -4.720 -4.710 -4.650 -4.570 -4.410 -3.100 -3.090 -2.990 -3.590 -2.640 -3.520 -3.830 -3.200 -3.450 -3.760 -3.910 -3.850 -2.690 -2.360 -2.100 -2.080 -2.500 -2.460 -2.100 -2.370 -2.830 -2.370 -2.340 -2.530 -2.480 -2.470 -2.690 -2.640 -2.460 -2.370 -2.280 -2.000 -1.480 -0.780 -0.310 -0.090 0.210 0.150 0.590 0.500 0.820 2.500 2.700 2.970 2.820 2.860 2.880
-6.320 -6.130 -6.280 -5.870 -6.070 -6.020 -5.910 -5.710 -5.640 -5.450 -5.280 -5.500 -5.330 -5.290 -5.170 -5.150 -5.170 -5.080 -4.960 -4.940 -4.820 -4.820 -4.730 -4.670 -4.600 -4.160 -3.640 -3.520 -3.060 -3.140 -3.270 -3.620 -3.760 -3.090 -3.380 -3.220 -3.580 -3.830 -2.440 -2.510 -2.020 -1.760 -2.210 -1.860 -1.810 -2.440 -2.750 -2.140 -2.700 -2.360 -2.540 -2.270 -2.110 -2.340 -2.420 -2.260 -2.170 -1.890 -1.460 -0.750 -0.480 0.020 0.100 0.130 0.550 0.820 0.940 2.320 2.480 2.590 2.750 2.720 2.640
-6.190 -5.860 -5.810 -5.850 -5.880 -5.630 -5.600 -5.840 -5.550 -5.550 -5.230 -5.220 -5.300 -5.330 -4.950 -5.010 -5.120 -5.020 -5.000 -4.990 -4.840 -4.800 -4.720 -4.640 -4.500 -4.150 -3.870 -3.620 -3.530 -3.920 -3.300 -4.090 -3.360 -3.300 -3.810 -3.450 -3.680 -3.640 -3.560 -2.580 -3.110 -2.000 -2.100 -2.360 -2.240 -2.670 -2.580 -2.720 -2.550 -2.490 -2.140 -2.350 -2.740 -2.630 -2.220 -2.130 -2.310 -1.720 -1.290 -0.810 -0.420 -0.200 0.010 0.190 0.560 0.520 0.850 2.170 2.400 2.330 2.760 2.750 2.570
-5.720 -5.720 -5.660 -5.860 -5.600 -5.500 -5.640 -5.710 -5.650 -5.300 -5.410 -5.340 -5.200 -5.030 -5.020 -4.830 -4.770 -4.920 -4.840 -4.900 -4.890 -4.870 -4.750 -4.590 -4.480 -4.190 -4.110 -4.250 -4.250 -4.200 -4.340 -3.890 -4.010 -3.880 -4.030 -3.170 -3.550 -3.180 -2.900 -2.900 -3.070 -2.780 -2.660 -3.130 -2.660 -2.720 -2.730 -2.620 -2.490 -2.380 -2.430 -2.100 -2.230 -2.160 -2.230 -2.130 -1.990 -1.580 -1.030 -0.690 -0.420 -0.140 0.030 0.150 0.570 0.560 0.840 2.140 2.160 2.300 2.670 2.740 2.740
-5.930 -5.590 -5.660 -5.790 -5.450 -5.330 -5.590 -5.760 -5.790 -5.360 -5.290 -5.250 -5.410 -5.170 -5.280 -4.940 -4.740 -4.790 -4.830 -4.700 -4.890 -4.720 -4.640 -4.580 -4.510 -4.170 -4.480 -4.410 -4.190 -4.130 -3.940 -3.700 -3.950 -4.090 -3.930 -3.980 -3.620 -3.750 -3.240 -2.780 -3.040 -3.100 -3.000 -2.790 -2.790 -2.890 -3.010 -2.880 -2.750 -2.780 -2.550 -2.340 -2.280 -2.270 -2.050 -2.010 -1.630 -1.440 -0.940 -0.720 -0.350 -0.090 0.060 0.240 0.640 0.660 1.020 2.050 2.240 2.040 2.630 2.730 2.810
-5.720 -5.820 -5.710 -5.380 -5.510 -5.370 -5.420 -5.530 -5.430 -5.310 -5.040 -4.770 -5.520 -5.110 -5.040 -4.900 -4.930 -4.720 -4.430 -4.790 -4.760 -4.690 -4.600 -4.340 -4.630 -4.410 -4.320 -4.200 -4.120 -4.030 -4.000 -3.970 -3.920 -3.930 -3.910 -3.780 -3.830 -3.630 -3.710 -3.150 -3.520 -3.150 -2.900 -2.650 -2.800 -2.770 -2.840 -2.470 -2.700 -2.720 -2.490 -2.460 -2.410 -2.210 -2.030 -1.820 -1.570 -1.230 -0.930 -0.460 -0.400 -0.060 0.320 0.310 0.700 0.850 0.980 2.010 2.010 1.920 2.230 2.350 2.330
-5.830 -5.900 -5.660 -5.340 -5.330 -5.320 -5.320 -5.150 -5.130 -5.440 -5.180 -4.800 -5.220 -5.130 -4.990 -4.710 -4.420 -4.600 -4.610 -4.660 -4.720 -4.350 -4.620 -4.440 -4.440 -4.340 -4.020 -4.170 -4.080 -4.060 -3.930 -4.020 -3.860 -3.900 -3.870 -3.830 -3.690 -3.150 -3.080 -3.570 -3.500 -3.220 -2.600 -2.940 -2.770 -2.710 -2.360 -2.160 -2.190 -2.530 -2.510 -2.510 -2.230 -2.120 -2.010 -1.610 -1.470 -1.030 -0.820 -0.410 -0.080 -0.060 0.170 -0.060 0.790 0.870 0.840 1.970 2.030 1.990 2.080 2.250 2.430
-5.930 -5.640 -5.690 -5.430 -5.200 -5.090 -5.110 -5.060 -5.030 -5.050 -4.760 -4.620 -4.620 -4.690 -5.020 -4.870 -4.610 -4.460 -4.300 -4.210 -4.210 -4.540 -4.460 -4.360 -4.280 -4.360 -4.320 -4.080 -4.070 -4.000 -4.020 -3.880 -3.750 -3.800 -3.880 -3.720 -3.710 -2.870 -3.110 -3.620 -3.560 -3.570 -3.490 -3.360 -3.170 -2.500 -2.580 -2.330 -2.520 -2.670 -2.630 -2.440 -2.160 -1.980 -1.800 -1.470 -1.210 -0.960 -0.620 -0.300 0.140 0.080 0.080 0.180 0.580 0.680 1.090 1.880 2.040 1.960 2.070 2.320 2.400
-5.720 -5.570 -5.490 -5.280 -5.350 -5.360 -5.250 -5.120 -5.230 -5.160 -4.990 -4.810 -4.910 -5.040 -5.050 -4.470 -5.140 -4.290 -4.230 -4.330 -4.240 -4.110 -4.170 -3.850 -4.420 -4.270 -4.200 -4.090 -3.970 -3.970 -3.850 -3.970 -3.780 -3.940 -3.650 -3.760 -3.690 -3.670 -3.630 -3.630 -3.470 -3.550 -3.520 -3.540 -3.370 -3.210 -2.570 -2.860 -2.740 -2.580 -2.600 -2.420 -2.160 -1.950 -1.540 -1.320 -0.960 -0.720 -0.430 -0.170 0.080 0.260 0.120 0.280 0.820 0.680 1.970 1.890 1.830 2.200 2.140 2.260 2.470
-5.850 -5.430 -5.460 -5.370 -5.360 -5.120 -5.390 -5.270 -4.780 -4.940 -5.100 -4.690 -4.390 -5.060 -4.380 -4.940 -4.750 -4.350 -4.040 -4.690 -3.960 -4.050 -4.110 -4.260 -4.210 -4.100 -4.060 -4.060 -3.870 -3.850 -3.780 -3.770 -3.920 -3.640 -3.670 -3.600 -3.560 -3.620 -3.520 -3.410 -3.420 -3.470 -3.440 -3.500 -3.390 -3.150 -3.090 -2.860 -2.690 -2.500 -2.490 -2.150 -2.110 -1.780 -1.620 -1.210 -0.880 -0.600 -0.430 -0.250 -0.260 0.170 0.090 0.290 0.570 0.750 2.010 1.960 1.920 1.990 2.100 2.440 2.640
-5.880 -5.590 -5.650 -5.510 -5.320 -5.390 -5.170 -5.260 -4.870 -4.990 -5.240 -4.540 -4.370 -4.890 -4.820 -4.860 -4.890 -4.460 -4.040 -4.460 -4.270 -4.030 -3.960 -4.140 -4.140 -3.890 -4.040 -3.910 -3.930 -3.820 -3.660 -3.740 -3.790 -3.640 -3.690 -3.560 -3.530 -3.600 -3.560 -3.390 -3.380 -3.310 -3.390 -3.260 -3.330 -2.830 -3.040 -2.990 -2.640 -2.630 -2.330 -2.180 -1.910 -1.630 -1.410 -1.260 -0.940 -0.660 -0.450 -0.260 -0.330 -0.210 0.170 0.460 0.580 1.050 1.930 1.960 1.860 1.860 2.290 2.130 2.480
-5.710 -5.620 -5.460 -5.340 -5.250 -5.260 -5.270 -4.900 -5.110 -5.140 -4.010 -3.640 -4.280 -5.230 -4.880 -4.920 -4.840 -4.830 -3.950 -4.100 -4.360 -3.560 -4.120 -4.200 -4.130 -4.050 -4.080 -3.980 -3.840 -3.850 -4.020 -3.620 -3.620 -3.640 -3.470 -3.600 -3.560 -3.540 -3.420 -3.370 -3.380 -3.280 -3.270 -3.260 -3.180 -3.160 -2.900 -2.920 -2.760 -2.460 -2.340 -2.250 -1.830 -1.530 -1.250 -0.930 -0.850 -0.490 -0.180 -0.150 -0.210 -0.040 -0.010 0.530 0.940 1.640 1.910 1.970 1.990 1.840 1.840 1.980 1.970
-5.490 -5.860 -5.890 -5.520 -5.610 -5.420 -5.350 -5.470 -5.380 -5.190 -3.450 -3.440 -4.100 -4.320 -4.220 -4.160 -4.160 -4.040 -3.940 -3.970 -3.580 -3.600 -3.480 -3.830 -4.080 -3.990 -3.980 -3.940 -3.800 -3.800 -3.780 -3.470 -3.570 -3.520 -3.610 -3.580 -3.500 -3.550 -3.440 -3.370 -3.500 -3.270 -3.230 -3.200 -3.090 -3.010 -2.860 -2.700 -2.660 -2.460 -2.390 -2.120 -1.740 -1.490 -1.280 -0.960 -0.820 -0.560 -0.260 -0.030 0.020 -0.050 0.080 0.650 0.720 1.900 2.010 2.150 1.960 2.100 2.120 2.250 1.870
-5.410 -5.210 -5.480 -5.510 -5.330 -5.390 -5.390 -5.570 -5.290 -4.980 -3.660 -3.540 -3.940 -4.240 -4.470 -3.630 -4.240 -4.120 -3.830 -3.790 -3.540 -3.530 -3.720 -3.920 -4.100 -4.070 -3.910 -3.860 -3.870 -3.660 -3.620 -3.620 -3.570 -3.500 -3.500 -3.310 -3.450 -3.330 -3.370 -3.240 -3.440 -3.270 -3.200 -3.200 -3.020 -2.980 -2.790 -2.800 -2.550 -2.420 -2.190 -1.910 -1.720 -1.490 -1.120 -0.930 -0.770 -0.440 -0.130 0.050 -0.030 -0.180 0.190 0.590 0.920 2.010 1.860 1.810 1.750 1.840 1.830 1.980 2.100
-5.450 -5.480 -5.550 -5.590 -5.540 -5.640 -5.590 -5.660 -5.620 -5.210 -4.630 -4.190 -4.190 -4.080 -4.040 -3.730 -3.850 -3.830 -3.390 -3.440 -3.460 -4.020 -3.420 -3.230 -3.500 -3.100 -3.810 -3.740 -3.440 -3.750 -3.470 -3.530 -3.540 -3.390 -3.480 -3.410 -3.490 -3.370 -3.290 -3.270 -3.210 -3.190 -3.180 -3.160 -3.050 -2.900 -2.840 -2.740 -2.600 -2.430 -2.160 -1.780 -1.550 -1.270 -1.130 -1.000 -0.670 -0.330 -0.190 0.140 -0.050 -0.070 0.250 0.880 0.990 1.820 1.870 1.840 1.790 1.850 1.990 1.930 1.990
-4.410 -4.690 -5.310 -5.520 -5.290 -5.540 -5.770 -5.470 -5.550 -5.380 -4.790 -4.740 -4.420 -3.430 -3.080 -2.820 -3.380 -3.480 -3.490 -3.540 -3.650 -3.560 -3.290 -3.320 -3.660 -3.800 -3.750 -3.750 -3.630 -3.610 -3.600 -3.450 -3.390 -3.420 -3.490 -3.430 -3.270 -3.330 -3.280 -3.300 -2.820 -3.220 -3.140 -3.080 -3.000 -2.990 -2.880 -2.650 -2.530 -2.240 -1.990 -1.680 -1.470 -1.200 -0.930 -0.770 -0.620 -0.280 -0.200 0.020 -0.110 0.030 0.430 0.810 1.140 1.780 1.860 1.850 1.870 1.830 1.960 2.000 2.080
-3.550 -4.010 -5.070 -5.680 -5.610 -5.290 -4.860 -5.330 -5.230 -5.280 -4.900 -4.990 -4.410 -3.310 -2.910 -2.860 -3.160 -3.600 -3.360 -3.570 -3.970 -3.590 -3.200 -3.510 -3.740 -2.990 -3.670 -3.620 -3.560 -3.530 -3.480 -3.430 -3.350 -3.220 -3.170 -3.300 -3.350 -3.310 -3.260 -3.300 -3.320 -3.290 -3.140 -3.150 -3.040 -2.870 -2.700 -2.640 -2.470 -2.210 -1.940 -1.720 -1.500 -1.150 -0.950 -0.830 -0.610 -0.400 -0.030 0.050 -0.370 0.090 0.530 0.700 1.720 1.730 2.200 1.980 1.960 1.970 2.050 2.110 2.090
-3.300 -4.040 -5.330 -5.660 -5.800 -5.140 -5.270 -5.370 -5.570 -5.250 -4.850 -4.870 -4.120 -3.110 -3.250 -3.460 -3.710 -3.480 -3.300 -3.210 -3.610 -3.870 -3.280 -3.740 -3.680 -3.310 -3.690 -3.710 -3.570 -3.470 -3.380 -3.390 -3.350 -3.390 -3.270 -3.210 -3.110 -3.160 -3.230 -2.660 -3.230 -3.060 -3.090 -3.130 -2.920 -2.840 -2.880 -2.670 -2.350 -2.190 -1.920 -1.680 -1.380 -1.200 -0.900 -0.780 -0.480 -0.310 -0.010 -0.090 -0.190 0.170 0.650 0.710 1.690 1.710 2.080 1.900 2.000 2.040 2.050 2.190 2.170
-3.850 -4.790 -5.640 -5.750 -5.490 -5.540 -5.430 -5.380 -5.030 -4.880 -4.740 -4.670 -4.080 -3.670 -4.180 -4.490 -4.880 -3.800 -3.710 -3.450 -3.450 -3.310 -3.400 -3.730 -3.780 -3.720 -3.670 -3.530 -3.500 -3.480 -3.350 -3.320 -3.290 -3.260 -3.270 -3.250 -3.060 -3.100 -3.160 -3.100 -2.980 -3.170 -3.010 -2.960 -2.930 -2.780 -2.750 -2.550 -2.430 -2.120 -1.910 -1.650 -1.370 -1.180 -1.000 -0.810 -0.530 -0.370 -0.220 0.020 -0.040 0.220 0.710 0.800 1.710 1.770 1.900 1.980 2.060 2.120 2.140 2.130 2.230
-5.180 -5.600 -5.860 -5.840 -5.730 -5.560 -5.520 -5.390 -5.160 -4.790 -4.750 -4.860 -4.490 -4.240 -4.290 -4.620 -4.040 -3.870 -3.590 -3.590 -3.560 -3.480 -3.550 -3.740 -3.840 -3.670 -3.580 -3.370 -3.450 -3.420 -3.330 -3.270 -3.150 -3.240 -3.220 -3.210 -3.150 -3.030 -3.170 -3.120 -2.970 -3.020 -2.960 -2.870 -2.930 -2.800 -2.590 -2.570 -2.220 -2.090 -1.810 -1.480 -1.460 -1.140 -1.110 -0.860 -0.510 -0.340 -0.200 -0.200 -0.050 0.180 0.750 1.150 1.580 1.820 2.030 2.170 2.280 2.260 2.260 2.320 2.350
-6.120 -5.710 -4.890 -5.820 -5.840 -5.750 -5.570 -5.510 -5.330 -4.660 -4.830 -5.090 -4.980 -4.620 -4.680 -4.370 -4.270 -3.790 -3.840 -3.650 -3.440 -3.150 -3.680 -3.090 -2.850 -3.730 -3.540 -3.620 -3.350 -3.320 -3.320 -3.210 -3.230 -3.250 -3.210 -3.120 -3.120 -3.170 -3.110 -3.040 -3.080 -2.940 -2.800 -2.970 -2.850 -2.730 -2.630 -2.350 -2.290 -1.880 -1.790 -1.600 -1.340 -1.170 -1.070 -0.690 -0.430 -0.190 -0.020 0.000 0.060 0.510 0.940 1.510 1.690 1.620 1.730 2.050 2.270 2.320 2.550 2.370 2.470
-6.120 -5.670 -5.220 -5.210 -5.890 -5.850 -5.670 -5.510 -5.450 -4.370 -5.050 -5.130 -4.980 -4.600 -4.650 -4.160 -4.340 -4.530 -3.670 -3.660 -3.270 -2.720 -3.130 -3.080 -2.870 -2.970 -3.620 -3.500 -3.440 -3.310 -3.340 -3.290 -3.120 -3.110 -3.170 -3.160 -3.150 -3.000 -3.120 -3.060 -3.040 -2.960 -2.720 -2.790 -2.810 -2.670 -2.550 -2.450 -2.080 -1.910 -1.650 -1.560 -1.210 -1.080 -0.860 -0.590 -0.370 -0.160 0.000 0.290 0.110 0.550 0.890 1.730 1.780 2.370 1.830 2.200 1.940 1.840 1.940 2.570 2.710
-6.340 -5.990 -5.630 -5.560 -5.310 -5.510 -5.330 -5.570 -5.490 -4.800 -3.230 -4.070 -4.710 -4.290 -3.920 -4.160 -4.760 -3.890 -3.620 -3.140 -2.810 -2.670 -3.310 -3.290 -2.840 -2.870 -2.750 -2.920 -3.420 -3.220 -3.210 -3.230 -3.160 -3.280 -3.140 -3.190 -3.130 -2.950 -3.100 -3.010 -2.970 -2.910 -2.910 -2.930 -2.760 -2.600 -2.360 -2.230 -2.180 -1.920 -1.730 -1.500 -1.500 -1.030 -0.930 -0.470 -0.300 -0.070 0.090 -0.030 0.040 0.430 0.910 1.790 1.740 2.130 1.810 1.800 1.910 2.110 2.680 2.690 2.820
-5.760 -6.040 -5.550 -5.810 -5.090 -4.430 -4.580 -5.520 -5.120 -5.310 -3.800 -3.420 -3.860 -4.080 -4.040 -4.330 -4.110 -4.030 -3.230 -3.720 -3.090 -3.040 -3.660 -3.000 -3.070 -2.870 -2.670 -3.190 -2.380 -2.370 -2.880 -2.520 -3.110 -3.310 -3.200 -3.090 -2.680 -2.540 -2.820 -3.120 -2.860 -2.810 -2.930 -2.780 -2.770 -2.560 -2.410 -2.130 -2.110 -1.910 -1.900 -1.510 -1.240 -1.130 -0.720 -0.390 -0.190 -0.060 0.160 -0.140 0.300 0.520 1.120 1.770 1.690 1.830 1.930 2.090 2.310 2.600 2.920 3.100 3.370
-5.560 -5.440 -5.840 -5.580 -4.050 -3.610 -4.630 -5.520 -5.420 -5.250 -4.880 -4.280 -4.260 -4.160 -4.450 -4.580 -4.610 -3.640 -3.560 -4.090 -3.740 -3.180 -3.760 -3.460 -3.480 -3.360 -2.790 -2.790 -2.480 -2.510 -2.400 -2.430 -2.810 -3.000 -3.360 -2.850 -3.300 -3.270 -3.130 -3.070 -2.980 -2.940 -2.800 -2.740 -2.540 -2.480 -2.460 -2.150 -2.130 -1.780 -1.650 -1.440 -1.240 -0.880 -0.600 -0.350 -0.180 -0.060 -0.140 0.120 0.260 0.910 1.690 1.720 1.770 1.890 2.100 2.500 2.590 2.930 3.170 3.910 4.490
-5.120 -5.560 -5.760 -5.580 -4.420 -4.050 -5.160 -5.520 -5.520 -5.380 -5.390 -4.570 -4.950 -4.870 -4.240 -4.280 -4.540 -4.440 -3.690 -3.460 -4.100 -3.960 -3.080 -3.320 -2.840 -2.530 -2.370 -2.880 -2.650 -2.480 -1.840 -2.030 -2.630 -2.430 -3.250 -2.840 -2.700 -3.300 -3.170 -3.060 -3.000 -2.920 -2.820 -2.690 -2.560 -2.300 -2.230 -2.220 -2.090 -1.810 -1.580 -1.270 -1.000 -0.760 -0.540 -0.180 -0.210 0.050 -0.090 0.240 0.610 0.930 1.910 1.850 1.900 1.960 2.190 2.550 2.800 3.020 3.570 4.490 4.780
-5.780 -5.730 -6.110 -6.470 -5.270 -5.240 -5.530 -5.020 -4.760 -4.980 -5.310 -4.930 -5.180 -4.150 -4.360 -4.680 -4.570 -4.540 -4.330 -3.510 -4.300 -3.610 -3.260 -3.320 -2.690 -2.520 -2.500 -2.390 -2.890 -2.730 -2.490 -2.550 -2.660 -2.850 -2.880 -2.570 -3.030 -3.130 -3.080 -2.950 -3.040 -2.850 -2.700 -2.680 -2.500 -2.440 -2.130 -1.960 -1.900 -1.800 -1.430 -1.270 -0.970 -0.720 -0.450 -0.510 -0.310 0.020 -0.150 0.220 0.610 0.850 1.710 1.930 2.190 2.780 3.070 3.450 4.140 4.210 5.150 5.470 5.450
-6.240 -6.400 -5.840 -5.340 -5.370 -5.420 -5.770 -5.210 -5.010 -4.470 -4.930 -4.770 -3.930 -3.390 -2.980 -3.640 -4.150 -4.060 -4.180 -3.940 -3.170 -3.180 -3.510 -3.950 -2.820 -2.840 -2.870 -2.680 -2.770 -2.730 -2.530 -2.330 -2.960 -2.930 -3.030 -2.790 -2.790 -2.670 -3.010 -2.890 -2.980 -2.800 -2.760 -2.440 -2.470 -2.320 -2.230 -2.010 -1.710 -1.630 -1.440 -1.340 -0.830 -0.800 -0.350 -0.170 0.010 0.050 0.170 0.320 0.950 1.610 1.910 2.060 2.290 2.680 3.540 4.000 4.580 5.140 5.650 5.940 5.790
-6.490 -6.190 -5.800 -5.630 -5.380 -5.500 -5.200 -5.540 -4.710 -4.850 -5.000 -4.950 -4.170 -3.820 -3.910 -3.020 -2.490 -2.940 -4.000 -3.150 -3.040 -3.430 -4.040 -3.140 -2.880 -3.060 -3.240 -3.220 -2.970 -2.860 -2.540 -2.760 -2.890 -3.360 -3.040 -2.680 -2.810 -2.830 -2.700 -2.850 -2.810 -2.780 -2.710 -2.540 -2.320 -2.150 -2.190 -1.990 -1.790 -1.560 -1.370 -1.140 -0.930 -0.690 -0.280 -0.100 -0.060 0.080 0.310 0.270 0.970 1.740 1.830 2.420 2.680 3.110 3.750 4.150 4.810 5.320 5.520 5.690 5.560
-5.870 -5.190 -5.540 -6.070 -5.340 -4.960 -4.670 -5.130 -4.730 -5.050 -5.100 -5.010 -4.850 -4.460 -3.670 -3.490 -2.790 -2.490 -3.560 -3.190 -3.390 -3.190 -3.280 -3.180 -3.280 -2.990 -3.280 -3.160 -3.100 -2.360 -2.570 -2.660 -3.350 -3.380 -3.220 -2.690 -2.960 -3.040 -2.790 -2.640 -2.770 -2.800 -2.600 -2.620 -2.420 -2.330 -2.170 -1.850 -1.660 -1.680 -1.310 -1.090 -0.760 -0.650 -0.280 0.050 0.190 0.150 0.300 0.640 1.120 1.890 2.060 2.610 3.190 3.500 3.490 3.740 4.530 5.180 5.420 5.650 5.610
