0925_6225/LITTO3D_FRA_0928_6225_20150529_LAMB93_RGF93_IGN69/MNT5m/LITTO3D_FRA_0928_6225_MNT5_20150128_LAMB93_RGF93_IGN69.asc
ncols 200
nrows 200
xllcenter 928000.000
yllcenter 6224005.000
cellsize 5.0000
nodata_value -99999
[rows 64 to 95 of 200, columns 0 to 72 of 200]
-10.310 -9.690 -8.930 -9.170 -8.860 -8.790 -8.790 -8.930 -8.920 -8.300 -8.550 -8.800 -9.160 -9.000 -8.960 -8.980 -8.660 -8.690 -8.680 -8.630 -8.070 -9.890 -9.490 -9.180 -8.980 -8.610 -8.550 -8.030 -8.760 -8.180 -8.790 -8.640 -8.080 -8.760 -8.480 -8.120 -8.110 -8.350 -8.390 -8.230 -8.260 -8.160 -8.000 -7.770 -6.670 -6.020 -6.100 -6.480 -6.750 -6.530 -6.590 -6.270 -6.530 -5.860 -6.390 -6.250 -6.140 -6.040 -6.170 -5.820 -5.970 -5.770 -5.600 -5.520 -5.290 -5.320 -5.200 -5.170 -5.050 -5.040 -4.980 -4.990 -4.940
-9.740 -10.240 -9.080 -8.770 -9.280 -9.040 -8.880 -8.770 -8.660 -8.610 -8.890 -8.550 -9.300 -8.430 -8.330 -8.650 -9.350 -8.900 -9.010 -8.900 -8.470 -9.340 -9.490 -8.880 -8.630 -8.290 -8.410 -8.610 -8.740 -8.120 -8.730 -8.490 -8.270 -8.710 -8.450 -8.370 -8.620 -8.430 -8.290 -8.330 -8.180 -8.200 -8.080 -7.830 -7.380 -6.290 -6.270 -6.280 -7.050 -6.530 -6.580 -6.710 -6.620 -6.490 -6.280 -6.110 -5.990 -6.050 -5.910 -5.720 -5.780 -5.840 -5.500 -5.390 -5.320 -5.190 -5.180 -5.080 -5.080 -4.970 -4.960 -4.870 -4.870
-9.920 -10.100 -10.520 -10.380 -9.010 -8.670 -8.760 -8.320 -8.230 -8.430 -8.730 -9.090 -8.520 -8.430 -8.400 -8.560 -8.470 -8.650 -9.030 -8.840 -8.940 -8.720 -8.520 -8.860 -9.250 -7.990 -8.080 -8.270 -8.200 -7.690 -9.130 -8.340 -8.990 -8.660 -8.470 -8.550 -8.470 -8.490 -8.560 -8.270 -8.130 -8.290 -8.100 -7.800 -6.910 -6.760 -7.330 -7.290 -6.960 -6.340 -6.830 -6.780 -6.620 -6.250 -6.010 -5.720 -5.590 -5.670 -5.740 -5.560 -5.440 -5.490 -5.470 -5.330 -5.270 -5.140 -5.130 -4.960 -5.030 -4.860 -4.890 -4.820 -4.840
-9.540 -10.250 -10.380 -10.230 -8.900 -8.920 -9.150 -8.400 -8.160 -8.380 -8.610 -9.090 -8.800 -8.630 -7.540 -8.410 -8.240 -8.100 -8.610 -8.700 -8.720 -8.650 -8.580 -8.650 -8.860 -8.330 -8.000 -8.030 -8.020 -7.720 -7.870 -8.000 -8.600 -8.640 -8.540 -8.410 -8.350 -8.150 -8.560 -8.370 -8.240 -8.170 -7.820 -7.060 -7.270 -6.930 -7.440 -7.410 -7.270 -7.190 -7.090 -6.800 -6.240 -6.170 -5.910 -5.430 -5.170 -5.260 -5.160 -5.030 -5.150 -5.430 -5.130 -5.550 -5.160 -5.080 -5.130 -5.010 -4.890 -4.790 -4.770 -4.720 -4.680
-9.580 -9.590 -9.850 -9.330 -9.270 -9.810 -10.210 -9.320 -8.160 -8.520 -8.530 -8.470 -8.670 -8.470 -8.410 -8.500 -8.300 -8.130 -8.260 -8.340 -8.720 -8.800 -8.640 -8.830 -8.200 -7.760 -8.090 -8.020 -8.150 -8.320 -8.060 -8.070 -8.480 -8.700 -8.490 -8.020 -8.100 -7.850 -8.510 -8.260 -8.380 -8.050 -8.180 -7.610 -7.140 -7.120 -7.100 -7.080 -7.340 -7.400 -7.120 -6.820 -6.140 -5.520 -5.520 -4.910 -5.320 -5.250 -5.070 -5.040 -5.250 -5.320 -5.230 -5.260 -5.150 -5.120 -4.940 -5.020 -4.780 -4.800 -4.650 -4.700 -4.610
-9.810 -9.640 -9.730 -9.440 -9.330 -9.460 -9.770 -9.070 -8.010 -8.730 -8.840 -8.830 -8.200 -8.360 -8.450 -8.530 -8.420 -8.050 -8.160 -8.380 -8.480 -8.670 -8.610 -8.350 -8.360 -7.780 -7.250 -7.920 -8.110 -8.640 -8.850 -8.320 -8.120 -7.910 -8.410 -8.100 -8.040 -8.060 -8.090 -8.310 -8.400 -8.180 -8.330 -7.300 -8.040 -7.460 -7.180 -7.010 -6.850 -7.520 -7.340 -6.560 -5.620 -5.570 -4.360 -4.580 -4.360 -4.200 -4.370 -4.040 -5.500 -5.310 -5.340 -5.090 -5.340 -4.260 -4.750 -4.730 -4.650 -4.680 -4.620 -4.600 -4.500
-9.470 -9.510 -9.530 -9.680 -9.430 -8.970 -8.480 -8.780 -8.170 -8.740 -8.890 -8.910 -8.700 -8.250 -8.100 -8.530 -8.570 -8.380 -8.350 -8.870 -8.470 -8.490 -8.460 -7.930 -8.580 -8.020 -7.590 -7.740 -8.300 -9.300 -9.110 -8.200 -8.170 -8.800 -8.430 -7.830 -7.880 -7.820 -7.640 -8.360 -8.550 -8.360 -8.360 -7.710 -7.700 -7.920 -7.700 -7.530 -7.840 -7.710 -7.270 -7.080 -6.390 -5.570 -5.030 -4.940 -4.290 -4.080 -3.880 -3.500 -4.500 -3.740 -5.220 -4.320 -4.920 -4.720 -4.720 -4.610 -4.570 -4.480 -4.560 -4.510 -4.410
-9.060 -9.220 -9.580 -9.660 -9.550 -9.820 -9.450 -9.020 -8.720 -8.990 -9.240 -8.990 -9.180 -8.370 -8.460 -8.230 -8.640 -8.620 -8.480 -8.360 -8.260 -8.190 -8.400 -8.410 -8.420 -8.150 -7.300 -7.390 -7.630 -9.290 -8.520 -8.010 -7.920 -8.730 -7.840 -8.140 -7.930 -8.270 -7.750 -8.310 -8.470 -8.390 -8.310 -7.710 -7.950 -7.650 -7.770 -7.780 -7.820 -7.780 -7.260 -6.740 -5.800 -5.630 -5.230 -5.100 -4.310 -4.210 -3.750 -3.620 -3.810 -4.070 -4.110 -3.960 -4.880 -4.700 -4.670 -4.520 -4.580 -4.380 -4.450 -4.380 -4.350
-9.440 -9.350 -9.970 -9.640 -9.310 -9.420 -9.500 -9.490 -9.080 -9.480 -9.480 -9.590 -9.460 -8.640 -8.540 -8.190 -8.470 -8.520 -8.320 -8.110 -8.380 -8.380 -7.960 -8.140 -8.540 -8.470 -7.880 -7.260 -7.200 -8.050 -7.660 -7.460 -7.540 -8.360 -7.790 -7.350 -7.690 -7.970 -7.760 -8.610 -8.370 -8.510 -8.570 -8.100 -7.920 -7.560 -7.950 -8.040 -7.820 -7.790 -7.080 -7.030 -6.360 -5.610 -5.060 -5.390 -4.260 -4.560 -4.160 -3.480 -3.650 -3.750 -4.640 -4.420 -4.820 -4.780 -4.830 -4.550 -4.480 -4.370 -4.370 -4.240 -4.310
-9.230 -9.480 -9.650 -9.790 -9.160 -8.910 -9.450 -10.330 -10.080 -10.300 -10.490 -10.440 -10.420 -10.130 -8.840 -8.320 -8.220 -8.170 -8.180 -8.310 -8.250 -8.180 -8.160 -7.900 -8.300 -8.980 -8.490 -8.090 -7.890 -8.140 -7.720 -7.580 -7.500 -8.040 -8.050 -7.670 -7.850 -8.560 -8.410 -8.360 -8.590 -8.500 -8.700 -8.440 -8.010 -8.240 -7.770 -8.010 -8.100 -7.790 -7.770 -7.050 -7.040 -6.680 -5.770 -5.540 -4.400 -4.350 -3.700 -3.470 -3.230 -3.160 -3.310 -3.970 -4.850 -4.620 -3.920 -4.500 -4.470 -4.390 -4.260 -4.240 -4.210
-8.950 -9.340 -9.610 -9.770 -9.480 -9.320 -9.610 -10.500 -10.340 -10.220 -10.170 -10.170 -10.300 -9.620 -8.490 -8.210 -7.880 -8.260 -7.860 -8.280 -8.460 -8.480 -8.270 -7.570 -8.100 -8.580 -8.580 -7.840 -8.230 -7.900 -7.790 -7.280 -7.610 -7.620 -7.830 -7.580 -8.320 -8.520 -8.660 -8.590 -8.780 -8.640 -8.640 -8.510 -7.970 -8.330 -8.250 -8.170 -7.790 -7.030 -7.730 -7.270 -7.150 -6.540 -5.820 -5.500 -4.690 -4.260 -3.960 -3.610 -2.980 -2.860 -2.990 -3.490 -4.980 -5.040 -3.000 -3.370 -2.980 -4.420 -4.080 -4.180 -4.070
-9.610 -9.540 -9.820 -9.690 -10.140 -9.240 -9.550 -9.890 -9.920 -9.200 -8.980 -9.320 -9.490 -9.400 -9.190 -8.570 -7.920 -8.250 -8.240 -8.480 -8.470 -8.600 -8.580 -8.130 -8.520 -8.280 -8.500 -8.400 -8.180 -8.080 -7.750 -7.400 -7.400 -7.830 -7.300 -7.260 -8.330 -8.480 -8.610 -8.770 -8.660 -8.600 -8.630 -8.580 -7.930 -8.390 -8.130 -8.270 -7.350 -6.720 -7.740 -7.990 -7.240 -7.620 -5.680 -5.190 -4.630 -4.150 -3.670 -3.390 -3.010 -3.090 -3.030 -3.320 -4.840 -3.550 -3.370 -2.900 -2.920 -4.000 -4.090 -3.930 -4.010
-9.620 -9.840 -9.920 -9.640 -10.110 -9.530 -9.340 -9.470 -9.590 -9.140 -8.700 -9.110 -9.420 -9.140 -9.060 -8.800 -8.120 -8.350 -8.260 -8.540 -8.210 -8.030 -8.750 -8.650 -8.760 -8.540 -8.590 -8.220 -8.230 -7.840 -8.130 -7.740 -7.140 -7.260 -7.250 -7.180 -7.680 -8.170 -8.180 -8.440 -8.470 -8.320 -8.410 -8.550 -8.490 -8.170 -8.240 -8.050 -7.520 -7.720 -7.730 -8.070 -8.030 -7.960 -6.210 -4.810 -4.450 -4.420 -3.580 -3.530 -3.250 -3.270 -3.100 -3.510 -4.030 -3.510 -3.370 -3.200 -2.990 -2.810 -3.340 -3.870 -3.780
-9.240 -9.630 -10.400 -10.240 -9.450 -8.470 -8.410 -8.620 -9.020 -8.880 -8.390 -9.250 -9.400 -9.200 -8.940 -8.340 -7.390 -7.870 -8.300 -8.010 -8.200 -8.540 -8.500 -8.490 -8.760 -8.870 -8.650 -8.500 -8.110 -7.800 -7.960 -8.290 -7.470 -7.560 -7.380 -7.180 -7.710 -7.730 -7.860 -7.760 -7.870 -8.500 -8.680 -8.560 -8.560 -8.040 -8.380 -7.880 -7.930 -8.240 -8.180 -8.090 -8.090 -8.040 -6.410 -5.010 -4.230 -4.550 -3.630 -3.650 -3.350 -3.210 -3.110 -3.410 -3.540 -3.410 -3.150 -3.100 -2.990 -3.010 -4.150 -3.800 -3.840
-9.580 -9.800 -10.260 -9.950 -9.540 -8.620 -7.730 -7.940 -8.960 -8.840 -8.760 -9.530 -9.300 -9.550 -8.890 -8.510 -7.730 -8.610 -8.400 -8.240 -8.320 -8.650 -8.260 -8.780 -8.400 -9.400 -9.740 -8.690 -8.210 -7.780 -7.670 -7.920 -7.900 -7.830 -7.630 -7.490 -7.550 -7.380 -7.490 -7.600 -7.890 -8.740 -8.660 -8.240 -8.570 -8.360 -8.390 -8.290 -8.260 -8.090 -8.150 -8.070 -8.150 -7.910 -6.110 -4.680 -4.730 -4.660 -4.190 -3.790 -3.560 -3.340 -3.050 -3.210 -3.000 -3.030 -3.730 -2.970 -2.690 -2.730 -3.480 -3.830 -3.720
-10.220 -9.550 -9.200 -9.110 -8.990 -8.470 -8.290 -7.820 -8.490 -8.830 -8.790 -9.260 -9.320 -8.980 -9.240 -9.440 -9.270 -8.780 -8.690 -8.490 -8.500 -8.410 -8.980 -8.910 -8.940 -9.500 -9.600 -9.020 -8.470 -8.370 -7.970 -7.590 -7.870 -8.210 -7.790 -7.620 -7.190 -7.610 -7.480 -7.510 -7.800 -8.710 -8.620 -7.960 -7.800 -8.410 -8.250 -8.430 -8.190 -8.200 -8.100 -8.130 -8.310 -7.690 -7.220 -6.070 -5.240 -5.910 -4.980 -4.080 -3.570 -3.240 -3.070 -3.110 -3.000 -2.890 -3.700 -3.060 -2.670 -3.190 -3.030 -2.560 -3.530
-10.360 -9.260 -8.850 -8.670 -7.960 -8.000 -7.810 -8.130 -7.630 -8.020 -8.630 -9.130 -8.970 -8.930 -9.040 -9.290 -9.480 -9.680 -8.920 -9.040 -8.510 -8.180 -8.370 -8.500 -8.510 -9.700 -9.300 -9.000 -8.450 -8.610 -8.300 -8.180 -8.330 -8.290 -8.070 -7.830 -7.610 -7.320 -7.460 -7.490 -7.390 -7.680 -7.430 -7.860 -7.860 -8.200 -8.280 -8.380 -8.180 -8.280 -8.050 -8.160 -8.170 -8.030 -7.980 -7.930 -7.680 -6.350 -5.500 -4.300 -3.850 -3.360 -3.020 -2.660 -2.980 -3.590 -3.840 -3.280 -2.880 -3.870 -3.090 -2.650 -2.980
-9.430 -8.900 -8.230 -7.410 -7.390 -7.250 -7.790 -7.890 -8.410 -8.000 -8.080 -8.980 -9.160 -8.750 -9.590 -9.140 -8.910 -9.340 -9.070 -8.610 -8.560 -8.750 -8.580 -8.060 -8.120 -8.960 -8.800 -8.490 -8.940 -8.530 -8.170 -9.170 -8.130 -8.380 -7.980 -7.960 -7.910 -6.960 -7.290 -7.490 -7.210 -7.170 -7.150 -7.290 -8.240 -8.180 -8.390 -8.280 -8.240 -8.210 -8.210 -8.180 -8.110 -8.080 -7.970 -7.850 -7.900 -7.700 -5.140 -4.300 -3.590 -3.420 -2.950 -2.600 -2.700 -3.210 -3.170 -3.520 -3.450 -3.770 -2.560 -2.550 -2.920
-8.800 -8.330 -8.210 -7.870 -9.300 -8.750 -7.460 -8.290 -8.950 -8.890 -8.250 -8.560 -9.120 -8.660 -9.830 -9.140 -9.050 -9.500 -9.740 -9.040 -8.850 -9.030 -8.590 -8.530 -8.310 -8.220 -8.330 -8.440 -8.750 -8.790 -8.520 -9.240 -8.530 -8.930 -8.040 -7.680 -7.520 -7.340 -7.210 -7.130 -7.900 -7.020 -7.130 -7.220 -7.800 -8.000 -8.190 -8.290 -8.280 -8.150 -8.210 -8.060 -8.110 -7.950 -8.020 -7.880 -7.850 -7.890 -5.470 -4.340 -3.800 -3.150 -2.680 -2.480 -2.670 -2.860 -2.770 -3.770 -3.750 -3.680 -2.870 -2.400 -2.510
-8.560 -7.990 -8.940 -10.140 -9.750 -10.190 -9.390 -9.000 -8.800 -9.090 -8.200 -8.950 -10.220 -9.540 -9.050 -8.850 -8.130 -8.270 -9.400 -8.930 -8.980 -9.000 -8.790 -8.440 -8.490 -7.960 -8.470 -8.490 -8.280 -8.280 -8.730 -8.580 -8.180 -8.180 -7.810 -7.870 -7.660 -7.490 -7.340 -7.380 -7.220 -6.920 -7.140 -7.200 -7.260 -8.010 -7.840 -7.520 -7.760 -8.140 -8.170 -7.910 -8.000 -8.030 -7.920 -7.890 -7.770 -7.770 -6.990 -4.290 -3.550 -3.020 -2.930 -2.620 -2.740 -2.890 -3.000 -3.800 -3.760 -3.710 -3.590 -2.110 -2.200
-9.330 -11.000 -9.690 -9.510 -9.520 -9.710 -9.670 -9.290 -8.970 -8.630 -8.600 -9.050 -10.110 -9.800 -8.890 -8.890 -8.640 -8.380 -9.220 -8.880 -8.910 -8.900 -8.850 -8.700 -8.390 -8.310 -8.850 -8.300 -8.490 -8.360 -7.830 -8.050 -7.940 -7.860 -7.880 -7.550 -7.200 -7.360 -7.110 -6.970 -6.960 -6.790 -6.630 -6.850 -6.760 -6.950 -7.050 -6.930 -7.210 -7.430 -7.910 -7.930 -7.730 -7.950 -7.780 -7.850 -7.690 -7.690 -6.120 -4.320 -3.610 -2.950 -2.750 -2.520 -2.400 -2.380 -2.430 -2.790 -3.310 -3.510 -3.670 -3.600 -2.010
-9.760 -10.790 -10.050 -10.060 -10.520 -10.640 -9.930 -9.930 -10.150 -10.410 -10.420 -9.390 -10.220 -9.860 -9.320 -9.100 -10.420 -8.650 -8.690 -8.910 -9.920 -9.950 -9.430 -8.950 -8.650 -9.520 -8.850 -7.950 -8.170 -7.840 -7.570 -7.930 -7.740 -7.450 -7.600 -7.450 -7.260 -7.330 -6.940 -6.640 -6.520 -6.530 -6.570 -6.490 -6.450 -6.410 -6.930 -6.600 -6.330 -6.560 -6.980 -7.730 -7.500 -7.590 -7.560 -7.690 -7.630 -6.570 -4.600 -4.320 -3.650 -3.080 -2.660 -2.430 -2.390 -2.330 -2.280 -2.170 -2.640 -2.060 -2.540 -2.410 -2.310
-10.930 -10.850 -10.740 -10.600 -10.560 -10.360 -9.670 -9.300 -9.430 -10.080 -9.430 -9.720 -10.310 -9.900 -9.540 -10.050 -9.400 -9.610 -8.930 -8.760 -9.140 -9.490 -9.770 -9.540 -9.000 -9.490 -8.700 -8.110 -7.990 -7.830 -7.660 -7.780 -7.780 -7.650 -7.690 -7.760 -7.280 -7.070 -7.060 -6.830 -6.740 -6.410 -6.900 -6.730 -6.550 -6.400 -6.610 -6.270 -6.180 -6.250 -7.310 -7.410 -7.250 -7.190 -7.400 -7.360 -7.040 -4.690 -4.330 -4.030 -3.770 -3.000 -2.790 -2.420 -2.330 -2.210 -2.220 -2.060 -2.270 -2.550 -2.480 -2.550 -2.240
-10.750 -10.890 -10.400 -10.540 -10.180 -10.440 -10.460 -10.220 -9.290 -9.270 -9.770 -9.440 -10.220 -10.250 -9.480 -9.480 -9.840 -10.140 -9.440 -9.090 -9.150 -8.780 -8.820 -8.580 -9.240 -9.540 -9.370 -8.490 -7.870 -7.480 -7.540 -7.370 -7.430 -7.540 -7.590 -7.760 -7.180 -6.880 -6.860 -6.650 -6.330 -6.650 -6.950 -6.700 -6.430 -6.890 -6.610 -6.610 -6.140 -6.200 -6.740 -6.980 -7.140 -7.070 -7.140 -7.200 -6.150 -4.530 -4.050 -3.930 -3.650 -3.070 -2.970 -2.600 -2.480 -2.280 -2.230 -2.440 -2.120 -2.300 -2.120 -2.270 -1.960
-10.170 -10.770 -9.920 -9.240 -10.300 -10.410 -10.670 -10.470 -10.160 -9.700 -9.420 -9.670 -10.470 -10.340 -9.370 -10.180 -10.320 -10.110 -10.000 -9.330 -8.950 -8.700 -8.300 -7.970 -8.550 -9.080 -8.760 -8.840 -8.120 -7.240 -6.830 -7.010 -6.750 -7.170 -7.220 -7.030 -6.710 -6.610 -6.500 -6.390 -6.290 -7.050 -6.910 -6.150 -6.530 -6.550 -6.270 -6.550 -6.300 -6.790 -5.980 -6.200 -6.930 -6.890 -6.980 -6.990 -5.390 -4.180 -3.830 -3.700 -3.490 -3.040 -2.830 -2.700 -2.500 -2.380 -2.250 -2.480 -2.210 -2.190 -2.160 -2.300 -2.400
-10.350 -10.830 -9.770 -9.230 -9.750 -10.710 -10.560 -10.600 -10.570 -9.530 -8.640 -9.350 -9.690 -10.140 -9.550 -9.560 -9.850 -9.310 -8.980 -8.730 -8.600 -8.470 -8.440 -7.900 -7.810 -8.300 -8.640 -8.950 -8.130 -7.440 -7.530 -7.580 -6.900 -6.850 -6.880 -6.760 -7.100 -7.420 -7.240 -7.140 -7.080 -6.500 -7.020 -6.460 -6.300 -5.870 -6.780 -6.470 -6.670 -6.630 -6.530 -6.840 -6.700 -6.640 -6.770 -6.390 -4.820 -4.020 -3.530 -3.510 -3.220 -3.150 -2.810 -2.820 -2.530 -2.560 -2.530 -2.370 -2.270 -2.230 -2.410 -2.530 -2.450
-10.320 -9.800 -9.880 -9.990 -10.450 -10.680 -10.640 -9.780 -10.030 -8.960 -8.640 -8.830 -9.770 -9.500 -9.020 -8.920 -9.350 -9.420 -8.530 -8.460 -7.920 -8.050 -7.900 -7.520 -7.310 -7.270 -7.510 -8.020 -8.090 -7.840 -7.930 -7.660 -6.990 -6.790 -6.550 -6.630 -6.620 -6.850 -6.430 -7.090 -6.630 -7.070 -6.860 -6.470 -6.480 -6.780 -6.510 -6.410 -6.300 -6.550 -6.600 -6.700 -6.560 -6.620 -6.360 -4.590 -3.980 -3.620 -3.350 -3.140 -3.040 -2.980 -2.890 -2.800 -2.580 -2.610 -2.510 -2.570 -2.420 -2.380 -2.480 -2.610 -2.840
-10.230 -9.970 -9.850 -10.530 -10.870 -10.790 -10.360 -9.880 -9.440 -9.670 -8.530 -8.300 -9.150 -9.440 -9.520 -8.830 -8.930 -8.740 -9.000 -8.530 -7.440 -7.790 -7.650 -7.200 -7.140 -6.820 -7.100 -7.080 -6.840 -7.190 -7.490 -7.310 -6.910 -6.620 -6.100 -6.450 -6.600 -6.270 -6.870 -6.710 -6.170 -6.320 -6.820 -6.730 -6.620 -6.520 -6.460 -6.400 -6.480 -6.490 -6.420 -6.410 -6.560 -5.850 -5.770 -6.430 -5.040 -5.400 -5.540 -4.960 -3.320 -3.070 -2.980 -2.740 -2.770 -2.500 -2.760 -2.520 -2.650 -2.710 -2.650 -2.780 -3.010
-10.160 -10.550 -10.300 -10.930 -11.010 -10.510 -10.280 -9.590 -9.450 -9.610 -8.680 -8.430 -8.790 -8.920 -9.490 -9.560 -8.260 -7.930 -8.620 -9.160 -7.590 -7.560 -7.550 -7.750 -7.330 -7.660 -6.960 -6.960 -6.530 -6.710 -6.870 -6.690 -6.880 -6.830 -7.770 -7.540 -7.330 -6.970 -7.120 -6.720 -6.470 -6.690 -6.520 -6.550 -6.520 -6.310 -6.440 -6.360 -6.320 -6.310 -6.290 -6.320 -5.900 -5.710 -5.760 -6.560 -5.790 -5.720 -5.680 -5.550 -5.930 -4.480 -2.980 -2.820 -2.790 -2.700 -2.670 -2.620 -2.710 -2.510 -2.570 -2.660 -2.620
-10.180 -10.300 -10.080 -10.140 -10.060 -9.690 -9.740 -9.660 -9.530 -9.630 -8.800 -8.600 -9.750 -9.670 -8.680 -8.720 -8.710 -8.690 -8.550 -8.250 -8.170 -7.870 -7.260 -7.600 -7.500 -7.630 -6.760 -7.590 -6.630 -6.510 -6.580 -6.500 -6.830 -6.700 -7.250 -7.280 -7.230 -7.150 -6.970 -6.820 -6.500 -6.400 -6.520 -6.180 -6.220 -6.340 -6.240 -6.100 -6.130 -5.980 -6.350 -6.170 -6.230 -5.790 -6.310 -6.290 -5.260 -5.650 -5.940 -6.190 -5.940 -5.870 -5.410 -2.950 -2.610 -2.640 -2.850 -2.510 -2.680 -2.620 -2.540 -2.730 -2.980
-9.960 -10.090 -10.120 -9.100 -10.020 -9.400 -9.280 -8.980 -8.240 -8.860 -9.020 -8.840 -9.790 -9.740 -8.180 -8.440 -8.800 -8.680 -9.440 -8.710 -7.980 -7.370 -8.090 -7.220 -6.820 -6.760 -6.630 -7.170 -6.520 -6.440 -6.250 -6.750 -6.440 -6.230 -6.320 -6.760 -6.930 -7.070 -7.000 -6.770 -6.690 -6.480 -6.440 -6.340 -6.170 -5.930 -5.990 -6.070 -6.020 -5.970 -5.950 -5.700 -5.900 -5.130 -6.440 -5.780 -5.610 -5.820 -5.610 -6.030 -5.870 -5.740 -5.500 -5.070 -2.880 -2.740 -2.640 -2.680 -2.600 -2.630 -2.660 -2.700 -3.180
-9.930 -10.170 -9.850 -9.830 -9.950 -9.810 -9.580 -9.260 -8.850 -8.880 -9.400 -8.910 -8.010 -8.460 -8.050 -8.370 -9.120 -9.190 -9.430 -9.100 -8.080 -7.690 -7.400 -7.380 -6.720 -6.860 -6.920 -6.800 -6.550 -6.590 -7.050 -6.930 -6.320 -6.350 -7.370 -6.960 -6.720 -6.640 -6.900 -6.800 -6.680 -6.590 -6.340 -6.280 -6.170 -5.950 -5.780 -5.670 -5.830 -5.470 -5.280 -5.090 -5.650 -4.980 -5.150 -5.360 -5.440 -5.540 -5.660 -5.480 -5.820 -5.870 -5.550 -4.510 -3.280 -2.630 -2.640 -2.670 -2.650 -2.590 -2.640 -2.570 -3.940
