0925_6225/LITTO3D_FRA_0928_6225_20150529_LAMB93_RGF93_IGN69/MNT5m/LITTO3D_FRA_0928_6225_MNT5_20150128_LAMB93_RGF93_IGN69.asc
ncols 200
nrows 200
xllcenter 928000.000
yllcenter 6224005.000
cellsize 5.0000
nodata_value -99999
[rows 64 to 95 of 200, columns 73 to 145 of 200]
-4.860 -4.780 -4.810 -4.760 -4.700 -4.700 -4.750 -4.620 -3.960 -3.930 -4.230 -3.530 -3.460 -3.020 -2.830 -2.840 -2.670 -2.010 -2.430 -2.170 -2.520 -2.290 -2.530 -2.690 -2.350 -2.310 -1.870 -2.130 -2.280 -1.980 -1.960 -1.850 -1.560 -1.860 -1.550 -0.820 -0.910 -0.610 -0.990 -0.790 -0.570 -0.590 -0.470 -0.130 0.240 1.270 5.360 5.530 5.320 5.310 5.360 5.210 5.480 5.750 5.790 6.190 6.300 6.480 6.740 7.160 7.910 8.030 7.930 7.840 8.020 8.050 8.180 9.280 9.630 9.850 9.630 9.560 9.750
-4.810 -4.760 -4.690 -4.670 -4.640 -4.630 -4.700 -5.160 -4.440 -4.670 -3.190 -3.630 -3.320 -2.930 -3.420 -2.470 -2.630 -2.610 -2.330 -2.460 -2.600 -2.510 -3.030 -2.490 -2.610 -2.240 -2.390 -2.870 -2.000 -2.270 -1.540 -1.930 -1.710 -1.770 -1.790 -2.240 -1.630 -1.430 -0.110 -0.330 -0.750 -0.460 -0.380 -0.050 0.370 0.910 5.950 5.920 5.390 5.370 5.390 5.230 5.230 5.650 6.000 6.040 6.240 6.350 6.660 7.020 7.860 7.620 7.820 7.530 7.800 7.840 8.150 8.770 9.080 9.660 9.380 9.390 9.370
-4.750 -4.710 -4.680 -4.730 -4.560 -4.560 -4.530 -4.330 -4.650 -3.220 -3.290 -2.890 -2.740 -2.450 -2.340 -2.590 -2.250 -2.360 -2.710 -3.140 -2.950 -2.950 -3.340 -3.430 -2.540 -2.650 -2.270 -2.100 -2.550 -2.640 -2.370 -1.980 -1.920 -1.760 -1.810 -1.950 -1.620 -1.230 -0.570 -0.580 -0.610 -0.860 -0.700 -0.070 0.300 1.640 5.440 6.000 5.490 5.120 5.210 4.830 5.240 5.600 6.210 5.930 6.200 6.290 6.510 6.830 6.960 7.530 7.820 7.560 7.800 8.510 8.360 8.620 8.500 8.910 9.210 9.080 9.100
-4.640 -4.640 -4.600 -4.600 -4.550 -4.500 -4.390 -4.440 -4.170 -4.320 -3.930 -2.970 -2.420 -2.580 -2.760 -3.000 -2.930 -2.640 -3.200 -3.290 -3.130 -3.200 -3.220 -3.400 -2.590 -3.020 -2.250 -2.620 -2.780 -2.190 -2.520 -2.430 -1.990 -1.800 -2.010 -1.690 -1.650 -1.550 -1.650 -1.170 -0.220 0.210 -0.070 -0.020 0.180 2.450 5.560 6.090 5.160 4.210 4.510 4.620 4.930 5.470 6.090 5.860 6.090 6.100 6.310 6.620 6.810 6.980 7.260 7.500 7.760 7.960 8.170 8.240 8.340 8.960 8.420 8.990 9.240
-4.610 -4.500 -4.500 -4.480 -4.390 -4.400 -4.340 -4.290 -4.200 -4.260 -4.060 -3.560 -3.900 -2.990 -3.660 -3.500 -3.380 -3.260 -3.220 -3.180 -3.120 -3.170 -3.230 -3.240 -3.270 -2.250 -2.170 -2.240 -2.620 -1.860 -1.920 -1.980 -1.920 -1.970 -1.670 -1.970 -1.610 -1.570 -1.390 -0.670 -0.320 -0.480 -0.610 -0.470 0.640 1.410 1.360 0.850 1.620 4.200 5.050 4.890 4.750 5.360 5.670 5.850 5.960 6.130 6.380 6.620 6.750 6.990 7.220 7.430 7.620 7.770 7.920 8.050 8.250 8.190 8.770 8.380 8.850
-4.570 -4.420 -4.450 -4.330 -4.390 -4.290 -4.290 -4.220 -4.250 -4.110 -4.030 -3.910 -3.800 -3.730 -3.570 -3.570 -3.300 -3.420 -3.230 -3.140 -3.200 -3.130 -3.120 -3.180 -3.290 -2.330 -2.630 -2.020 -2.470 -2.180 -2.490 -1.860 -2.070 -1.830 -1.760 -1.800 -1.680 -1.750 -1.640 -1.690 -1.320 -0.620 -0.470 0.220 0.570 0.570 -0.100 0.280 0.490 1.000 3.110 5.120 5.280 5.160 5.570 5.670 6.060 5.990 6.290 6.360 6.600 6.820 7.010 7.270 7.390 7.570 7.760 7.940 8.140 8.140 8.360 8.610 8.750
-4.460 -4.370 -4.370 -4.310 -4.230 -4.110 -4.200 -4.070 -4.120 -4.030 -4.030 -3.830 -3.770 -3.670 -3.560 -3.430 -3.440 -3.280 -3.360 -3.140 -3.150 -3.070 -3.130 -3.050 -3.260 -2.580 -2.620 -1.940 -2.630 -2.680 -2.650 -2.180 -2.180 -2.630 -2.190 -1.770 -1.790 -1.860 -1.720 -1.540 -0.880 -0.190 -0.110 -0.300 -0.180 -0.480 -0.360 -0.340 -0.110 1.040 1.240 4.460 5.090 5.440 5.690 5.760 5.920 5.900 6.170 6.240 6.510 6.670 6.900 7.130 7.210 7.440 7.690 7.770 7.850 8.040 8.350 8.510 8.460
-4.250 -4.390 -4.230 -4.260 -4.160 -4.130 -4.060 -4.030 -3.970 -3.950 -3.810 -3.730 -3.650 -3.580 -3.470 -3.510 -3.430 -3.400 -3.350 -3.340 -3.210 -3.190 -3.210 -3.110 -2.950 -3.050 -2.910 -2.650 -1.980 -2.090 -2.800 -2.160 -2.620 -2.430 -2.480 -1.870 -2.240 -1.750 -1.710 -1.570 -1.530 -1.000 -1.130 -1.260 -0.960 -0.760 -0.480 -0.430 -0.170 0.830 1.150 3.430 4.930 5.300 5.580 5.900 5.840 5.810 6.030 6.230 6.410 6.570 6.840 7.020 7.140 7.300 7.590 7.590 7.740 8.000 8.220 8.350 8.590
-4.130 -4.250 -4.160 -4.140 -4.040 -4.120 -3.950 -4.060 -3.840 -3.870 -3.720 -3.720 -3.630 -3.600 -3.630 -3.480 -3.480 -3.370 -3.300 -3.190 -3.130 -3.140 -3.200 -3.330 -3.180 -3.350 -2.400 -2.440 -2.660 -2.400 -2.090 -2.680 -2.410 -2.630 -2.570 -2.750 -2.390 -1.740 -1.660 -1.540 -1.460 -1.280 -1.120 -1.210 -0.980 -1.120 -0.730 -0.610 -0.360 0.300 1.230 3.390 3.950 4.510 4.910 5.560 5.640 5.760 5.960 6.120 6.270 6.550 6.640 6.920 7.060 7.210 7.420 7.500 7.690 7.780 8.140 8.080 8.410
-4.040 -4.110 -4.100 -4.040 -3.990 -4.030 -3.880 -3.860 -3.840 -3.770 -3.860 -3.640 -3.670 -3.630 -3.550 -3.530 -3.520 -3.500 -3.270 -3.170 -3.140 -3.080 -3.120 -3.280 -3.340 -3.500 -2.740 -3.550 -3.800 -3.840 -3.570 -2.750 -2.440 -2.050 -2.650 -1.670 -2.450 -2.090 -1.570 -1.740 -1.730 -1.480 -1.700 -1.370 -1.030 -1.230 -1.220 -1.010 -0.460 0.120 1.220 3.960 4.040 4.510 4.640 5.560 5.590 5.740 5.890 6.100 6.260 6.370 6.630 6.810 6.960 7.060 7.190 7.490 7.650 7.660 7.780 7.920 8.050
-4.100 -4.000 -4.050 -3.930 -3.940 -3.850 -3.920 -3.780 -3.800 -3.690 -3.750 -3.630 -3.670 -3.540 -3.560 -3.510 -3.410 -3.320 -3.290 -3.190 -3.220 -3.180 -3.220 -3.190 -3.410 -3.400 -3.570 -3.730 -3.970 -4.110 -4.200 -4.030 -2.480 -2.060 -2.400 -1.990 -1.810 -2.100 -1.670 -1.200 -1.830 -1.800 -1.550 -1.410 -1.400 -1.290 -1.050 -0.830 -0.660 0.110 1.210 4.080 4.100 4.470 4.880 5.360 5.410 5.670 5.840 6.040 6.180 6.300 6.530 6.810 6.770 6.930 7.220 7.290 7.500 7.620 7.760 7.800 7.950
-4.000 -3.830 -3.900 -3.810 -3.830 -3.730 -3.840 -3.750 -3.750 -3.680 -3.740 -3.620 -3.590 -3.550 -3.590 -3.490 -3.430 -3.270 -3.340 -3.180 -3.280 -3.140 -3.300 -3.280 -3.380 -3.710 -4.090 -4.070 -4.230 -4.280 -4.190 -3.980 -3.770 -3.570 -2.650 -2.250 -1.850 -1.420 -1.600 -1.630 -1.730 -1.640 -1.520 -1.380 -1.300 -0.970 -0.810 -0.740 -0.660 0.350 1.590 4.140 4.050 4.400 4.930 5.270 5.410 5.590 5.840 5.860 6.120 6.330 6.550 6.600 6.900 7.050 7.120 7.310 7.380 7.450 7.650 7.710 7.950
-3.830 -3.820 -3.800 -3.820 -3.720 -3.650 -3.620 -3.730 -3.640 -3.620 -3.690 -3.660 -3.570 -3.490 -3.470 -3.520 -3.560 -3.400 -3.250 -3.360 -3.340 -3.300 -3.300 -3.370 -3.550 -3.780 -4.230 -4.200 -4.330 -4.280 -4.180 -3.580 -3.620 -2.030 -1.840 -2.040 -1.440 -1.390 -1.730 -1.690 -1.550 -1.940 -1.260 -1.330 -1.220 -1.070 -0.930 -0.820 -0.590 0.070 1.470 3.960 4.200 4.350 4.930 5.240 5.360 5.540 5.740 5.860 6.150 6.210 6.490 6.570 6.720 6.960 7.120 7.390 7.500 7.650 7.740 7.670 7.890
-3.670 -3.770 -3.730 -3.670 -3.620 -3.680 -3.550 -3.650 -3.540 -3.580 -3.550 -3.590 -3.500 -3.600 -3.480 -3.450 -3.340 -3.430 -3.310 -3.430 -3.320 -3.360 -3.380 -3.470 -3.630 -3.900 -4.250 -4.070 -4.020 -3.010 -2.920 -2.430 -1.790 -1.950 -2.600 -2.900 -1.530 -1.690 -1.570 -1.570 -1.480 -1.060 -1.470 -1.050 -1.070 -0.850 0.340 -0.430 0.040 0.630 1.710 3.110 3.970 4.170 4.690 4.900 5.170 5.390 5.690 5.790 5.940 6.270 6.520 6.460 6.500 6.910 7.220 7.330 7.520 8.020 7.560 7.980 8.370
-3.700 -3.480 -3.660 -3.580 -3.620 -3.630 -3.520 -3.580 -3.580 -3.570 -3.530 -3.510 -3.550 -3.450 -3.530 -3.540 -3.350 -3.430 -3.430 -3.400 -3.440 -3.410 -3.360 -3.560 -3.710 -3.900 -4.350 -2.940 -2.380 -2.330 -2.630 -2.600 -1.860 -1.480 -1.450 -1.630 -1.330 -1.500 -1.160 -1.200 -1.000 -1.140 -1.170 -1.350 -0.550 -0.770 -0.490 -0.530 0.360 0.590 1.880 2.660 3.240 3.590 4.180 4.880 5.090 5.310 5.560 5.710 5.830 6.140 6.300 6.530 6.570 6.630 7.070 6.960 7.060 7.300 7.390 7.900 8.550
-3.710 -3.450 -3.370 -3.480 -3.390 -3.400 -3.590 -3.480 -3.600 -3.500 -3.520 -3.420 -3.580 -3.420 -3.540 -3.400 -3.580 -3.420 -3.460 -3.400 -3.490 -3.460 -3.590 -2.910 -2.570 -2.720 -2.480 -2.380 -2.930 -2.670 -2.820 -2.660 -2.530 -2.160 -1.710 -1.640 -1.660 -1.350 -1.440 -1.180 -0.780 -0.700 -1.290 -0.900 -0.920 0.100 -0.440 0.170 0.440 2.690 3.600 3.560 3.510 3.330 4.640 4.820 4.990 5.240 5.580 5.720 5.760 6.170 6.780 6.810 6.600 6.610 7.010 6.850 6.980 7.080 7.740 8.390 8.430
-3.660 -3.560 -3.530 -3.430 -3.560 -3.430 -3.370 -3.440 -3.550 -3.500 -3.530 -3.400 -3.520 -3.470 -3.540 -3.500 -3.530 -3.530 -3.530 -3.490 -3.510 -3.600 -3.900 -2.710 -2.900 -2.980 -2.410 -2.660 -2.640 -2.060 -2.660 -2.570 -2.530 -2.170 -1.830 -1.740 -1.590 -1.480 -1.260 -1.260 -1.170 -0.870 -0.610 -0.960 -0.520 0.050 0.170 0.340 0.810 3.410 3.230 3.140 3.160 3.500 4.660 4.690 4.870 5.090 5.290 5.430 5.600 6.090 6.780 6.550 6.560 6.580 6.900 7.080 7.070 7.170 7.320 8.200 8.290
-3.530 -3.570 -3.600 -3.530 -3.570 -3.520 -3.350 -3.470 -3.470 -3.490 -3.520 -3.440 -3.510 -3.680 -3.540 -3.580 -3.520 -3.660 -3.630 -3.660 -3.600 -3.790 -3.460 -3.650 -3.390 -2.810 -3.320 -2.260 -2.290 -2.500 -2.590 -2.510 -2.000 -1.920 -1.790 -1.610 -1.370 -1.260 -1.230 -1.070 -0.910 -0.340 -0.480 -0.450 0.160 0.490 0.230 0.410 0.820 3.060 3.150 3.380 3.340 3.910 4.740 4.730 4.800 4.980 5.260 5.770 5.440 5.930 6.160 6.340 6.390 6.510 6.540 6.850 7.350 7.390 7.890 8.360 8.310
-3.170 -3.610 -3.500 -2.850 -3.230 -3.740 -3.580 -3.580 -3.440 -3.560 -3.540 -3.640 -3.530 -3.720 -3.710 -3.790 -3.700 -3.820 -3.740 -3.830 -3.750 -3.890 -3.990 -4.120 -3.270 -3.530 -2.260 -2.370 -2.350 -2.500 -2.570 -2.520 -1.940 -1.730 -1.650 -1.510 -1.260 -1.150 -1.100 -0.850 -0.710 -0.150 -0.330 -0.330 0.270 0.310 0.260 0.340 0.640 3.830 3.320 3.270 3.480 4.020 4.440 4.630 4.620 4.880 5.350 5.620 5.290 5.500 5.790 5.750 5.680 6.200 6.670 6.710 7.130 7.280 7.720 8.140 8.330
-3.660 -3.530 -3.420 -3.410 -3.260 -3.680 -3.680 -3.490 -3.520 -3.620 -3.540 -3.650 -3.680 -3.800 -3.880 -3.950 -3.980 -4.000 -4.160 -3.980 -3.870 -3.190 -3.240 -2.930 -3.490 -3.470 -2.990 -2.630 -2.380 -2.420 -2.540 -2.530 -1.830 -1.700 -1.650 -1.450 -1.370 -1.420 -1.150 -0.670 -0.630 -0.120 -0.330 -0.180 0.010 0.000 -0.010 0.480 0.770 3.540 3.430 3.830 4.010 4.200 4.350 4.500 5.090 5.170 5.140 5.350 5.420 5.240 5.520 5.900 5.930 5.970 6.570 6.510 6.790 6.970 7.530 7.920 7.920
-2.320 -3.010 -3.420 -3.580 -3.610 -2.690 -3.690 -3.750 -3.670 -3.640 -3.740 -3.640 -3.880 -3.950 -4.160 -4.210 -4.340 -4.340 -4.530 -4.040 -2.840 -2.880 -2.810 -2.740 -2.880 -2.200 -3.150 -2.540 -2.940 -2.810 -2.660 -2.470 -1.800 -1.700 -1.570 -1.370 -1.510 -1.310 -1.290 -0.780 -0.490 -0.400 -0.320 -0.300 -0.180 0.080 0.240 0.460 0.940 3.330 3.300 4.030 4.180 4.320 4.480 4.620 4.750 5.450 5.510 5.260 5.190 5.260 5.960 5.930 5.780 5.910 6.090 6.270 6.530 6.890 7.630 7.710 7.860
-2.080 -2.770 -2.130 -2.030 -1.970 -2.340 -3.680 -3.730 -3.720 -3.720 -3.730 -3.810 -3.930 -4.050 -4.310 -4.460 -4.750 -4.650 -4.520 -4.460 -4.400 -3.540 -3.800 -3.910 -2.570 -2.540 -3.050 -2.620 -2.010 -2.690 -1.510 -1.680 -1.810 -1.700 -1.630 -1.340 -1.140 -1.080 -0.980 -0.860 -0.430 -0.510 -0.290 -0.340 0.090 -0.050 0.190 0.560 1.210 3.580 3.510 3.900 4.290 4.410 4.500 4.550 4.840 5.500 5.360 5.260 5.240 5.240 5.530 5.390 5.580 5.890 5.650 5.960 6.250 7.000 7.660 7.880 7.970
-2.590 -2.200 -1.860 -1.780 -2.280 -2.240 -3.160 -3.340 -3.470 -3.810 -3.750 -3.760 -3.820 -3.950 -4.270 -4.810 -4.630 -4.640 -4.680 -4.660 -4.510 -4.510 -4.320 -3.900 -3.770 -2.360 -2.480 -2.500 -2.150 -2.480 -2.280 -1.750 -1.700 -1.600 -1.660 -1.380 -1.190 -0.870 -0.740 -0.480 -0.470 -0.490 -0.440 -0.190 -0.160 0.210 0.240 0.600 0.830 3.490 3.840 4.090 4.120 4.150 4.640 4.420 4.790 4.830 4.990 5.020 5.150 5.250 5.320 5.550 5.710 5.930 5.760 5.650 6.220 6.660 7.100 7.780 8.010
-2.800 -2.090 -2.490 -2.440 -2.320 -2.500 -2.680 -2.640 -2.730 -3.620 -3.650 -3.740 -3.870 -3.940 -4.110 -4.430 -4.530 -4.660 -4.690 -4.670 -4.520 -4.460 -4.300 -4.250 -3.550 -2.260 -2.630 -2.540 -2.270 -2.430 -2.190 -1.740 -1.530 -1.400 -1.230 -1.230 -1.180 -1.050 -0.810 -0.380 -0.340 -0.160 -0.090 -0.110 -0.090 0.330 0.340 0.640 2.480 3.760 3.780 4.030 4.110 4.290 4.550 4.460 4.710 4.870 5.110 4.910 5.270 5.260 5.360 5.470 5.640 5.740 5.990 6.210 6.390 6.960 7.010 7.640 7.780
-2.330 -2.340 -2.050 -2.390 -2.120 -2.890 -2.710 -3.300 -2.950 -3.120 -3.950 -3.720 -3.890 -3.810 -4.020 -4.280 -4.390 -4.590 -4.630 -4.630 -4.570 -4.430 -4.410 -4.240 -3.960 -3.820 -2.900 -2.210 -2.520 -2.590 -2.580 -1.420 -1.270 -1.490 -1.150 -1.080 -1.150 -1.180 -0.780 -0.920 -0.550 -0.260 -0.050 -0.200 -0.050 0.050 0.480 0.660 2.200 3.480 3.440 3.780 4.150 4.260 4.400 4.510 4.580 4.860 4.900 5.020 5.090 5.200 5.350 5.320 5.490 5.790 5.990 6.210 6.890 7.100 7.300 7.260 7.560
-2.410 -2.630 -3.710 -4.170 -4.080 -2.570 -2.870 -3.010 -3.010 -3.090 -2.410 -3.110 -3.860 -3.860 -3.930 -4.110 -4.400 -4.380 -4.570 -4.520 -4.520 -4.480 -4.360 -4.260 -4.120 -3.980 -2.510 -2.710 -2.430 -1.870 -2.280 -1.920 -1.620 -1.550 -1.390 -1.220 -1.140 -0.870 -0.890 -1.050 -0.580 -0.480 -0.280 0.040 0.170 0.340 0.260 0.660 2.890 3.080 3.150 4.030 4.080 4.210 4.380 4.550 4.720 4.720 4.770 4.840 5.050 5.110 5.350 5.380 5.470 5.680 5.900 6.290 6.520 6.860 7.090 7.220 7.450
-3.110 -4.220 -3.990 -4.160 -4.290 -4.350 -4.540 -3.270 -2.710 -2.550 -2.600 -2.660 -3.860 -3.840 -3.970 -4.000 -4.260 -4.290 -4.310 -4.490 -4.330 -4.300 -4.290 -4.070 -4.210 -3.900 -3.610 -3.550 -1.990 -2.300 -1.860 -1.900 -2.170 -1.520 -1.530 -1.420 -1.440 -1.160 -0.990 -0.980 -0.800 -0.750 -0.710 -0.300 -0.120 0.320 0.370 0.590 2.500 3.430 3.770 4.060 4.090 4.120 4.360 4.590 4.600 4.770 4.920 5.010 5.030 5.070 5.220 5.470 5.370 5.540 5.880 6.130 6.330 6.730 6.810 7.190 7.320
-3.160 -4.640 -4.860 -4.500 -4.410 -4.480 -4.490 -2.710 -2.850 -2.610 -2.710 -2.770 -2.700 -4.040 -3.760 -3.900 -4.080 -4.190 -4.400 -4.370 -4.360 -4.250 -4.110 -3.960 -4.100 -3.990 -4.000 -3.730 -3.120 -2.180 -2.220 -2.330 -1.700 -1.790 -1.650 -1.430 -1.440 -1.390 -1.460 -0.980 -0.860 -0.840 -0.620 -0.510 -0.180 0.070 0.110 0.580 3.810 3.700 4.240 4.220 4.080 4.220 4.390 4.480 4.560 4.700 5.030 5.070 5.160 5.190 5.430 5.340 5.420 5.590 5.930 5.990 6.390 6.700 6.660 6.710 7.220
-3.070 -3.970 -4.930 -4.910 -4.920 -4.040 -3.650 -1.850 -2.240 -2.960 -2.460 -2.320 -2.270 -3.750 -3.970 -3.980 -4.010 -4.160 -4.290 -4.400 -4.370 -4.390 -4.190 -3.960 -3.850 -3.900 -3.960 -3.790 -3.670 -2.650 -2.650 -2.500 -2.340 -1.730 -1.690 -1.750 -1.650 -1.340 -1.340 -1.270 -1.310 -0.870 -0.830 -0.590 -0.400 -0.090 0.190 0.470 4.540 4.450 4.280 4.310 4.320 4.400 4.370 4.570 4.570 4.630 4.830 4.930 5.130 5.110 5.310 5.370 5.570 5.560 5.530 6.250 6.080 6.370 6.420 6.600 7.010
-3.440 -5.030 -4.940 -4.880 -4.910 -3.540 -2.070 -1.590 -2.120 -2.450 -2.400 -2.030 -2.310 -2.430 -3.290 -4.090 -3.880 -4.010 -4.220 -4.310 -4.410 -4.310 -4.160 -3.910 -3.990 -4.150 -3.930 -3.860 -3.680 -3.670 -3.660 -3.510 -3.310 -1.990 -1.940 -1.210 -1.280 -1.530 -1.570 -1.180 -1.120 -1.290 -1.320 -0.710 -0.230 -0.120 0.130 0.670 4.250 4.220 4.360 4.350 4.400 4.360 4.390 4.700 4.670 4.570 4.900 5.110 5.280 5.300 5.400 5.390 5.540 5.300 5.450 5.910 6.020 6.190 6.470 6.870 7.000
-3.950 -5.240 -4.830 -4.690 -4.750 -4.200 -2.160 -1.840 -1.600 -1.410 -1.340 -1.470 -1.550 -2.230 -2.310 -3.810 -3.900 -3.380 -4.070 -4.220 -4.320 -4.270 -4.290 -4.030 -4.020 -4.170 -3.830 -3.990 -3.690 -3.890 -3.720 -3.760 -3.690 -3.090 -2.830 -2.770 -2.660 -1.890 -1.620 -1.750 -1.150 -1.190 -1.120 -0.750 -0.410 0.060 0.080 0.700 4.420 4.260 4.240 4.370 4.300 4.310 4.520 4.550 4.620 4.650 4.650 5.190 5.600 5.480 5.710 5.490 5.580 5.480 5.480 5.770 6.290 6.270 6.390 6.700 6.950
-5.080 -5.130 -4.710 -4.560 -4.450 -4.320 -2.270 -1.880 -1.530 -1.260 -1.150 -1.440 -1.360 -1.490 -2.440 -2.700 -3.490 -2.720 -2.940 -4.290 -4.310 -4.080 -4.220 -4.140 -4.190 -4.210 -4.090 -4.080 -4.030 -3.720 -3.670 -3.870 -3.710 -3.420 -3.370 -3.140 -3.230 -3.070 -2.540 -2.080 -1.650 -1.130 -1.090 -0.760 -0.450 0.030 0.260 4.280 3.850 4.030 4.420 4.080 4.250 4.320 4.580 4.680 4.540 4.430 4.690 4.760 5.240 5.590 5.630 5.600 5.640 5.280 5.470 5.740 6.270 6.230 6.460 6.830 6.820
