0925_6225/LITTO3D_FRA_0928_6225_20150529_LAMB93_RGF93_IGN69/MNT5m/LITTO3D_FRA_0928_6225_MNT5_20150128_LAMB93_RGF93_IGN69.asc
ncols 200
nrows 200
xllcenter 928000.000
yllcenter 6224005.000
cellsize 5.0000
nodata_value -99999
[rows 160 to 191 of 200, columns 0 to 72 of 200]
-6.190 -6.110 -6.030 -6.200 -6.130 -6.160 -6.120 -6.170 -6.300 -6.180 -6.110 -6.070 -6.100 -6.150 -5.990 -5.970 -5.750 -5.650 -5.620 -5.830 -5.820 -5.760 -5.940 -5.930 -5.920 -5.950 -6.060 -6.080 -5.900 -6.010 -6.340 -6.140 -6.290 -5.750 -5.400 -4.210 -3.950 -4.040 -3.920 -4.330 -4.400 -4.400 -4.730 -4.700 -5.300 -4.990 -5.740 -5.830 -5.220 -5.200 -6.120 -7.200 -7.280 -7.310 -7.370 -7.700 -6.820 -6.850 -7.190 -7.250 -6.930 -7.300 -7.080 -7.320 -7.150 -6.500 -6.900 -6.750 -6.320 -6.460 -6.560 -6.710 -6.610
-6.190 -6.130 -6.180 -6.090 -6.140 -6.010 -6.050 -6.220 -6.280 -6.210 -6.130 -6.140 -6.120 -6.120 -5.980 -5.930 -5.870 -5.690 -5.700 -5.480 -5.590 -5.510 -5.650 -5.800 -5.830 -5.800 -5.890 -6.160 -6.090 -6.220 -6.350 -6.000 -5.600 -6.230 -6.170 -4.010 -4.140 -4.120 -3.950 -4.080 -4.070 -4.090 -5.120 -4.420 -4.860 -4.870 -5.610 -5.820 -5.590 -5.880 -7.240 -7.170 -7.300 -7.320 -7.330 -7.700 -7.430 -6.900 -6.830 -7.020 -7.200 -6.700 -7.360 -6.860 -6.670 -6.870 -6.700 -6.550 -6.290 -6.160 -6.100 -5.900 -5.310
-6.250 -6.150 -6.130 -6.140 -6.120 -5.950 -6.140 -6.050 -6.130 -6.030 -6.100 -6.100 -6.050 -6.050 -6.050 -5.970 -5.900 -5.800 -5.700 -5.570 -5.440 -5.610 -5.550 -5.690 -5.740 -5.860 -5.910 -5.970 -6.110 -6.210 -6.210 -5.560 -5.420 -5.380 -6.210 -3.790 -4.020 -4.110 -4.170 -3.940 -4.030 -4.610 -5.250 -4.610 -5.260 -5.210 -5.260 -5.290 -5.610 -5.800 -6.920 -7.270 -7.190 -7.350 -7.410 -7.400 -7.200 -7.030 -7.000 -7.150 -7.140 -6.880 -7.230 -6.850 -7.000 -7.120 -6.370 -6.530 -6.360 -6.340 -6.400 -5.480 -4.910
-6.180 -6.120 -6.110 -6.060 -5.960 -6.000 -6.040 -6.160 -5.950 -6.040 -6.120 -6.130 -6.130 -6.180 -6.150 -6.160 -6.100 -6.040 -6.050 -5.840 -5.570 -5.500 -5.650 -5.730 -5.840 -5.840 -6.010 -6.100 -5.930 -5.830 -5.720 -4.920 -4.780 -5.180 -4.840 -3.930 -3.910 -4.090 -4.110 -4.030 -4.220 -4.820 -5.520 -4.820 -4.650 -5.550 -5.390 -5.620 -5.930 -5.750 -6.800 -7.280 -7.350 -7.350 -6.620 -7.310 -7.380 -7.270 -7.420 -7.140 -7.100 -6.960 -7.170 -6.900 -7.150 -6.330 -6.660 -6.410 -6.300 -6.330 -6.030 -4.450 -4.620
-6.170 -6.210 -6.110 -6.070 -5.950 -5.890 -5.950 -5.960 -6.010 -6.040 -6.020 -6.100 -6.010 -6.100 -6.130 -6.070 -6.100 -6.010 -6.140 -6.120 -5.710 -5.630 -5.640 -5.630 -5.750 -5.880 -5.830 -5.930 -5.650 -5.650 -5.960 -5.310 -5.040 -5.350 -5.940 -3.900 -3.890 -4.070 -4.190 -4.470 -4.730 -5.180 -4.680 -4.630 -4.430 -5.650 -5.340 -6.170 -6.200 -5.940 -6.390 -6.670 -7.100 -6.930 -5.830 -6.590 -7.350 -7.390 -7.400 -7.150 -7.100 -7.150 -7.060 -7.150 -6.810 -6.700 -6.350 -5.880 -6.180 -6.020 -5.720 -4.830 -5.720
-6.160 -6.210 -6.170 -6.000 -5.770 -5.750 -5.820 -5.810 -5.760 -5.860 -5.890 -5.990 -5.830 -6.030 -6.030 -5.920 -5.900 -5.980 -6.150 -6.120 -5.810 -5.620 -5.610 -5.600 -5.610 -5.690 -5.780 -5.510 -5.540 -5.550 -6.230 -5.610 -5.350 -5.030 -5.250 -5.430 -3.770 -3.810 -4.390 -4.660 -4.630 -4.890 -4.280 -4.710 -4.380 -5.100 -5.450 -5.750 -5.620 -6.160 -6.480 -6.880 -7.220 -6.370 -5.720 -6.480 -7.110 -7.250 -7.380 -7.170 -7.060 -6.990 -7.050 -7.070 -6.530 -6.640 -6.080 -5.930 -6.240 -6.180 -6.110 -5.440 -4.520
-6.080 -6.130 -6.030 -5.910 -5.980 -5.870 -5.800 -5.740 -5.720 -5.740 -5.780 -5.770 -5.790 -5.830 -5.950 -5.900 -5.830 -5.850 -5.890 -6.050 -5.850 -5.810 -5.580 -5.510 -5.460 -5.410 -5.390 -5.380 -5.630 -5.830 -6.350 -5.840 -5.050 -5.490 -5.290 -5.910 -4.550 -4.090 -4.040 -4.430 -4.470 -4.550 -4.410 -4.300 -4.290 -4.720 -5.710 -6.160 -5.590 -5.760 -6.050 -6.520 -7.010 -7.150 -7.000 -7.230 -7.340 -7.280 -7.370 -7.280 -7.080 -7.060 -7.010 -7.020 -6.770 -6.440 -6.070 -5.940 -6.010 -6.250 -5.460 -5.050 -4.010
-6.100 -6.070 -5.990 -6.020 -6.000 -5.950 -5.990 -5.670 -5.770 -5.750 -5.700 -5.620 -5.690 -5.760 -5.830 -6.040 -5.910 -5.960 -5.960 -6.070 -5.930 -6.150 -5.850 -5.600 -5.420 -5.370 -5.260 -5.260 -5.550 -6.610 -6.570 -6.320 -5.340 -5.300 -5.290 -5.920 -4.530 -4.130 -4.040 -3.990 -4.240 -4.190 -4.320 -4.430 -4.580 -4.390 -5.160 -6.110 -5.610 -5.350 -5.530 -6.240 -7.220 -7.280 -6.800 -6.630 -7.360 -7.340 -7.320 -7.150 -7.100 -7.100 -7.000 -6.960 -6.850 -6.560 -6.290 -6.180 -5.990 -5.780 -5.680 -4.830 -3.990
-6.040 -5.980 -5.940 -5.850 -5.970 -5.930 -5.880 -5.800 -5.730 -5.710 -5.690 -5.710 -5.730 -5.700 -5.900 -6.000 -6.190 -6.230 -6.280 -5.990 -6.260 -6.550 -6.340 -5.810 -5.340 -5.300 -5.600 -5.770 -6.100 -6.490 -6.580 -6.470 -5.870 -6.080 -5.930 -5.960 -4.000 -4.060 -4.050 -3.910 -4.160 -4.520 -4.450 -4.220 -4.240 -4.100 -4.480 -5.040 -5.560 -6.000 -5.410 -6.610 -7.450 -7.180 -6.850 -6.940 -7.210 -7.420 -7.380 -6.770 -6.880 -7.110 -7.040 -6.980 -6.770 -6.500 -6.330 -6.310 -6.060 -6.010 -5.320 -4.780 -3.770
-5.910 -5.940 -5.900 -5.790 -5.760 -5.860 -5.860 -5.790 -5.820 -5.740 -5.670 -5.700 -5.850 -5.750 -5.860 -5.940 -6.120 -6.240 -6.260 -6.170 -6.300 -6.600 -6.570 -6.110 -5.430 -5.500 -5.840 -5.850 -6.640 -6.650 -6.800 -6.410 -6.140 -5.920 -6.070 -4.790 -3.830 -3.950 -3.780 -3.940 -3.960 -4.400 -4.410 -4.090 -4.260 -3.980 -4.180 -4.670 -4.930 -5.590 -5.680 -7.040 -7.420 -6.920 -7.460 -7.450 -7.350 -7.400 -7.240 -7.170 -7.110 -7.200 -7.180 -7.080 -6.780 -6.410 -6.310 -6.240 -6.170 -6.120 -4.430 -3.890 -3.550
-6.080 -5.830 -5.840 -5.900 -5.820 -5.900 -5.770 -5.690 -5.830 -5.880 -5.690 -5.810 -5.780 -5.700 -5.710 -5.700 -5.880 -6.070 -6.290 -6.280 -6.570 -6.620 -6.640 -6.280 -5.600 -5.380 -5.720 -5.780 -6.670 -6.700 -6.550 -6.370 -6.360 -6.090 -6.070 -3.810 -3.770 -3.790 -3.780 -3.890 -3.880 -3.880 -3.970 -3.960 -4.280 -4.100 -3.980 -5.040 -4.840 -5.030 -5.760 -7.360 -6.370 -7.350 -7.420 -7.460 -7.450 -7.480 -7.170 -7.300 -6.820 -7.200 -7.100 -6.160 -5.840 -6.450 -6.350 -6.350 -6.200 -6.210 -4.370 -4.730 -4.560
-6.000 -5.850 -5.850 -5.900 -5.840 -5.800 -5.780 -5.670 -5.700 -5.870 -6.010 -5.940 -5.840 -5.740 -5.640 -5.480 -5.560 -5.700 -5.910 -6.130 -6.480 -6.610 -6.550 -6.230 -5.400 -5.200 -5.600 -5.930 -6.670 -6.570 -6.470 -6.370 -6.280 -6.160 -5.810 -3.630 -3.620 -3.680 -3.850 -3.810 -3.790 -3.700 -3.660 -3.760 -3.720 -3.880 -3.890 -4.310 -4.330 -5.020 -5.850 -6.320 -7.430 -7.360 -7.330 -6.780 -6.610 -6.360 -6.470 -7.010 -6.890 -6.950 -6.530 -4.730 -4.310 -4.760 -5.590 -6.260 -6.050 -6.140 -5.560 -4.870 -4.710
-5.750 -5.830 -5.780 -5.780 -5.790 -5.760 -5.680 -5.760 -5.720 -5.830 -5.960 -5.930 -5.890 -5.830 -5.720 -5.450 -5.490 -5.420 -5.570 -5.930 -6.070 -6.230 -6.210 -5.950 -5.310 -5.090 -5.140 -5.520 -5.900 -6.520 -6.450 -6.370 -6.330 -6.020 -3.460 -3.410 -3.490 -3.380 -3.870 -3.800 -3.750 -3.620 -3.600 -3.560 -3.620 -3.730 -3.950 -3.960 -4.600 -4.940 -5.560 -6.080 -7.010 -6.620 -7.060 -7.080 -6.640 -6.470 -6.990 -7.070 -7.000 -7.050 -5.560 -4.100 -3.260 -4.330 -4.830 -5.320 -5.580 -5.850 -6.020 -3.920 -4.660
-5.790 -5.720 -5.860 -7.350 -6.500 -5.970 -5.650 -5.740 -5.840 -5.700 -5.870 -5.940 -5.850 -5.780 -5.660 -5.490 -5.410 -5.420 -5.420 -5.480 -5.480 -5.870 -5.730 -5.430 -5.040 -4.990 -4.970 -5.480 -5.780 -5.740 -6.390 -6.300 -6.070 -3.580 -3.410 -3.330 -3.350 -3.460 -3.380 -3.400 -3.480 -3.470 -3.500 -3.470 -3.520 -3.340 -3.670 -3.940 -4.520 -4.780 -5.470 -5.410 -6.220 -6.040 -6.980 -7.220 -7.160 -6.560 -6.960 -6.650 -6.740 -6.340 -5.640 -5.150 -4.180 -4.760 -4.660 -5.020 -5.160 -5.040 -4.400 -3.960 -4.090
-5.710 -5.770 -5.790 -5.780 -5.560 -5.720 -5.550 -5.710 -5.830 -5.790 -5.780 -5.840 -5.850 -5.700 -5.480 -5.460 -5.360 -5.430 -5.580 -5.580 -5.550 -5.530 -5.500 -5.280 -4.920 -5.090 -5.530 -5.470 -5.290 -6.020 -6.390 -6.140 -4.420 -3.420 -3.490 -3.330 -3.460 -4.300 -3.820 -3.680 -3.510 -3.380 -3.550 -3.470 -3.450 -3.390 -3.420 -3.640 -4.230 -4.310 -4.820 -4.640 -5.060 -5.690 -6.280 -6.920 -7.360 -6.190 -6.240 -6.160 -6.620 -6.600 -6.490 -6.320 -5.660 -5.100 -5.190 -4.990 -5.340 -4.380 -2.880 -3.590 -3.330
-5.690 -5.610 -5.630 -5.770 -5.650 -5.510 -5.280 -5.180 -5.610 -5.760 -5.820 -5.750 -5.690 -5.670 -5.470 -5.540 -5.590 -5.630 -5.620 -5.600 -5.770 -5.610 -5.580 -5.640 -6.050 -5.600 -6.570 -5.620 -5.730 -6.300 -5.890 -3.730 -3.540 -3.520 -3.500 -3.440 -3.500 -3.750 -4.060 -3.870 -3.600 -3.460 -3.410 -3.350 -3.400 -3.510 -3.490 -3.370 -3.740 -5.340 -4.240 -4.990 -4.970 -5.410 -6.490 -6.250 -6.010 -6.480 -6.010 -6.080 -6.060 -5.350 -6.140 -5.990 -5.930 -5.400 -5.480 -5.140 -5.350 -4.480 -2.810 -3.130 -3.340
-5.500 -5.610 -5.540 -5.590 -5.510 -5.580 -5.470 -5.400 -5.440 -5.460 -5.510 -5.600 -5.490 -5.470 -5.420 -5.340 -5.440 -5.540 -5.620 -5.690 -5.710 -5.770 -5.710 -5.890 -6.460 -6.890 -6.810 -6.750 -6.190 -6.020 -3.760 -3.370 -3.500 -3.530 -3.530 -3.540 -3.590 -3.680 -4.010 -3.860 -3.410 -3.390 -3.550 -3.430 -3.340 -3.350 -3.360 -3.530 -3.880 -5.190 -4.710 -4.040 -5.300 -5.310 -6.200 -6.380 -6.110 -6.270 -5.900 -6.150 -5.810 -6.020 -5.210 -5.730 -5.740 -5.750 -5.640 -5.530 -5.450 -4.920 -4.290 -3.870 -4.440
-5.360 -5.360 -5.350 -5.430 -5.420 -5.410 -5.260 -5.340 -5.240 -5.320 -5.250 -5.350 -5.370 -5.350 -5.760 -5.380 -5.040 -5.180 -5.240 -5.390 -5.630 -5.800 -5.820 -6.060 -6.760 -6.800 -6.840 -6.750 -5.860 -5.850 -3.550 -3.360 -3.430 -3.390 -3.460 -3.560 -3.780 -3.580 -3.580 -3.490 -3.770 -3.940 -3.460 -3.510 -3.600 -3.610 -3.660 -3.540 -4.020 -4.860 -4.430 -4.250 -4.870 -5.420 -5.270 -6.360 -5.800 -6.090 -5.740 -6.300 -6.050 -6.100 -5.860 -5.480 -5.550 -5.810 -5.610 -5.160 -5.360 -5.290 -5.050 -4.800 -4.910
-5.140 -5.230 -5.290 -5.350 -5.330 -5.260 -5.260 -5.300 -5.200 -4.970 -4.970 -4.930 -5.160 -5.260 -5.080 -5.180 -5.730 -6.190 -5.200 -5.270 -5.520 -5.560 -5.800 -6.570 -6.920 -6.900 -6.880 -6.850 -6.860 -5.970 -3.770 -3.460 -3.420 -3.480 -3.680 -3.790 -3.540 -3.520 -3.710 -3.810 -4.110 -4.030 -3.490 -3.570 -3.650 -3.660 -3.820 -3.730 -3.770 -3.850 -4.280 -4.170 -5.170 -5.670 -4.750 -5.010 -5.210 -5.500 -5.840 -6.100 -6.260 -6.170 -5.960 -5.450 -5.560 -5.640 -5.760 -5.450 -5.300 -5.320 -5.240 -4.650 -4.940
-5.030 -5.090 -5.110 -5.090 -5.270 -5.240 -5.300 -5.360 -5.370 -5.210 -5.070 -4.870 -5.000 -5.070 -5.210 -5.530 -5.140 -5.020 -5.190 -4.950 -5.320 -5.770 -6.480 -7.020 -7.070 -6.940 -6.900 -6.880 -6.740 -5.000 -3.640 -3.420 -3.420 -3.500 -3.650 -3.710 -3.710 -3.710 -3.630 -4.580 -4.190 -3.930 -3.410 -3.490 -3.700 -3.560 -3.630 -3.580 -3.640 -3.600 -3.720 -3.970 -4.880 -5.210 -4.880 -4.490 -4.990 -5.120 -5.230 -5.970 -6.180 -5.940 -5.470 -5.290 -5.770 -5.690 -5.380 -5.330 -5.460 -5.370 -4.460 -4.800 -4.750
-5.090 -4.890 -5.010 -4.990 -5.330 -5.210 -5.410 -5.340 -5.300 -5.270 -5.140 -5.020 -5.110 -5.270 -5.130 -5.240 -4.960 -5.010 -4.950 -4.670 -5.550 -5.970 -7.050 -7.120 -7.090 -7.080 -7.010 -6.840 -4.710 -4.300 -3.470 -3.570 -3.560 -3.640 -3.700 -3.580 -3.780 -3.820 -3.520 -4.470 -4.210 -3.770 -3.500 -3.490 -3.360 -3.450 -3.410 -3.450 -3.400 -3.460 -3.740 -4.610 -4.810 -5.110 -4.790 -4.910 -4.880 -5.950 -5.300 -5.440 -6.200 -6.000 -5.540 -5.360 -5.790 -5.640 -5.540 -5.610 -5.480 -5.510 -4.350 -4.970 -4.750
-5.290 -5.170 -5.040 -4.820 -5.160 -5.210 -5.300 -5.350 -5.310 -5.230 -5.200 -5.070 -5.120 -5.090 -5.160 -5.100 -4.950 -4.900 -4.840 -4.700 -5.030 -6.490 -6.930 -7.040 -7.130 -7.100 -6.950 -4.130 -3.570 -3.570 -3.520 -3.570 -3.560 -3.680 -3.810 -3.730 -3.810 -3.680 -3.470 -4.020 -4.100 -3.760 -3.550 -3.220 -3.320 -3.280 -3.370 -3.260 -3.370 -3.210 -3.460 -4.240 -4.640 -5.000 -5.050 -5.230 -4.820 -5.950 -5.790 -5.550 -5.550 -5.680 -5.990 -5.960 -5.760 -5.640 -5.520 -5.560 -5.620 -5.480 -4.250 -4.680 -4.320
-5.250 -5.350 -5.310 -5.000 -5.090 -5.020 -5.320 -5.230 -5.170 -5.110 -5.100 -5.120 -5.050 -5.010 -5.110 -4.920 -4.800 -4.870 -4.920 -4.950 -4.910 -5.390 -6.820 -6.980 -7.060 -7.110 -6.180 -3.860 -3.550 -3.580 -3.640 -3.590 -3.780 -3.780 -3.780 -3.670 -3.730 -3.660 -3.160 -3.160 -3.910 -3.570 -3.350 -3.210 -3.140 -3.100 -3.270 -3.280 -3.140 -3.290 -3.140 -4.620 -4.580 -4.250 -5.140 -5.700 -5.320 -5.630 -5.430 -6.080 -5.410 -6.030 -5.970 -5.690 -5.820 -5.710 -5.550 -5.460 -5.510 -4.330 -3.810 -4.610 -4.710
-5.190 -5.290 -5.350 -5.180 -5.160 -5.200 -5.050 -4.920 -4.940 -4.880 -4.900 -4.950 -5.120 -4.980 -5.040 -5.020 -4.870 -4.970 -4.960 -4.900 -4.720 -4.890 -5.840 -7.040 -7.050 -6.240 -3.810 -3.620 -3.680 -3.680 -3.750 -3.730 -3.870 -3.800 -3.930 -3.640 -3.730 -3.310 -3.370 -3.200 -3.710 -3.640 -3.440 -3.220 -3.050 -3.340 -3.120 -3.030 -3.360 -2.920 -3.210 -4.050 -4.860 -4.660 -4.960 -5.130 -5.650 -4.620 -5.060 -5.510 -5.110 -5.730 -5.300 -4.840 -5.900 -5.630 -5.590 -5.370 -5.210 -5.100 -4.660 -4.630 -4.410
-5.150 -5.210 -5.270 -5.180 -5.060 -5.060 -4.980 -4.790 -4.760 -4.690 -4.650 -4.870 -4.920 -4.770 -4.850 -4.880 -4.860 -4.980 -4.890 -5.200 -4.960 -5.110 -5.610 -6.980 -6.860 -3.770 -3.600 -3.690 -3.610 -3.700 -3.830 -3.850 -3.860 -3.840 -3.770 -3.550 -3.540 -3.520 -3.530 -3.290 -3.450 -3.630 -3.400 -3.290 -3.010 -3.260 -3.080 -3.150 -3.050 -3.060 -2.670 -3.660 -4.730 -4.900 -5.090 -4.970 -5.410 -5.050 -4.680 -5.050 -5.270 -5.610 -5.320 -4.380 -5.950 -5.250 -5.380 -5.140 -5.250 -4.930 -4.550 -4.530 -4.340
-5.090 -5.130 -5.180 -5.110 -5.190 -5.020 -4.920 -4.690 -5.280 -4.990 -5.090 -4.700 -4.780 -4.880 -4.730 -4.800 -4.890 -4.890 -5.140 -5.520 -5.170 -5.100 -5.440 -6.380 -4.190 -3.800 -3.680 -3.910 -3.820 -3.770 -3.740 -3.820 -3.800 -3.890 -3.710 -3.440 -3.500 -3.530 -3.620 -3.380 -3.040 -2.980 -2.880 -3.130 -3.470 -3.270 -3.180 -2.940 -2.750 -2.790 -2.960 -2.960 -4.200 -4.830 -4.920 -5.090 -5.520 -5.360 -5.140 -5.100 -5.880 -5.130 -4.490 -4.650 -5.720 -4.290 -4.680 -5.160 -5.000 -4.970 -4.430 -4.410 -4.280
-4.960 -5.000 -5.000 -5.090 -5.180 -5.070 -4.860 -4.640 -4.540 -4.610 -4.750 -4.450 -4.510 -4.640 -4.650 -4.840 -4.790 -4.920 -5.150 -5.130 -5.000 -5.130 -5.770 -3.740 -3.870 -3.850 -3.850 -3.870 -3.930 -3.820 -3.830 -3.890 -3.730 -3.680 -3.480 -3.870 -4.040 -3.790 -3.500 -3.410 -3.220 -3.130 -3.250 -3.010 -3.220 -3.110 -2.950 -2.710 -2.730 -2.780 -2.810 -3.240 -4.480 -4.580 -4.720 -5.120 -5.390 -5.280 -4.920 -5.880 -5.490 -5.540 -4.560 -4.700 -4.760 -3.700 -3.230 -5.020 -4.800 -4.800 -4.370 -4.330 -3.750
-4.960 -4.920 -4.910 -5.040 -5.180 -5.400 -5.960 -4.680 -4.360 -4.400 -4.380 -4.360 -4.320 -4.470 -4.590 -4.770 -5.050 -5.210 -5.190 -5.570 -5.350 -5.900 -3.810 -3.870 -3.780 -3.930 -3.910 -3.960 -3.990 -3.870 -3.800 -3.750 -3.810 -3.740 -3.690 -3.560 -3.960 -3.930 -3.490 -3.520 -3.380 -3.710 -3.840 -3.190 -2.990 -2.920 -3.400 -2.960 -2.870 -3.260 -3.060 -3.420 -4.290 -4.430 -4.490 -5.000 -4.820 -4.980 -5.090 -5.640 -4.610 -5.690 -5.160 -4.590 -5.170 -3.780 -3.630 -4.310 -4.400 -4.320 -3.840 -3.410 -2.450
-4.900 -4.920 -5.000 -5.140 -5.780 -6.780 -6.890 -6.820 -4.720 -4.380 -4.290 -4.370 -4.630 -4.890 -4.740 -4.760 -4.850 -5.410 -5.500 -6.170 -5.950 -4.360 -3.950 -3.770 -3.850 -3.870 -3.930 -4.060 -4.020 -4.040 -3.910 -3.830 -3.680 -3.800 -3.780 -3.790 -3.560 -3.590 -3.370 -3.940 -3.890 -3.790 -3.760 -3.370 -3.090 -3.160 -3.650 -3.130 -3.040 -2.960 -3.070 -3.760 -4.680 -4.640 -4.770 -5.150 -5.740 -4.890 -5.160 -5.430 -4.220 -4.880 -5.700 -5.010 -4.790 -4.450 -3.880 -3.430 -3.430 -2.800 -2.820 -2.430 -2.380
-4.790 -4.910 -4.960 -5.770 -6.810 -6.870 -6.920 -6.870 -5.190 -3.920 -3.880 -4.230 -4.540 -4.720 -4.640 -4.970 -5.400 -5.870 -6.180 -6.200 -5.470 -4.430 -3.820 -3.760 -3.930 -3.870 -3.970 -4.030 -4.090 -3.990 -3.970 -3.810 -3.940 -3.930 -3.770 -3.530 -3.640 -3.530 -3.400 -3.610 -3.920 -3.980 -3.630 -3.190 -3.290 -3.230 -3.360 -3.270 -3.590 -3.400 -3.710 -4.510 -4.570 -4.780 -5.020 -5.320 -5.580 -4.960 -4.660 -4.990 -4.330 -4.660 -4.810 -4.560 -4.470 -4.460 -4.020 -3.500 -2.580 -2.820 -2.290 -2.070 -2.500
-4.900 -5.020 -5.530 -6.570 -6.850 -7.010 -6.900 -6.880 -4.260 -3.600 -3.690 -3.840 -4.120 -4.820 -4.740 -5.050 -6.250 -6.200 -6.260 -6.230 -5.830 -3.720 -3.760 -3.840 -3.910 -3.890 -3.970 -3.950 -4.420 -4.400 -4.320 -3.870 -3.780 -3.790 -3.690 -3.550 -3.420 -3.500 -3.320 -3.180 -3.320 -4.610 -3.830 -3.460 -3.390 -3.170 -3.240 -3.460 -3.520 -4.460 -3.910 -4.530 -4.560 -4.530 -5.040 -5.300 -5.190 -5.500 -4.770 -4.970 -5.080 -5.480 -4.240 -5.350 -5.290 -4.970 -3.880 -2.990 -2.080 -2.500 -2.480 -2.270 -1.700
-4.800 -5.390 -6.340 -6.880 -6.910 -6.990 -7.050 -7.090 -4.320 -3.530 -3.560 -3.620 -4.030 -4.210 -4.720 -5.720 -6.260 -6.270 -6.350 -6.310 -6.330 -4.100 -3.620 -3.740 -3.830 -3.840 -3.870 -3.760 -4.070 -4.440 -4.290 -3.890 -3.780 -3.770 -3.590 -3.360 -3.280 -3.330 -3.410 -3.230 -2.890 -4.070 -3.790 -3.660 -3.350 -3.420 -3.260 -3.150 -3.620 -4.300 -5.060 -4.890 -4.640 -4.680 -5.300 -5.400 -5.290 -5.550 -5.420 -5.570 -4.910 -5.580 -5.360 -5.280 -4.080 -4.790 -3.290 -2.110 -2.400 -2.320 -2.450 -1.880 -1.510
