0925_6225/LITTO3D_FRA_0927_6224_20150529_LAMB93_RGF93_IGN69/MNT5m/LITTO3D_FRA_0927_6224_MNT5_20150529_LAMB93_RGF93_IGN69.asc
ncols 200
nrows 200
xllcenter 927000.000
yllcenter 6223005.000
cellsize 5.0000
nodata_value -99999
[rows 0 to 32 of 200, columns 0 to 72 of 200]
-3.740 -3.580 -3.650 -2.960 -1.950 -1.000 -0.870 -1.010 -0.820 -0.600 -0.700 -0.910 -0.760 -0.780 -0.870 -1.090 -1.140 -1.240 -2.130 -2.120 -2.010 -1.880 -1.840 -2.250 -2.170 -2.390 -1.960 -1.940 -2.200 -2.190 -2.770 -1.600 -1.210 -0.840 -0.880 -0.190 1.320 3.800 5.140 6.740 6.550 7.770 8.470 8.930 9.100 9.540 9.120 9.050 9.050 9.290 9.710 10.240 10.470 10.530 10.130 9.620 8.910 8.020 7.490 7.250 6.630 5.700 5.130 4.660 4.300 4.190 4.880 3.930 0.970 0.530 0.560 0.460 0.020
-3.440 -3.110 -3.240 -2.110 -0.850 -0.950 -0.810 -0.950 -0.990 -1.010 -0.810 -0.780 -0.840 -0.870 -0.970 -1.440 -1.730 -1.900 -2.140 -2.030 -2.060 -1.960 -2.040 -2.240 -2.250 -2.060 -2.210 -2.280 -2.240 -2.230 -2.500 -1.580 -1.140 -0.980 -0.710 -0.220 3.080 4.760 5.690 6.480 7.320 8.250 8.830 9.620 10.200 10.670 10.550 9.690 9.930 10.440 11.190 12.040 11.790 11.750 11.580 10.360 9.890 9.070 7.810 7.020 6.400 5.890 5.440 4.980 4.540 4.430 4.430 4.270 3.760 3.080 3.450 0.900 0.300
-3.030 -2.970 -2.760 -1.130 -1.000 -0.840 -0.920 -0.730 -1.020 -0.870 -0.770 -0.670 -0.750 -0.890 -1.250 -1.950 -2.180 -1.860 -2.010 -1.750 -1.930 -1.900 -2.030 -2.270 -2.120 -2.280 -2.320 -2.630 -2.250 -1.950 -1.730 -0.710 -0.910 -0.540 -0.050 0.140 4.310 5.360 5.610 6.350 7.740 8.610 9.210 9.940 10.580 11.250 11.510 11.530 11.480 11.780 12.460 13.450 13.560 12.700 11.960 11.050 10.690 9.310 8.500 7.590 6.790 5.840 5.760 5.140 4.980 4.510 4.500 4.630 4.340 4.300 4.040 2.480 2.690
-3.060 -3.160 -2.340 -1.070 -1.010 -0.980 -0.770 -0.660 -0.760 -0.850 -0.970 -0.850 -0.840 -0.910 -1.060 -1.530 -1.990 -1.810 -1.900 -2.010 -1.900 -1.890 -2.090 -1.870 -1.890 -2.390 -2.290 -2.270 -1.830 -1.950 -1.900 -1.050 -0.270 -0.260 0.230 2.820 3.500 5.100 5.440 5.850 7.180 7.960 9.010 9.660 10.590 11.000 11.660 12.140 12.220 12.330 13.440 13.930 14.260 13.640 12.770 12.090 11.130 9.570 8.920 8.360 7.520 6.700 6.080 5.650 5.220 4.850 4.370 4.310 4.250 4.220 4.020 3.950 4.660
-3.140 -3.190 -1.780 -1.130 0.090 -0.770 -0.670 -0.720 -0.710 -0.900 -0.820 -0.780 -0.730 -0.910 -1.030 -1.400 -1.770 -1.430 -1.730 -1.660 -1.900 -1.990 -2.040 -1.870 -1.890 -2.190 -2.230 -2.320 -2.040 -2.020 -1.840 -1.490 -1.150 -0.680 -0.190 1.210 3.020 4.280 5.600 5.280 6.370 7.210 8.170 8.890 9.590 10.020 10.490 11.660 12.400 12.900 13.130 13.990 14.350 13.710 13.180 12.550 11.890 10.370 9.320 9.020 7.650 6.840 6.190 5.970 5.570 5.200 4.800 4.650 4.520 4.310 4.020 3.970 3.840
-2.970 -3.100 -1.370 -1.440 -0.280 0.440 -0.780 -0.790 -0.800 -0.800 -0.780 -0.790 -0.900 -0.880 -1.070 -1.160 -1.360 -1.540 -1.470 -1.640 -1.880 -1.970 -1.830 -2.090 -2.100 -2.030 -2.290 -2.130 -2.530 -2.000 -1.930 -1.890 -1.480 -1.090 -0.680 -0.280 1.460 4.430 6.400 4.840 5.490 6.400 7.260 7.770 8.580 8.760 9.530 10.300 11.330 12.030 12.710 13.320 13.430 13.930 13.520 12.670 11.910 10.660 9.650 8.700 7.760 7.040 6.840 6.510 5.950 5.720 5.390 4.970 4.810 4.240 4.450 4.270 4.030
-2.730 -2.830 -1.590 -1.110 0.610 1.010 -0.210 -0.690 -0.870 -1.020 -0.900 -0.770 -0.740 -0.350 0.210 -0.160 -0.840 -0.950 -1.040 -1.100 -1.300 -1.580 -1.760 -1.750 -1.960 -1.780 -2.030 -1.760 -1.860 -1.720 -1.820 -1.520 -1.290 -1.400 -1.030 -0.520 0.150 3.570 6.540 4.660 4.610 5.070 6.280 7.200 7.580 8.310 8.840 9.740 10.150 10.980 11.810 12.510 13.080 13.730 13.640 12.930 12.260 11.040 10.030 9.530 8.590 7.660 7.360 7.090 6.550 6.080 6.260 5.580 5.070 4.520 4.670 4.570 4.460
-2.670 -2.450 -1.570 -0.590 -0.220 1.370 0.860 -0.150 -0.530 -0.510 -0.740 -0.340 0.480 0.020 0.720 0.160 -0.430 -0.550 -0.110 -0.230 -0.760 -1.120 -1.520 -1.750 -1.630 -1.770 -2.010 -1.830 -2.090 -1.680 -1.670 -1.420 -1.130 -0.930 -0.690 -0.630 -0.060 0.540 4.460 4.750 4.650 4.850 5.470 6.430 7.200 7.890 8.290 9.210 9.820 10.050 11.270 12.170 13.010 13.430 13.710 13.240 12.690 11.900 10.700 10.360 9.050 8.290 7.560 7.170 6.960 6.960 6.710 6.280 5.970 5.470 4.950 4.910 4.700
-2.710 -2.650 -1.900 -1.110 -0.440 1.480 1.560 2.340 1.170 0.510 -0.150 0.530 2.770 2.830 3.650 3.560 0.680 1.090 0.670 1.060 -0.240 -0.530 -1.020 -1.460 -1.580 -1.780 -1.770 -1.790 -1.960 -1.790 -1.620 -1.420 -1.040 -0.540 -0.480 0.010 0.310 0.730 5.350 4.450 4.570 4.860 5.510 5.950 6.510 7.790 8.420 9.140 9.320 10.080 10.300 11.480 12.480 13.160 13.510 13.600 13.320 12.480 11.240 10.960 9.920 9.330 8.380 7.630 7.370 7.520 7.400 7.010 6.740 6.310 5.910 5.450 5.330
-2.830 -2.700 -1.520 -0.670 0.030 1.830 2.400 4.760 5.380 0.720 0.470 1.060 6.980 5.660 6.330 4.990 1.780 4.250 4.700 4.230 3.620 0.510 -0.200 -1.060 -1.330 -1.540 -1.660 -1.610 -1.760 -1.690 -1.510 -1.270 -0.810 0.190 0.460 0.490 1.500 3.420 4.980 4.760 5.690 4.970 5.430 5.670 6.660 7.030 8.200 9.360 8.880 9.190 10.320 11.300 12.200 13.200 13.690 13.890 14.250 13.730 12.640 12.050 11.560 10.740 9.860 8.880 8.580 8.340 8.130 7.930 7.320 6.960 6.260 5.980 5.600
-1.560 -0.330 0.840 0.590 1.490 1.580 3.600 4.830 5.170 2.260 1.790 2.900 4.890 7.060 6.540 5.900 6.690 6.040 5.950 5.970 5.180 4.080 2.210 -0.680 -0.730 -1.340 -1.640 -1.610 -1.620 -1.660 -1.440 -1.530 -0.980 -0.010 0.880 1.860 2.990 3.630 4.760 5.660 6.890 5.200 5.460 5.330 5.290 7.540 7.770 8.290 8.690 8.830 10.470 11.200 12.330 13.520 14.270 14.210 15.060 13.910 13.570 12.540 12.140 11.500 11.370 10.150 9.630 9.690 9.430 8.910 8.160 7.380 6.830 6.340 5.740
0.200 0.970 1.170 1.810 1.190 2.790 4.500 3.280 3.170 3.530 4.960 5.150 6.340 6.820 6.060 5.830 6.400 5.890 6.150 6.090 5.770 5.670 3.510 0.100 -0.460 -0.900 -1.220 -1.370 -1.310 -1.350 -1.370 -1.230 -1.020 -0.600 0.100 1.690 2.960 4.110 4.730 5.330 7.140 6.910 6.360 5.760 5.830 7.970 8.120 8.450 8.890 9.680 10.330 10.840 12.650 13.530 14.640 15.760 15.740 14.890 14.250 13.810 12.760 12.580 12.080 11.500 10.810 10.500 10.260 10.740 9.130 7.690 7.440 6.880 6.260
0.000 0.000 0.000 0.870 0.770 2.060 1.810 1.750 1.810 2.070 2.610 4.540 6.860 5.450 5.700 5.690 5.580 6.000 6.740 6.970 7.110 5.560 5.720 1.650 0.060 -0.610 -1.040 -0.780 -0.870 -0.750 -1.150 -1.120 -0.700 -0.790 -0.150 0.220 2.480 4.170 4.770 6.150 7.470 7.680 7.570 7.820 7.380 8.380 8.790 8.900 9.330 10.090 10.770 12.310 13.960 15.000 15.220 15.710 17.020 16.720 15.630 14.230 13.790 13.360 13.260 12.690 12.080 11.620 11.440 11.520 9.850 8.540 7.650 7.370 6.890
0.000 0.000 0.000 0.000 0.180 0.780 1.000 1.210 1.440 1.950 1.960 3.630 5.280 5.510 5.510 5.490 5.640 6.100 7.710 8.270 7.320 6.730 5.620 5.730 2.490 -0.380 -0.730 -0.460 -0.810 0.390 -0.530 -0.990 -0.850 -0.480 0.010 0.440 1.440 3.960 4.890 5.310 7.040 7.970 8.350 8.590 8.970 9.260 9.490 9.650 9.840 10.230 11.000 12.320 14.460 14.980 16.230 16.980 18.000 17.740 17.160 16.090 15.160 13.920 13.650 13.410 12.990 12.370 12.180 12.160 11.410 10.500 8.690 7.970 7.500
0.000 0.000 0.000 0.000 0.000 0.000 0.820 1.060 1.360 2.180 2.540 3.160 4.870 5.850 5.420 5.530 5.760 6.630 8.700 7.770 7.240 6.820 6.700 5.600 5.320 3.970 0.310 -0.700 -0.570 0.470 -0.190 -0.600 -0.680 -0.290 0.020 0.640 0.890 3.290 4.700 5.360 6.820 7.630 8.560 9.320 9.820 10.380 10.690 10.680 10.510 10.880 11.330 12.640 13.850 14.850 15.920 16.900 17.930 18.400 18.310 17.250 16.410 15.170 14.280 13.920 13.590 13.240 12.620 12.620 12.050 11.200 9.600 8.620 8.030
0.000 0.000 0.000 0.000 0.000 0.000 0.000 0.420 0.720 1.540 2.180 3.050 4.540 5.260 5.060 4.680 6.020 6.680 7.260 7.260 6.890 6.780 6.720 6.650 5.440 5.690 1.950 -0.180 0.280 0.870 2.280 0.240 -0.070 0.080 0.500 0.700 2.310 3.880 5.240 5.060 6.300 7.640 8.490 9.500 10.420 10.640 11.440 11.780 11.360 11.540 12.100 12.620 13.810 14.660 15.700 17.260 18.000 18.440 18.910 18.020 17.230 16.300 15.280 14.600 14.160 13.790 13.040 12.430 12.170 11.640 10.420 9.270 8.220
0.000 0.000 0.000 0.000 0.000 0.000 0.000 0.000 0.380 0.840 1.340 3.150 3.670 3.960 4.380 4.770 5.390 6.110 6.100 6.950 6.690 6.690 6.780 6.940 7.440 6.620 4.800 3.760 4.990 4.490 4.740 5.010 3.960 2.460 3.520 2.960 3.500 5.410 4.860 5.150 6.240 7.410 8.290 9.070 10.290 11.180 11.570 11.800 12.140 12.200 12.550 13.100 13.790 14.860 15.730 17.080 18.090 19.360 19.080 19.720 17.870 16.930 15.880 15.330 14.570 13.740 13.420 12.730 12.500 11.700 10.740 9.660 8.600
0.000 0.000 0.000 0.000 0.000 0.000 0.000 0.000 0.000 0.000 0.810 1.350 2.540 2.970 4.260 4.700 4.860 5.160 5.050 5.900 6.840 6.690 6.670 6.790 7.650 7.490 6.460 5.930 5.930 5.680 5.710 5.960 6.350 5.870 5.700 6.510 5.310 4.860 5.100 5.250 5.660 6.890 7.710 8.610 9.740 10.860 11.600 11.610 12.090 12.590 13.010 13.430 14.040 14.690 15.490 17.180 17.950 18.750 19.010 19.460 18.130 17.470 16.040 15.480 14.830 14.060 13.510 12.840 12.600 11.800 10.640 9.840 9.280
0.000 0.000 0.000 0.000 0.000 0.000 0.000 0.000 0.000 0.000 0.000 0.810 0.880 1.930 3.630 3.430 4.870 4.890 4.930 5.340 6.760 6.550 6.170 6.560 6.620 6.290 6.420 6.310 6.190 5.280 5.330 5.330 5.170 5.050 5.180 5.120 5.170 5.380 5.410 5.630 5.880 6.230 6.950 7.930 9.100 10.560 10.820 11.390 11.960 12.460 13.310 13.830 14.250 14.780 15.510 16.190 17.920 18.420 18.460 18.230 17.910 17.320 16.300 15.640 15.110 14.510 13.940 13.230 12.580 11.680 10.900 10.000 9.470
0.000 0.000 0.000 0.000 0.000 0.000 0.000 0.000 0.000 0.000 0.000 0.000 0.500 0.890 0.890 3.390 4.910 4.560 4.670 4.660 5.630 6.310 6.340 6.040 6.720 7.250 7.200 7.410 7.190 7.150 6.750 6.330 5.670 6.780 7.320 6.310 6.070 5.590 6.080 5.820 6.200 6.590 6.910 7.500 8.330 9.500 10.240 11.290 11.860 12.450 13.770 13.850 14.660 14.740 15.630 16.270 17.660 17.390 17.860 17.440 17.000 16.570 15.890 15.450 15.410 14.620 13.980 13.280 12.490 11.700 10.990 10.160 9.600
0.000 0.000 0.000 0.000 0.000 0.000 0.000 0.000 0.000 0.000 0.000 0.000 0.000 0.280 1.030 1.740 3.150 4.920 4.820 4.570 4.450 5.130 5.810 5.850 6.620 7.140 7.480 7.590 7.590 7.510 7.670 7.950 7.860 7.670 7.950 7.790 7.350 6.790 6.850 5.830 6.460 7.490 7.170 7.860 8.600 9.110 10.020 11.050 11.750 12.790 13.490 13.530 14.380 14.590 15.570 16.000 16.380 16.890 17.120 16.970 16.240 16.320 15.870 15.220 15.250 14.850 13.860 13.100 12.620 11.540 10.950 10.350 9.840
0.000 0.000 0.000 0.000 0.000 0.000 0.000 0.000 0.000 0.000 0.000 0.000 0.000 0.000 0.040 -0.190 -0.070 1.010 3.640 3.590 4.220 4.510 4.790 5.290 6.740 7.140 7.430 7.520 7.440 7.600 7.770 7.980 7.920 7.790 7.880 8.080 8.020 7.750 7.500 6.840 6.930 6.990 7.580 7.770 8.470 8.940 9.940 10.920 12.120 12.590 13.150 13.540 13.980 14.240 14.880 15.410 15.950 15.910 16.440 16.240 15.650 15.920 15.550 15.230 14.960 14.100 13.510 12.990 12.180 11.530 10.980 10.210 9.740
0.000 0.000 0.000 0.000 0.000 0.000 0.000 0.000 0.000 0.000 0.000 0.000 0.000 0.000 0.000 -0.460 -0.310 -0.140 0.280 1.310 3.840 4.250 4.490 5.190 6.890 7.280 7.490 7.410 7.690 7.630 7.900 8.050 8.040 7.960 8.060 8.170 8.190 8.280 8.720 9.410 9.710 9.300 8.630 8.670 8.550 8.910 9.840 11.160 11.540 12.730 13.080 13.620 14.160 14.460 14.350 14.580 15.060 15.130 15.530 15.840 15.320 14.960 14.630 14.680 14.600 13.930 13.560 13.100 12.390 11.690 11.040 10.420 9.710
0.000 0.000 0.000 0.000 0.000 0.000 0.000 0.000 0.000 0.000 0.000 0.000 0.000 0.000 0.000 0.000 -0.620 -0.660 -0.310 0.270 2.660 4.030 4.390 4.370 5.020 6.440 7.350 6.860 7.510 7.680 8.040 8.010 7.880 7.960 8.090 8.130 8.250 8.270 8.800 8.990 8.670 8.870 8.850 9.050 9.140 9.320 10.360 10.970 11.740 12.130 12.490 13.270 13.630 13.790 14.020 14.540 14.380 14.570 14.560 15.230 14.890 14.820 14.220 14.380 13.940 13.820 13.520 13.000 12.560 11.800 10.960 10.310 9.810
0.000 0.000 0.000 0.000 0.000 0.000 0.000 0.000 0.000 0.000 0.000 0.000 0.000 0.000 0.000 0.000 0.000 0.000 -0.600 -0.030 1.520 3.470 4.320 4.180 4.410 5.420 6.590 7.100 7.770 7.690 7.620 7.810 7.860 7.820 8.010 8.010 7.720 9.100 9.670 9.430 9.260 8.740 8.810 8.930 9.480 9.860 10.290 10.680 11.580 12.160 12.160 12.190 13.080 13.500 13.850 13.900 14.230 13.940 14.270 14.130 14.410 14.730 13.820 13.610 13.580 13.310 12.620 12.500 12.120 11.610 11.190 10.390 9.950
0.000 0.000 0.000 0.000 0.000 0.000 0.000 0.000 0.000 0.000 0.000 0.000 0.000 0.000 0.000 0.000 0.000 0.000 -0.260 -0.380 -0.130 1.260 3.940 4.660 4.310 4.470 5.430 6.090 6.460 7.090 7.420 7.820 7.860 7.840 7.810 7.840 8.380 10.320 9.430 10.240 10.160 9.740 9.300 9.110 9.960 10.300 10.620 10.240 10.670 11.410 11.720 11.960 12.200 12.810 13.160 13.560 14.010 13.720 13.580 14.060 14.140 14.270 14.250 13.480 13.280 13.120 12.660 12.530 11.870 11.610 11.180 10.640 10.120
0.000 0.000 0.000 0.000 0.000 0.000 0.000 0.000 0.000 0.000 0.000 0.000 0.000 0.000 0.000 0.000 0.000 0.000 -0.210 -0.320 -0.240 0.160 2.290 2.910 4.250 4.320 4.420 4.640 4.800 5.950 7.100 7.610 7.590 7.610 7.750 7.790 8.660 9.580 9.800 9.960 9.500 9.700 9.700 9.640 9.480 10.270 10.580 10.360 10.620 10.850 11.080 11.340 12.410 12.090 12.730 13.070 12.810 13.200 13.640 13.300 13.690 13.690 13.540 13.220 13.250 12.740 12.610 12.340 11.890 11.580 11.110 10.660 10.070
0.000 0.000 0.000 0.000 0.000 0.000 0.000 0.000 0.000 0.000 0.000 0.000 0.000 0.000 0.000 0.000 0.000 0.000 -0.290 -0.380 -0.280 -0.210 0.540 1.430 3.520 4.290 4.460 4.650 5.590 5.860 6.590 7.140 7.260 7.430 7.600 7.800 8.590 9.590 9.310 9.520 9.690 9.910 9.830 10.060 9.670 10.030 10.460 10.710 10.990 10.670 11.300 11.270 11.940 12.140 12.370 12.660 13.010 13.200 13.450 13.180 13.480 13.920 13.290 13.350 13.080 12.640 12.110 11.720 11.860 11.370 11.070 10.600 10.130
0.000 0.000 0.000 0.000 0.000 0.000 0.000 0.000 0.000 0.000 0.000 0.000 0.000 0.000 0.000 0.000 0.000 0.000 -0.190 -0.400 -0.460 -0.450 0.240 2.250 2.930 4.260 4.410 4.640 5.590 5.590 6.310 6.780 7.010 7.210 7.360 7.670 8.640 9.280 9.580 9.520 9.840 9.860 9.920 10.100 10.150 9.970 10.010 10.700 10.850 10.930 11.270 11.240 11.740 11.860 12.110 12.370 12.560 12.580 13.030 12.980 12.800 13.130 13.590 13.580 13.440 12.830 12.160 12.300 12.020 11.750 11.260 10.400 10.520
0.000 0.000 0.000 0.000 0.000 0.000 0.000 0.000 0.000 0.000 0.000 0.000 0.000 0.000 0.000 -0.150 -0.010 -0.070 -0.320 -0.310 -0.440 -0.390 0.360 3.220 3.060 3.930 4.380 4.660 5.220 5.580 6.010 7.430 7.300 7.430 7.280 7.400 8.100 9.210 9.350 9.540 9.660 9.860 10.070 10.100 10.190 10.230 10.390 10.420 10.650 10.550 11.010 10.820 11.160 11.650 11.840 11.980 12.040 12.480 12.420 12.050 12.330 12.450 12.880 13.050 13.150 12.490 12.110 12.100 11.970 11.440 10.960 10.590 10.050
0.000 0.000 0.000 0.000 0.000 0.000 0.000 0.000 0.000 0.000 0.000 0.000 0.000 0.000 0.060 -0.330 -0.170 -0.420 -0.320 -0.280 -0.410 -0.160 1.280 3.040 3.710 4.030 4.590 4.990 5.270 5.760 5.840 7.010 7.230 8.200 9.230 7.530 8.690 9.040 9.230 9.410 9.510 9.720 9.860 9.810 9.610 10.120 10.210 10.370 10.430 10.570 10.800 10.880 11.070 11.230 11.700 11.500 11.950 11.830 12.060 11.690 12.160 11.880 11.810 12.690 12.600 12.210 11.870 11.860 11.340 11.040 10.850 10.350 9.770
0.000 0.000 0.000 0.000 0.000 0.000 0.000 0.000 0.000 0.000 0.000 0.000 0.000 0.320 0.000 0.240 -0.230 -0.410 -0.130 0.130 0.280 1.100 1.040 2.120 2.980 4.080 4.710 4.990 5.330 5.480 5.670 5.700 6.370 7.930 7.910 8.440 8.740 8.910 9.030 8.960 9.300 9.390 9.690 9.760 9.860 10.180 10.040 10.110 10.110 10.400 10.220 10.490 10.690 10.960 11.270 11.130 10.910 11.360 11.600 11.250 11.380 11.360 11.930 11.870 12.350 12.560 12.070 11.250 11.040 10.500 10.130 10.280 9.620
0.000 0.000 0.000 0.000 0.000 0.000 0.000 0.000 0.000 0.000 0.000 0.000 0.000 -0.020 0.220 0.630 1.270 -0.020 0.910 0.730 2.480 2.590 3.540 4.000 4.540 4.370 4.740 5.010 5.170 5.360 5.610 5.690 5.790 6.810 7.890 8.110 8.130 8.640 8.770 9.040 8.750 9.310 9.310 9.470 9.670 9.870 9.760 9.850 9.620 9.530 9.740 10.040 10.310 10.610 10.600 11.000 10.560 10.780 10.510 11.010 10.950 10.970 11.050 11.310 11.550 12.030 11.390 11.480 10.780 10.550 10.540 9.970 9.700
