0925_6225/LITTO3D_FRA_0927_6224_20150529_LAMB93_RGF93_IGN69/MNT5m/LITTO3D_FRA_0927_6224_MNT5_20150529_LAMB93_RGF93_IGN69.asc
ncols 200
nrows 200
xllcenter 927000.000
yllcenter 6223005.000
cellsize 5.0000
nodata_value -99999
[rows 165 to 197 of 200, columns 73 to 145 of 200]
5.360 5.160 4.840 4.390 3.050 3.160 2.460 1.490 0.280 0.720 0.560 0.120 0.020 0.110 0.100 0.030 0.020 0.000 -0.050 -0.060 -0.030 0.010 -0.070 0.010 -0.040 -0.140 -0.080 -0.100 -0.120 -0.130 -0.130 -0.180 -0.220 -0.210 -0.300 -0.230 -0.180 -0.240 -0.370 -0.290 -0.430 -0.270 -0.410 -0.320 -0.440 -0.410 -0.360 -0.310 -0.410 -0.370 -0.370 -0.280 -0.300 -0.300 -0.310 -0.260 -0.280 -0.320 -0.240 -0.270 -0.220 -0.200 -0.130 -0.110 -0.120 -0.180 -0.100 -0.090 -0.060 -0.080 -0.040 -0.070 -0.070
6.140 5.980 5.930 4.740 3.980 3.580 3.010 2.020 1.360 0.830 0.470 0.620 0.080 0.190 0.000 0.190 -0.010 -0.010 -0.050 -0.080 -0.010 0.050 -0.070 0.010 -0.030 0.010 -0.020 -0.060 -0.110 -0.160 -0.130 -0.150 -0.170 -0.190 -0.270 -0.240 -0.290 -0.240 -0.330 -0.210 -0.350 -0.330 -0.290 -0.270 -0.270 -0.290 -0.320 -0.430 -0.330 -0.440 -0.400 -0.380 -0.360 -0.270 -0.300 -0.370 -0.320 -0.290 -0.300 -0.280 -0.220 -0.200 -0.220 -0.190 -0.150 -0.150 -0.090 -0.080 -0.080 -0.070 -0.040 -0.060 -0.060
6.350 6.200 5.770 5.220 4.660 3.850 3.680 3.170 2.580 2.150 0.410 1.150 0.550 0.150 0.060 0.100 0.110 -0.050 -0.030 -0.070 -0.050 0.020 0.000 0.020 -0.070 -0.050 -0.070 -0.100 -0.140 -0.080 -0.090 -0.150 -0.260 -0.200 -0.300 -0.310 -0.220 -0.260 -0.290 -0.300 -0.280 -0.340 -0.270 -0.260 -0.250 -0.340 -0.360 -0.420 -0.340 -0.390 -0.350 -0.350 -0.370 -0.400 -0.320 -0.290 -0.340 -0.290 -0.300 -0.220 -0.270 -0.220 -0.170 -0.150 -0.170 -0.170 -0.090 -0.030 -0.070 -0.050 -0.030 0.010 -0.040
6.580 6.780 6.100 5.210 4.660 4.380 3.940 3.520 2.750 1.730 0.650 0.980 1.140 0.530 0.050 -0.020 0.070 -0.010 -0.030 -0.050 0.000 -0.040 0.030 -0.050 0.000 -0.090 -0.060 -0.130 -0.050 -0.100 -0.120 -0.220 -0.200 -0.130 -0.180 -0.270 -0.190 -0.300 -0.250 -0.260 -0.250 -0.370 -0.230 -0.360 -0.300 -0.360 -0.260 -0.330 -0.340 -0.360 -0.310 -0.390 -0.330 -0.370 -0.400 -0.280 -0.320 -0.270 -0.280 -0.230 -0.270 -0.200 -0.170 -0.230 -0.130 -0.110 -0.180 -0.090 -0.040 0.010 -0.010 -0.020 -0.020
6.270 6.440 5.810 5.910 4.910 4.690 4.110 3.760 3.080 2.700 1.920 1.280 1.330 1.020 0.150 0.060 -0.080 0.070 -0.060 -0.030 -0.040 0.040 0.000 -0.070 0.030 -0.110 -0.130 -0.110 -0.140 -0.150 -0.160 -0.120 -0.100 -0.180 -0.100 -0.200 -0.120 -0.200 -0.170 -0.240 -0.300 -0.250 -0.340 -0.260 -0.320 -0.280 -0.320 -0.320 -0.380 -0.360 -0.370 -0.330 -0.360 -0.300 -0.340 -0.320 -0.310 -0.250 -0.330 -0.210 -0.270 -0.100 -0.210 -0.120 -0.150 -0.150 -0.170 -0.120 -0.080 -0.080 -0.020 -0.030 0.050
6.480 6.110 6.030 5.990 5.540 5.030 4.530 3.830 3.370 3.090 2.560 1.770 1.380 1.490 0.160 0.050 0.070 0.030 -0.010 -0.060 -0.070 0.010 -0.100 0.000 -0.150 -0.100 -0.040 -0.060 -0.120 -0.150 -0.090 -0.180 -0.130 -0.120 -0.170 -0.160 -0.150 -0.150 -0.250 -0.200 -0.290 -0.190 -0.250 -0.190 -0.270 -0.260 -0.250 -0.260 -0.320 -0.280 -0.260 -0.350 -0.310 -0.240 -0.290 -0.250 -0.270 -0.220 -0.280 -0.360 -0.230 -0.210 -0.200 -0.120 -0.160 -0.100 -0.110 -0.080 -0.200 -0.180 -0.060 -0.030 0.030
6.350 5.750 5.860 5.960 5.670 5.020 4.670 3.860 3.400 3.320 2.970 2.470 1.480 1.530 0.360 0.140 0.100 0.010 -0.050 -0.010 -0.090 -0.060 -0.040 -0.060 -0.110 -0.120 -0.080 -0.120 -0.150 -0.040 -0.110 -0.160 -0.100 -0.120 -0.160 -0.120 -0.150 -0.140 -0.180 -0.180 -0.240 -0.210 -0.270 -0.240 -0.260 -0.240 -0.240 -0.260 -0.270 -0.230 -0.230 -0.370 -0.220 -0.320 -0.250 -0.320 -0.270 -0.400 -0.320 -0.260 -0.240 -0.180 -0.200 -0.220 -0.210 -0.120 -0.140 -0.080 -0.060 -0.110 -0.080 0.000 0.030
5.700 5.610 5.640 5.630 5.540 4.980 4.430 3.970 3.490 3.070 2.990 2.520 2.090 1.390 1.050 0.160 0.200 0.040 0.040 -0.080 0.000 -0.060 -0.080 -0.130 -0.080 -0.080 -0.030 -0.050 -0.080 -0.110 -0.060 -0.120 -0.120 -0.120 -0.120 -0.070 -0.170 -0.230 -0.140 -0.200 -0.230 -0.240 -0.190 -0.210 -0.220 -0.170 -0.200 -0.180 -0.240 -0.190 -0.190 -0.230 -0.270 -0.210 -0.190 -0.280 -0.310 -0.250 -0.230 -0.130 -0.240 -0.250 -0.210 -0.220 -0.230 -0.130 -0.210 -0.100 -0.060 -0.060 -0.080 -0.100 -0.090
5.940 5.530 5.510 5.270 4.980 4.510 4.220 3.860 3.430 3.150 2.860 2.600 2.240 1.910 1.560 0.540 0.290 0.060 0.040 0.030 -0.060 -0.100 -0.110 -0.120 -0.100 -0.020 -0.060 -0.130 -0.040 -0.170 -0.100 -0.180 -0.130 -0.140 -0.100 -0.070 -0.180 -0.090 -0.190 -0.210 -0.230 -0.150 -0.190 -0.110 -0.150 -0.150 0.010 -0.180 -0.200 -0.170 -0.160 -0.130 -0.190 -0.250 -0.170 -0.270 -0.220 -0.200 -0.180 -0.230 -0.210 -0.210 -0.180 -0.160 -0.280 -0.110 -0.110 -0.180 -0.200 -0.130 -0.040 -0.050 -0.150
5.280 5.120 5.070 4.460 4.250 3.770 3.790 3.700 3.360 2.470 2.630 2.280 2.280 1.990 2.140 0.800 0.170 0.070 0.060 0.020 -0.140 -0.070 -0.080 -0.110 -0.130 -0.140 -0.090 -0.140 -0.100 -0.080 -0.130 -0.130 -0.150 -0.120 -0.130 -0.070 0.000 -0.100 -0.120 -0.060 -0.070 -0.130 -0.100 -0.080 -0.100 -0.090 -0.100 -0.100 -0.040 -0.120 -0.170 -0.160 -0.080 -0.120 -0.090 -0.100 -0.240 -0.160 -0.120 -0.100 -0.230 -0.180 -0.240 -0.140 -0.130 -0.180 -0.170 -0.090 -0.150 -0.120 -0.110 -0.030 -0.050
5.030 5.010 4.590 3.830 3.740 3.590 3.600 3.610 3.550 2.940 2.690 2.530 2.360 2.170 2.240 0.140 0.300 -0.020 0.010 -0.010 0.070 -0.050 -0.120 -0.030 -0.050 -0.100 -0.040 -0.070 -0.100 -0.130 -0.150 -0.170 -0.200 -0.150 -0.170 -0.150 -0.080 -0.060 -0.090 -0.040 -0.110 -0.040 -0.070 -0.040 -0.050 0.000 -0.020 -0.140 -0.120 -0.150 -0.150 -0.120 -0.130 -0.190 -0.070 -0.130 -0.100 -0.140 -0.170 -0.180 -0.130 -0.110 -0.170 -0.180 -0.160 -0.170 -0.210 -0.060 -0.100 -0.100 -0.050 -0.060 -0.040
5.080 4.550 3.940 3.720 3.640 3.570 3.540 3.550 3.580 3.300 2.710 2.520 2.460 2.330 2.080 0.440 0.360 0.240 -0.020 -0.040 0.050 -0.050 -0.030 -0.120 -0.150 -0.110 -0.120 -0.150 -0.120 -0.170 -0.160 -0.150 -0.170 -0.160 -0.130 -0.100 -0.090 -0.130 -0.100 0.010 -0.010 -0.060 -0.050 0.010 -0.010 -0.040 0.010 -0.030 -0.080 -0.030 -0.060 -0.100 -0.050 -0.030 -0.070 -0.090 -0.100 -0.070 -0.110 -0.120 -0.130 -0.190 -0.120 -0.210 -0.190 -0.120 -0.120 -0.270 -0.070 -0.030 -0.080 -0.040 -0.070
4.700 4.170 3.740 3.590 3.560 3.570 3.450 3.570 3.490 3.550 2.840 2.590 2.320 2.580 1.880 1.260 0.390 0.320 0.010 0.060 0.030 -0.020 -0.050 -0.130 -0.100 -0.110 -0.100 -0.030 -0.080 -0.140 -0.010 -0.080 -0.090 -0.160 -0.090 -0.120 -0.120 -0.080 -0.020 -0.100 -0.020 -0.060 0.000 -0.040 0.040 0.000 0.080 0.000 0.010 -0.050 0.010 -0.100 -0.010 -0.130 -0.020 -0.120 -0.050 -0.150 -0.050 -0.100 -0.110 -0.120 -0.110 -0.160 -0.110 -0.160 -0.190 -0.100 -0.130 -0.060 -0.100 -0.200 -0.040
3.780 3.620 3.560 3.600 3.540 3.590 3.520 3.560 3.400 3.410 3.430 2.950 2.580 2.590 1.830 0.860 -0.020 0.190 0.130 0.030 0.040 -0.050 -0.070 -0.060 -0.060 -0.140 -0.070 -0.200 -0.090 -0.070 -0.030 -0.140 -0.130 -0.180 -0.090 -0.080 -0.100 -0.050 -0.020 -0.040 -0.020 -0.020 0.010 0.030 0.070 0.090 0.060 0.080 0.120 0.120 0.020 0.040 0.030 0.010 0.030 -0.020 0.040 -0.050 -0.080 -0.040 -0.050 -0.120 -0.110 -0.130 -0.100 -0.050 -0.190 -0.080 -0.210 -0.130 0.070 -0.120 0.060
3.680 3.650 3.610 3.640 3.510 3.610 3.530 3.560 3.470 3.420 3.390 3.110 2.770 2.500 1.600 0.760 0.130 0.120 0.120 0.070 0.050 -0.010 -0.040 -0.090 -0.040 -0.040 -0.080 -0.110 -0.040 -0.020 -0.080 -0.100 -0.080 -0.110 -0.100 -0.100 -0.130 -0.060 -0.080 -0.020 0.000 0.060 0.010 0.060 0.060 0.070 0.050 0.070 0.070 0.180 0.090 0.050 -0.010 0.090 0.040 0.120 -0.020 0.060 -0.080 0.040 -0.020 -0.020 -0.050 -0.040 -0.060 -0.060 -0.180 -0.130 -0.130 -0.100 -0.010 0.060 0.350
3.690 3.690 3.580 3.630 3.520 3.550 3.490 3.540 3.450 3.390 3.450 3.400 3.030 2.560 2.080 1.720 0.980 -0.080 0.180 0.120 0.080 0.090 -0.070 0.010 -0.040 -0.010 -0.040 -0.090 -0.080 -0.050 0.020 -0.020 -0.140 -0.080 -0.100 -0.080 -0.120 -0.050 -0.090 -0.090 -0.060 -0.070 -0.010 0.030 0.060 0.060 0.080 0.180 0.140 0.120 0.060 0.090 0.120 0.130 0.060 0.110 0.020 0.050 0.050 0.010 -0.090 -0.020 -0.090 -0.090 -0.110 0.000 -0.090 -0.090 -0.100 -0.030 0.180 0.270 0.380
3.700 3.710 3.670 3.650 3.610 3.580 3.580 3.480 3.500 3.400 3.400 3.410 3.350 2.890 2.820 2.380 1.720 2.360 0.230 0.140 0.160 -0.010 0.060 -0.010 0.030 -0.030 -0.100 -0.100 -0.010 -0.010 0.030 0.020 -0.040 -0.030 -0.060 -0.080 -0.100 -0.060 -0.030 -0.040 -0.010 -0.050 -0.030 0.010 0.070 0.100 0.060 0.100 0.110 0.100 0.060 0.010 0.030 0.020 0.110 0.070 0.070 0.040 0.110 0.010 0.050 0.080 0.080 -0.040 -0.010 -0.040 -0.100 -0.080 -0.030 0.130 0.130 0.300 0.880
4.340 3.650 3.670 3.620 3.590 3.580 3.550 3.540 3.480 3.390 3.430 3.380 3.380 3.430 2.880 2.540 2.340 2.450 0.930 0.100 0.270 0.120 0.080 0.120 0.010 0.020 0.010 0.030 0.030 0.020 -0.020 0.060 0.010 -0.040 -0.060 -0.060 -0.050 -0.050 -0.040 -0.020 -0.020 0.000 -0.010 -0.010 0.140 0.090 0.090 0.060 0.140 0.160 0.120 0.050 0.090 0.090 0.060 0.020 0.060 0.010 0.130 0.090 0.070 0.090 0.000 -0.110 0.040 0.150 0.020 -0.110 0.050 0.060 0.160 0.260 1.130
5.030 3.730 3.630 3.660 3.620 3.620 3.560 3.500 3.430 3.380 3.410 3.390 3.330 3.320 3.360 3.090 2.620 2.170 1.850 0.960 0.250 0.340 0.170 0.150 0.060 -0.020 0.010 0.050 0.030 0.050 -0.030 0.040 0.050 0.060 0.050 -0.020 0.170 -0.070 -0.110 -0.060 -0.040 -0.020 -0.020 -0.040 0.060 0.120 0.090 0.120 0.050 0.140 0.160 0.090 0.070 0.120 0.090 0.100 0.090 0.130 0.170 0.150 0.080 0.110 0.010 0.030 0.040 0.110 -0.040 0.070 0.110 0.160 0.160 0.860 0.820
5.200 4.580 3.790 3.710 3.660 3.610 3.570 3.580 3.530 3.470 3.400 3.370 3.340 3.260 3.310 3.320 3.020 2.500 2.600 1.670 0.560 0.120 0.480 0.340 0.190 0.170 0.030 0.020 0.040 0.120 0.180 0.080 0.090 0.120 0.090 0.090 0.100 0.070 -0.040 -0.110 -0.060 -0.060 0.000 0.020 0.000 0.130 0.090 0.070 0.090 0.120 0.060 0.050 0.120 0.100 0.130 0.150 0.120 0.170 0.220 0.180 0.170 0.150 0.170 0.010 0.120 0.070 0.040 0.010 0.120 0.250 0.400 0.730 1.150
5.420 5.070 5.420 3.930 3.670 3.650 3.620 3.580 3.520 3.490 3.460 3.430 3.380 3.350 3.290 3.370 3.410 3.260 2.520 2.740 1.950 1.890 0.370 0.660 0.560 0.320 0.270 0.300 0.130 0.150 0.270 0.130 0.150 0.140 0.030 0.070 0.050 0.040 0.010 -0.030 -0.060 -0.070 0.010 -0.020 0.040 0.110 0.130 0.050 0.060 0.070 0.180 0.060 0.070 0.200 0.220 0.120 0.120 0.240 0.150 0.180 0.240 0.180 0.160 0.130 0.140 0.020 0.000 0.170 0.070 0.250 0.720 1.240 1.330
5.800 5.350 4.890 4.880 3.830 3.650 3.640 3.550 3.540 3.470 3.450 3.430 3.420 3.380 3.380 3.310 3.350 3.410 3.050 2.950 2.500 2.330 2.100 0.890 0.830 0.110 0.260 0.620 0.650 0.810 0.390 0.200 0.170 0.100 0.160 0.060 0.060 0.090 -0.050 -0.070 -0.050 -0.040 -0.020 -0.010 0.020 0.070 0.140 0.050 0.030 0.040 0.120 0.100 0.110 0.200 0.160 0.100 0.230 0.180 0.180 0.270 0.250 0.210 0.090 0.050 0.110 0.090 0.040 0.120 0.240 0.360 0.800 1.770 1.240
5.760 5.470 5.310 4.690 4.270 3.810 3.650 3.590 3.530 3.580 3.380 3.440 3.380 3.440 3.400 3.290 3.290 3.340 3.360 3.230 2.620 2.540 2.070 1.870 1.530 0.870 0.640 0.680 0.730 0.650 0.850 0.900 0.420 0.100 0.090 0.190 0.030 0.130 0.030 -0.030 0.000 -0.040 -0.020 0.000 0.040 0.070 0.090 0.100 0.020 0.060 0.080 0.060 -0.030 0.170 0.260 0.240 0.190 0.210 0.080 0.160 0.210 0.200 0.130 0.220 0.380 0.250 0.240 0.290 0.330 0.720 1.020 1.520 1.110
6.370 5.840 5.250 5.160 4.760 4.210 3.600 3.670 3.510 3.560 3.570 3.570 3.420 3.500 3.400 3.300 3.330 3.360 3.250 3.140 3.070 2.570 2.510 2.430 2.000 1.950 0.940 0.780 0.720 1.100 0.940 0.950 0.880 0.550 0.190 0.220 0.130 0.010 0.030 -0.060 -0.030 -0.060 0.000 -0.030 0.030 -0.040 0.000 0.010 -0.020 -0.010 0.020 0.050 0.050 0.210 0.210 0.280 0.310 0.210 0.310 0.250 0.220 0.140 0.180 0.200 0.220 0.330 0.270 0.270 0.610 0.820 0.960 0.970 0.840
6.660 6.450 5.510 5.500 4.860 4.640 4.000 3.700 3.570 3.570 3.470 3.600 3.370 3.470 3.480 3.410 3.510 3.510 3.350 3.270 3.180 3.110 2.810 2.550 2.500 2.410 1.390 0.870 0.750 0.820 0.980 1.100 0.980 1.050 1.180 0.240 0.160 0.110 0.000 0.090 -0.060 -0.090 -0.060 0.020 0.030 -0.010 0.000 0.060 -0.020 -0.050 -0.040 0.150 0.170 0.240 0.190 0.220 0.190 0.190 0.260 0.250 0.370 0.270 0.200 0.200 0.290 0.290 0.300 0.440 0.870 1.110 0.760 0.890 0.870
6.480 6.410 6.630 6.180 5.190 4.650 4.580 3.930 3.600 3.560 3.620 3.580 3.520 3.570 3.540 3.650 3.630 3.690 3.500 3.400 3.390 3.340 3.240 3.180 2.740 2.610 2.520 2.070 1.230 1.200 1.300 1.130 1.120 1.000 1.110 0.670 0.200 0.180 0.020 0.060 -0.040 -0.120 -0.100 -0.130 -0.060 -0.040 0.010 0.020 0.010 0.050 0.010 0.180 0.130 0.100 0.270 0.290 0.210 0.160 0.160 0.330 0.100 0.260 0.230 0.190 0.310 0.260 0.390 0.430 1.460 0.890 0.860 0.820 0.870
7.190 6.310 5.580 5.450 5.020 5.470 4.810 4.380 3.740 3.690 3.660 3.580 3.600 3.690 3.750 3.840 3.900 3.840 3.880 3.920 3.740 3.460 3.260 3.090 3.050 2.970 2.740 2.400 2.080 1.820 1.580 1.400 1.320 1.170 1.170 0.760 0.180 0.100 0.150 0.070 -0.280 0.010 -0.090 -0.240 -0.090 -0.020 0.000 0.060 0.070 -0.070 -0.010 0.180 0.170 0.180 0.280 0.310 0.180 0.250 0.380 0.260 0.150 0.360 0.210 0.210 0.180 0.440 0.770 1.560 1.020 0.870 0.830 0.870 0.850
6.750 6.830 5.610 5.330 4.980 4.770 4.910 4.500 4.240 3.980 4.070 3.630 3.700 3.730 3.990 4.310 4.140 4.130 4.020 3.950 3.990 3.650 3.470 3.330 3.360 3.110 2.730 2.420 2.380 2.290 2.000 1.550 1.550 1.420 1.280 0.990 0.500 0.220 0.140 0.070 -0.040 -0.030 -0.160 -0.170 -0.150 -0.030 -0.010 0.020 0.080 0.020 -0.140 0.130 0.220 0.050 0.180 0.230 0.110 0.220 0.220 0.290 0.240 0.360 0.140 0.230 0.390 0.800 1.460 1.400 0.860 0.880 0.900 0.930 0.860
6.410 6.230 5.590 5.150 4.930 4.730 4.950 4.620 4.380 4.010 3.850 3.850 4.180 4.620 4.600 4.790 5.540 5.000 4.900 4.390 4.300 4.140 3.920 3.710 3.750 3.580 3.430 3.210 2.740 2.350 2.150 1.840 1.650 1.180 1.370 1.260 0.520 0.240 0.200 0.180 -0.030 -0.130 0.070 -0.140 -0.030 -0.020 0.080 0.260 0.090 0.160 0.090 -0.030 0.150 0.200 0.270 0.250 0.240 0.180 0.270 0.320 0.280 0.280 0.310 0.360 0.800 1.350 1.820 1.530 0.920 0.970 0.930 0.900 1.110
6.620 6.060 5.490 5.070 4.700 4.650 4.430 4.470 4.430 4.660 4.930 4.940 5.130 4.990 4.960 5.360 5.420 5.410 5.370 4.380 4.500 4.070 4.410 4.030 3.610 3.720 3.520 3.310 3.240 3.030 2.450 2.290 2.410 2.040 1.690 1.240 1.260 0.450 0.140 0.100 0.110 -0.030 -0.010 0.180 -0.050 -0.070 0.230 0.090 0.280 0.080 0.030 0.070 0.140 0.190 0.240 0.160 0.110 0.120 0.230 0.360 0.330 0.310 0.240 0.710 0.970 1.650 1.800 1.580 1.080 0.970 0.980 0.930 0.760
6.820 6.060 5.830 5.120 5.310 4.920 4.820 4.950 5.210 5.110 5.420 5.200 5.120 5.130 5.590 5.570 5.670 5.410 5.230 4.820 4.550 4.340 4.100 3.790 3.830 3.630 3.600 3.550 3.330 3.180 3.020 2.610 2.810 3.280 2.920 1.670 1.030 0.860 0.290 0.200 0.060 0.050 0.000 0.020 0.140 0.200 0.290 0.320 0.000 0.120 0.060 0.100 -0.010 0.110 0.270 0.230 0.220 0.190 0.210 0.270 0.310 0.310 0.320 0.800 1.590 1.120 0.950 0.870 1.130 0.960 0.890 0.870 0.780
6.740 6.610 6.960 5.890 5.140 5.090 6.080 5.630 5.760 6.020 5.800 5.490 5.360 5.370 5.560 5.770 5.890 5.690 5.380 5.320 5.070 4.780 4.210 4.090 4.120 3.850 3.550 3.110 3.160 3.020 2.610 2.470 2.870 3.320 3.180 2.180 1.250 1.420 0.570 0.240 0.130 0.040 -0.020 0.070 0.050 0.070 0.110 0.240 0.110 0.170 0.090 0.130 -0.070 0.050 0.190 0.360 0.120 0.130 0.250 0.230 0.240 0.320 0.670 1.560 1.640 1.380 1.260 1.000 0.920 0.950 0.970 0.800 0.950
8.290 7.120 6.530 6.410 5.600 5.070 5.830 6.070 6.050 6.120 6.190 6.130 5.610 6.540 6.440 6.270 6.430 6.290 5.840 5.420 5.440 5.500 4.840 4.110 4.040 3.790 3.980 3.720 3.430 2.840 3.120 3.100 3.130 3.300 3.230 2.340 1.750 1.470 0.930 0.380 0.120 0.020 0.000 -0.100 0.020 0.130 0.100 0.250 0.160 0.030 0.170 0.130 -0.210 -0.070 0.060 0.300 0.230 0.230 0.140 0.100 0.190 0.350 0.810 1.700 1.310 0.880 1.070 1.080 0.950 0.870 0.890 0.850 1.020
