0925_6225/LITTO3D_FRA_0927_6224_20150529_LAMB93_RGF93_IGN69/MNT5m/LITTO3D_FRA_0927_6224_MNT5_20150529_LAMB93_RGF93_IGN69.asc
ncols 200
nrows 200
xllcenter 927000.000
yllcenter 6223005.000
cellsize 5.0000
nodata_value -99999
[rows 66 to 98 of 200, columns 73 to 145 of 200]
0.160 1.980 1.660 0.210 -0.100 -0.080 -0.060 0.610 0.660 0.790 0.930 0.980 0.920 0.960 0.930 0.920 0.970 0.980 1.180 1.190 -0.030 0.180 0.050 0.230 -0.110 -0.010 -0.150 -0.100 -0.180 -0.180 -0.290 -0.270 -0.350 -0.380 -0.370 -0.430 -0.480 -0.450 -0.470 -0.490 -0.450 -0.490 -0.490 -0.450 -0.490 -0.380 -0.400 -0.540 -0.520 -0.570 -0.500 -0.590 -0.650 -0.640 -0.630 -0.630 -0.720 -0.670 -0.700 -0.780 -0.770 -0.880 -0.860 -0.850 -1.100 -1.080 -1.080 -0.930 -0.840 -0.790 -0.810 -0.460 -0.560
-0.150 1.530 2.170 0.590 0.400 0.510 0.610 1.250 0.960 0.650 0.890 1.120 1.110 1.220 1.570 1.070 1.150 0.940 0.850 1.490 0.070 0.130 0.200 0.080 0.040 -0.050 -0.030 -0.070 -0.060 -0.170 -0.300 -0.330 -0.310 -0.290 -0.350 -0.420 -0.470 -0.420 -0.500 -0.510 -0.520 -0.430 -0.530 -0.510 -0.560 -0.310 -0.490 -0.470 -0.450 -0.540 -0.440 -0.580 -0.480 -0.620 -0.540 -0.660 -0.650 -0.740 -0.680 -0.730 -0.710 -0.860 -0.960 -1.000 -1.050 -1.000 -1.050 -0.730 -0.840 -0.840 -0.790 -0.540 -0.400
-0.120 0.330 2.500 2.270 0.780 0.550 0.770 0.620 0.650 1.030 0.340 0.260 0.470 0.830 1.090 1.260 0.440 0.710 0.950 1.120 0.240 0.170 0.200 0.060 0.010 0.000 -0.070 -0.010 -0.190 -0.220 -0.290 -0.260 -0.340 -0.300 -0.360 -0.410 -0.460 -0.500 -0.460 -0.490 -0.530 -0.580 -0.510 -0.570 -0.550 -0.530 -0.510 -0.480 -0.450 -0.540 -0.600 -0.530 -0.470 -0.600 -0.620 -0.540 -0.530 -0.640 -0.730 -0.740 -0.710 -0.840 -0.950 -1.030 -0.860 -0.970 -0.940 -0.890 -0.880 -0.810 -0.930 -0.390 -0.600
-0.070 -0.060 1.680 2.600 0.810 0.150 0.170 0.140 0.240 -0.070 -0.500 -0.330 0.060 0.180 0.330 0.100 -0.170 0.410 1.070 1.440 0.260 0.100 0.100 0.050 0.070 0.010 -0.060 -0.180 -0.150 -0.270 -0.220 -0.320 -0.290 -0.410 -0.360 -0.450 -0.500 -0.460 -0.460 -0.510 -0.510 -0.530 -0.570 -0.570 -0.520 -0.550 -0.510 -0.560 -0.430 -0.540 -0.370 -0.600 -0.660 -0.640 -0.600 -0.550 -0.510 -0.640 -0.670 -0.730 -0.630 -0.680 -0.910 -1.070 -0.890 -0.940 -1.060 -0.770 -0.730 -0.910 -0.970 -0.850 -0.670
-0.560 -0.590 0.240 2.890 1.530 -0.030 -0.040 -0.020 -0.040 -0.060 -0.070 -0.040 -0.010 -0.010 -0.010 -0.040 -0.260 0.400 1.250 1.310 0.070 0.040 0.010 -0.010 0.010 -0.040 -0.140 -0.150 -0.200 -0.220 -0.320 -0.320 -0.350 -0.340 -0.390 -0.400 -0.400 -0.470 -0.480 -0.480 -0.470 -0.570 -0.540 -0.540 -0.550 -0.580 -0.680 -0.520 -0.580 -0.590 -0.610 -0.600 -0.570 -0.600 -0.540 -0.590 -0.530 -0.600 -0.720 -0.670 -0.650 -0.750 -0.950 -1.000 -1.020 -0.930 -1.060 -0.780 -0.930 -0.890 -0.930 -0.850 -0.610
-0.680 -0.560 -0.360 1.510 2.690 0.510 -0.050 -0.030 -0.020 -0.060 -0.020 -0.020 -0.020 -0.010 -0.010 -0.050 -0.060 0.410 1.140 0.360 0.170 0.060 0.050 -0.040 -0.040 -0.070 -0.110 -0.140 -0.220 -0.200 -0.300 -0.310 -0.340 -0.360 -0.360 -0.460 -0.450 -0.450 -0.490 -0.440 -0.530 -0.480 -0.560 -0.580 -0.590 -0.510 -0.630 -0.610 -0.620 -0.620 -0.560 -0.570 -0.550 -0.600 -0.540 -0.600 -0.710 -0.620 -0.690 -0.640 -0.700 -0.750 -0.850 -0.920 -0.940 -0.960 -1.030 -1.010 -0.960 -0.900 -0.970 -0.890 -1.040
-0.680 -0.690 -0.550 0.490 2.440 0.480 -0.080 -0.030 -0.020 -0.030 -0.020 -0.030 -0.030 -0.020 -0.030 -0.050 -0.070 0.850 1.010 0.260 0.040 0.060 0.010 0.000 -0.050 -0.100 -0.150 -0.170 -0.230 -0.260 -0.270 -0.280 -0.320 -0.360 -0.360 -0.430 -0.390 -0.460 -0.420 -0.490 -0.510 -0.530 -0.580 -0.560 -0.570 -0.630 -0.620 -0.580 -0.570 -0.560 -0.600 -0.630 -0.650 -0.630 -0.650 -0.590 -0.580 -0.550 -0.680 -0.660 -0.680 -0.630 -0.790 -0.910 -0.990 -0.950 -1.040 -1.030 -0.860 -0.770 -0.920 -0.910 -1.110
-0.590 -0.500 -0.360 0.630 2.270 0.590 -0.230 -0.050 -0.040 -0.040 -0.090 -0.040 -0.050 -0.030 -0.020 -0.050 -0.180 0.760 1.170 0.050 0.020 -0.010 -0.060 -0.020 -0.090 -0.100 -0.120 -0.230 -0.250 -0.290 -0.280 -0.290 -0.420 -0.350 -0.430 -0.360 -0.460 -0.430 -0.470 -0.420 -0.490 -0.440 -0.480 -0.470 -0.640 -0.640 -0.560 -0.600 -0.620 -0.600 -0.580 -0.650 -0.650 -0.560 -0.670 -0.640 -0.620 -0.610 -0.660 -0.670 -0.570 -0.660 -0.740 -0.750 -0.920 -1.000 -1.030 -0.970 -1.020 -1.030 -0.900 -1.050 -1.080
-0.400 -0.390 -0.130 1.300 2.400 0.460 -0.080 -0.060 -0.070 -0.070 -0.050 -0.050 -0.090 -0.050 -0.030 -0.080 -0.060 0.940 1.100 0.050 -0.010 -0.050 -0.040 -0.110 -0.080 -0.180 -0.150 -0.200 -0.190 -0.230 -0.280 -0.320 -0.280 -0.380 -0.350 -0.400 -0.390 -0.500 -0.440 -0.470 -0.450 -0.470 -0.480 -0.530 -0.510 -0.590 -0.610 -0.640 -0.610 -0.580 -0.630 -0.580 -0.640 -0.640 -0.660 -0.720 -0.650 -0.580 -0.590 -0.680 -0.610 -0.730 -0.640 -0.760 -0.880 -0.870 -0.880 -0.920 -1.000 -0.960 -0.960 -1.090 -1.060
-0.310 -0.290 0.020 2.550 2.360 0.350 -0.030 -0.090 -0.130 -0.070 -0.050 -0.050 -0.040 -0.050 -0.030 -0.130 -0.050 0.870 1.140 -0.020 -0.060 -0.060 -0.110 -0.050 -0.110 -0.170 -0.210 -0.250 -0.280 -0.280 -0.250 -0.240 -0.280 -0.300 -0.370 -0.320 -0.400 -0.360 -0.440 -0.410 -0.440 -0.440 -0.530 -0.530 -0.570 -0.610 -0.550 -0.660 -0.640 -0.580 -0.610 -0.680 -0.690 -0.670 -0.640 -0.580 -0.630 -0.650 -0.600 -0.660 -0.520 -0.540 -0.590 -0.610 -0.770 -0.650 -0.580 -0.700 -0.820 -0.850 -0.890 -1.010 -1.190
-0.240 -0.070 1.630 2.350 0.750 -0.050 -0.060 -0.110 -0.060 -0.050 -0.070 -0.050 -0.050 -0.040 -0.030 -0.260 -0.100 1.030 0.950 0.010 -0.070 -0.060 -0.150 -0.080 -0.080 -0.140 -0.120 -0.180 -0.230 -0.240 -0.240 -0.250 -0.300 -0.330 -0.330 -0.300 -0.400 -0.410 -0.420 -0.400 -0.400 -0.430 -0.470 -0.460 -0.500 -0.530 -0.540 -0.570 -0.550 -0.620 -0.640 -0.660 -0.700 -0.640 -0.670 -0.720 -0.590 -0.670 -0.600 -0.700 -0.580 -0.650 -0.570 -0.700 -0.710 -0.700 -0.720 -0.650 -0.660 -0.590 -0.860 -1.060 -1.090
-0.150 0.650 2.410 1.800 0.180 -0.020 -0.020 -0.050 -0.060 -0.040 -0.090 -0.080 -0.090 -0.050 -0.040 -0.030 0.080 1.010 0.610 -0.090 -0.070 -0.070 -0.110 -0.130 -0.190 -0.190 -0.190 -0.150 -0.220 -0.170 -0.230 -0.270 -0.320 -0.360 -0.340 -0.360 -0.390 -0.380 -0.420 -0.420 -0.480 -0.420 -0.510 -0.490 -0.460 -0.540 -0.520 -0.530 -0.470 -0.640 -0.460 -0.680 -0.670 -0.670 -0.650 -0.700 -0.710 -0.720 -0.690 -0.610 -0.700 -0.520 -0.670 -0.700 -0.700 -0.680 -0.740 -0.780 -0.590 -0.610 -0.550 -0.670 -0.940
0.380 2.590 2.170 0.280 -0.040 -0.020 -0.060 -0.050 -0.050 -0.060 -0.060 -0.060 -0.070 -0.070 -0.030 -0.040 -0.070 0.860 0.090 -0.050 -0.080 -0.140 -0.070 -0.120 -0.110 -0.180 -0.160 -0.270 -0.240 -0.230 -0.210 -0.260 -0.270 -0.340 -0.380 -0.410 -0.390 -0.410 -0.430 -0.390 -0.430 -0.450 -0.510 -0.500 -0.480 -0.500 -0.560 -0.500 -0.570 -0.520 -0.600 -0.650 -0.660 -0.660 -0.690 -0.660 -0.680 -0.720 -0.690 -0.710 -0.730 -0.620 -0.590 -0.600 -0.670 -0.600 -0.650 -0.480 -0.670 -0.630 -0.650 -0.710 -0.800
2.660 2.430 0.590 0.080 -0.030 -0.030 -0.030 -0.020 -0.020 -0.030 -0.040 -0.040 -0.040 -0.050 -0.040 0.180 0.480 1.190 0.000 -0.120 -0.100 -0.130 -0.040 -0.100 -0.140 -0.240 -0.140 -0.200 -0.180 -0.290 -0.250 -0.290 -0.270 -0.300 -0.290 -0.350 -0.400 -0.440 -0.410 -0.390 -0.500 -0.530 -0.490 -0.510 -0.470 -0.490 -0.480 -0.550 -0.490 -0.500 -0.570 -0.600 -0.630 -0.620 -0.660 -0.690 -0.770 -0.700 -0.680 -0.580 -0.740 -0.740 -0.710 -0.660 -0.630 -0.630 -0.710 -0.570 -0.720 -0.680 -0.690 -0.660 -0.570
2.550 0.950 0.400 -0.060 -0.040 -0.020 -0.030 -0.030 -0.020 -0.020 -0.030 -0.020 -0.010 -0.040 -0.040 0.350 1.070 1.110 0.000 -0.110 -0.170 -0.190 -0.160 -0.200 -0.140 -0.180 -0.160 -0.200 -0.240 -0.250 -0.270 -0.320 -0.310 -0.320 -0.370 -0.330 -0.330 -0.400 -0.360 -0.410 -0.380 -0.410 -0.470 -0.430 -0.540 -0.510 -0.540 -0.530 -0.490 -0.530 -0.550 -0.550 -0.610 -0.600 -0.660 -0.770 -0.720 -0.710 -0.720 -0.710 -0.660 -0.790 -0.860 -0.700 -0.620 -0.790 -0.730 -0.650 -0.750 -0.610 -0.750 -0.640 -0.700
1.140 0.190 -0.030 -0.020 -0.010 -0.020 -0.030 -0.040 -0.040 -0.020 -0.010 -0.070 -0.090 -0.030 -0.060 0.040 1.110 0.300 -0.020 -0.100 -0.200 -0.180 -0.270 -0.210 -0.220 -0.130 -0.240 -0.180 -0.310 -0.290 -0.290 -0.200 -0.320 -0.340 -0.300 -0.380 -0.340 -0.360 -0.400 -0.330 -0.390 -0.340 -0.390 -0.430 -0.440 -0.480 -0.460 -0.520 -0.540 -0.560 -0.490 -0.540 -0.550 -0.660 -0.710 -0.710 -0.780 -0.710 -0.660 -0.670 -0.680 -0.790 -0.740 -0.720 -0.700 -0.780 -0.850 -0.670 -0.650 -0.650 -0.730 -0.630 -0.640
0.610 0.110 -0.030 -0.020 -0.030 -0.020 -0.030 -0.040 -0.050 -0.040 -0.020 -0.050 -0.050 -0.120 -0.070 0.820 1.010 0.030 -0.020 -0.120 -0.260 -0.150 -0.260 -0.220 -0.220 -0.270 -0.260 -0.250 -0.260 -0.300 -0.240 -0.320 -0.330 -0.230 -0.260 -0.290 -0.360 -0.330 -0.360 -0.430 -0.390 -0.430 -0.430 -0.400 -0.440 -0.430 -0.470 -0.460 -0.500 -0.510 -0.560 -0.510 -0.590 -0.580 -0.580 -0.680 -0.720 -0.670 -0.660 -0.690 -0.680 -0.730 -0.710 -0.750 -0.770 -0.670 -0.740 -0.670 -0.740 -0.820 -0.710 -0.750 -0.710
0.130 -0.010 -0.040 -0.020 -0.030 -0.020 -0.040 -0.060 -0.050 -0.040 -0.040 -0.070 -0.030 -0.040 0.340 0.960 0.560 0.070 -0.070 -0.220 -0.270 -0.190 -0.180 -0.300 -0.220 -0.200 -0.220 -0.360 -0.220 -0.310 -0.260 -0.230 -0.260 -0.320 -0.310 -0.360 -0.300 -0.280 -0.370 -0.340 -0.380 -0.400 -0.430 -0.430 -0.510 -0.490 -0.480 -0.470 -0.430 -0.530 -0.570 -0.540 -0.580 -0.580 -0.610 -0.640 -0.730 -0.640 -0.700 -0.680 -0.730 -0.720 -0.780 -0.690 -0.710 -0.760 -0.750 -0.760 -0.710 -0.620 -0.720 -0.720 -0.780
-0.020 -0.040 -0.070 -0.080 -0.040 -0.050 -0.070 -0.050 -0.040 -0.040 -0.070 -0.190 -0.460 -0.040 0.860 0.950 0.320 0.030 -0.110 -0.200 -0.250 -0.270 -0.180 -0.200 -0.230 -0.280 -0.190 -0.270 -0.280 -0.310 -0.330 -0.320 -0.260 -0.330 -0.340 -0.420 -0.320 -0.380 -0.370 -0.370 -0.380 -0.400 -0.450 -0.420 -0.420 -0.500 -0.520 -0.460 -0.460 -0.580 -0.560 -0.640 -0.590 -0.600 -0.650 -0.690 -0.630 -0.710 -0.700 -0.760 -0.770 -0.710 -0.750 -0.720 -0.730 -0.770 -0.760 -0.680 -0.750 -0.740 -0.640 -0.720 -0.660
-0.040 -0.110 -0.050 -0.030 -0.040 -0.020 -0.040 -0.050 -0.040 -0.090 -0.140 -0.660 -0.090 0.270 0.930 0.420 -0.060 -0.040 -0.070 -0.170 -0.060 -0.240 -0.210 -0.220 -0.230 -0.260 -0.250 -0.270 -0.380 -0.260 -0.290 -0.290 -0.300 -0.290 -0.330 -0.280 -0.340 -0.320 -0.360 -0.360 -0.380 -0.400 -0.400 -0.430 -0.490 -0.450 -0.490 -0.470 -0.480 -0.530 -0.530 -0.570 -0.600 -0.600 -0.620 -0.610 -0.610 -0.660 -0.710 -0.680 -0.650 -0.710 -0.760 -0.730 -0.720 -0.750 -0.700 -0.760 -0.710 -0.700 -0.620 -0.700 -0.710
-0.080 -0.080 -0.050 -0.050 -0.050 -0.050 -0.020 -0.030 -0.030 -0.110 -0.560 -0.280 -0.030 1.030 0.950 0.040 0.020 -0.070 -0.040 -0.140 -0.140 -0.220 -0.260 -0.310 -0.310 -0.270 -0.320 -0.250 -0.320 -0.270 -0.370 -0.290 -0.300 -0.310 -0.320 -0.270 -0.330 -0.360 -0.310 -0.390 -0.420 -0.440 -0.410 -0.470 -0.440 -0.460 -0.450 -0.510 -0.410 -0.500 -0.510 -0.510 -0.520 -0.630 -0.580 -0.700 -0.620 -0.650 -0.560 -0.720 -0.690 -0.730 -0.680 -0.710 -0.740 -0.720 -0.690 -0.760 -0.810 -0.620 -0.600 -0.660 -0.610
-0.080 -0.020 -0.100 -0.020 -0.030 -0.050 -0.040 -0.030 -0.010 -0.470 -0.820 -0.150 0.980 0.990 0.090 0.030 -0.070 -0.070 -0.220 -0.120 -0.090 -0.190 -0.240 -0.300 -0.310 -0.340 -0.310 -0.300 -0.380 -0.330 -0.300 -0.370 -0.420 -0.340 -0.270 -0.420 -0.340 -0.390 -0.330 -0.420 -0.390 -0.440 -0.440 -0.410 -0.470 -0.410 -0.520 -0.460 -0.480 -0.410 -0.490 -0.480 -0.480 -0.530 -0.670 -0.610 -0.740 -0.570 -0.640 -0.630 -0.690 -0.680 -0.740 -0.730 -0.730 -0.670 -0.680 -0.770 -0.790 -0.810 -0.740 -0.790 -0.690
-0.100 -0.050 -0.100 -0.020 -0.020 -0.050 -0.090 -0.050 -0.190 -0.780 -0.220 0.680 0.970 -0.070 -0.080 -0.080 -0.010 -0.030 -0.160 -0.130 -0.100 -0.190 -0.170 -0.190 -0.270 -0.370 -0.270 -0.340 -0.310 -0.330 -0.330 -0.410 -0.300 -0.350 -0.370 -0.340 -0.350 -0.320 -0.370 -0.400 -0.450 -0.450 -0.440 -0.400 -0.410 -0.470 -0.440 -0.440 -0.530 -0.510 -0.530 -0.510 -0.520 -0.560 -0.570 -0.550 -0.640 -0.640 -0.610 -0.670 -0.650 -0.700 -0.700 -0.710 -0.680 -0.650 -0.750 -0.750 -0.860 -0.930 -0.780 -0.700 -0.800
-0.080 -0.060 -0.070 -0.060 -0.050 -0.050 -0.140 -0.360 -1.070 -0.400 0.450 0.990 1.020 -0.060 -0.160 -0.030 -0.040 -0.110 -0.080 -0.050 -0.060 -0.110 -0.200 -0.180 -0.170 -0.360 -0.320 -0.380 -0.290 -0.390 -0.280 -0.360 -0.280 -0.350 -0.280 -0.300 -0.410 -0.290 -0.410 -0.370 -0.430 -0.410 -0.450 -0.450 -0.460 -0.380 -0.380 -0.400 -0.450 -0.410 -0.480 -0.490 -0.510 -0.590 -0.560 -0.570 -0.580 -0.630 -0.640 -0.640 -0.620 -0.620 -0.670 -0.630 -0.620 -0.720 -0.670 -0.800 -0.860 -0.870 -0.890 -0.910 -0.760
-0.070 -0.060 -0.030 -0.070 -0.020 -0.020 -0.140 -0.540 -0.380 0.350 1.020 0.940 -0.030 -0.130 -0.110 -0.060 -0.090 -0.070 -0.060 -0.040 -0.160 -0.220 -0.110 -0.210 -0.190 -0.150 -0.180 -0.290 -0.380 -0.410 -0.340 -0.380 -0.380 -0.360 -0.350 -0.350 -0.420 -0.390 -0.360 -0.360 -0.400 -0.400 -0.420 -0.460 -0.420 -0.440 -0.450 -0.390 -0.450 -0.440 -0.450 -0.500 -0.490 -0.550 -0.540 -0.570 -0.600 -0.620 -0.600 -0.590 -0.600 -0.570 -0.640 -0.620 -0.650 -0.740 -0.720 -0.750 -0.890 -0.800 -0.860 -0.830 -0.800
-0.020 -0.020 -0.050 -0.060 -0.080 -0.690 -0.660 -0.360 0.330 1.100 0.840 0.100 -0.120 -0.100 -0.180 -0.210 -0.090 -0.070 -0.070 -0.110 -0.120 -0.110 -0.090 -0.130 -0.180 -0.190 -0.180 -0.200 -0.110 -0.320 -0.430 -0.280 -0.410 -0.390 -0.350 -0.350 -0.320 -0.370 -0.330 -0.410 -0.420 -0.470 -0.410 -0.480 -0.390 -0.420 -0.400 -0.420 -0.430 -0.430 -0.430 -0.490 -0.550 -0.520 -0.570 -0.540 -0.630 -0.610 -0.540 -0.570 -0.520 -0.670 -0.640 -0.710 -0.620 -0.760 -0.690 -0.840 -0.770 -0.820 -0.810 -0.880 -0.850
-0.020 -0.040 -0.150 -0.050 -0.630 -0.690 -0.280 0.490 1.130 1.040 0.040 -0.220 -0.180 -0.100 -0.100 -0.120 -0.070 -0.090 -0.130 -0.130 -0.170 -0.100 -0.100 -0.150 -0.170 -0.210 -0.230 -0.190 -0.290 -0.220 -0.380 -0.340 -0.440 -0.410 -0.280 -0.340 -0.420 -0.410 -0.400 -0.500 -0.420 -0.400 -0.390 -0.440 -0.440 -0.420 -0.420 -0.450 -0.420 -0.420 -0.490 -0.460 -0.540 -0.540 -0.590 -0.560 -0.540 -0.560 -0.550 -0.540 -0.570 -0.570 -0.610 -0.630 -0.730 -0.790 -0.900 -0.730 -0.760 -0.710 -0.810 -0.880 -0.900
-0.060 -0.190 -0.260 -0.600 -0.780 -0.240 0.500 1.170 0.990 -0.030 -0.200 -0.090 -0.190 -0.020 -0.130 -0.130 -0.110 -0.180 -0.130 -0.140 -0.190 -0.160 -0.140 -0.120 -0.110 -0.110 -0.200 -0.240 -0.290 -0.230 -0.320 -0.280 -0.450 -0.480 -0.440 -0.380 -0.420 -0.380 -0.430 -0.380 -0.460 -0.410 -0.450 -0.380 -0.470 -0.430 -0.490 -0.450 -0.510 -0.400 -0.470 -0.510 -0.500 -0.560 -0.590 -0.600 -0.570 -0.630 -0.600 -0.520 -0.560 -0.610 -0.730 -0.750 -0.750 -0.780 -0.790 -0.780 -0.700 -0.740 -0.750 -0.890 -0.810
-0.130 -0.480 -0.720 -0.610 -0.260 0.780 0.900 0.810 -0.090 -0.140 -0.240 -0.300 -0.210 -0.150 -0.180 -0.120 -0.150 -0.180 -0.150 -0.140 -0.190 -0.110 -0.090 -0.150 -0.210 -0.100 -0.210 -0.180 -0.190 -0.160 -0.330 -0.350 -0.350 -0.460 -0.440 -0.390 -0.410 -0.380 -0.410 -0.360 -0.460 -0.440 -0.470 -0.470 -0.510 -0.440 -0.460 -0.500 -0.490 -0.560 -0.470 -0.550 -0.440 -0.440 -0.550 -0.510 -0.630 -0.620 -0.580 -0.590 -0.640 -0.700 -0.750 -0.720 -0.690 -0.710 -0.800 -0.700 -0.770 -0.750 -0.770 -0.820 -0.890
-1.020 -0.970 -0.440 0.230 0.960 1.170 0.720 0.120 -0.110 -0.230 -0.270 -0.370 -0.240 -0.120 -0.290 -0.190 -0.230 -0.170 -0.140 -0.190 -0.160 -0.140 -0.120 -0.130 -0.150 -0.190 -0.170 -0.130 -0.240 -0.250 -0.280 -0.350 -0.300 -0.320 -0.400 -0.420 -0.450 -0.370 -0.450 -0.420 -0.440 -0.490 -0.450 -0.500 -0.450 -0.460 -0.460 -0.550 -0.390 -0.490 -0.520 -0.540 -0.570 -0.580 -0.550 -0.640 -0.660 -0.630 -0.600 -0.640 -0.730 -0.760 -0.720 -0.720 -0.740 -0.730 -0.760 -0.760 -0.810 -0.820 -0.810 -0.850 -0.940
-0.820 -0.260 0.450 1.090 1.090 0.730 0.340 -0.120 -0.150 -0.260 -0.260 -0.240 -0.330 -0.180 -0.240 -0.250 -0.310 -0.180 -0.130 -0.190 -0.180 -0.150 -0.140 -0.140 -0.140 -0.180 -0.160 -0.250 -0.270 -0.230 -0.270 -0.260 -0.330 -0.320 -0.400 -0.310 -0.370 -0.430 -0.490 -0.510 -0.440 -0.520 -0.450 -0.540 -0.510 -0.540 -0.490 -0.530 -0.480 -0.440 -0.470 -0.510 -0.490 -0.580 -0.590 -0.620 -0.590 -0.650 -0.660 -0.700 -0.730 -0.750 -0.730 -0.720 -0.640 -0.740 -0.730 -0.790 -0.830 -0.900 -0.830 -0.950 -0.910
0.190 0.900 1.220 1.010 0.360 -0.030 -0.060 -0.100 -0.110 -0.130 -0.200 -0.220 -0.240 -0.260 -0.250 -0.220 -0.290 -0.340 -0.170 -0.220 -0.200 -0.150 -0.270 -0.130 -0.220 -0.160 -0.190 -0.200 -0.230 -0.230 -0.340 -0.280 -0.290 -0.310 -0.330 -0.410 -0.350 -0.400 -0.400 -0.520 -0.420 -0.480 -0.460 -0.500 -0.480 -0.480 -0.530 -0.430 -0.520 -0.450 -0.510 -0.550 -0.580 -0.530 -0.660 -0.620 -0.720 -0.670 -0.770 -0.780 -0.820 -0.730 -0.710 -0.600 -0.700 -0.760 -0.710 -0.710 -0.790 -0.770 -0.820 -0.890 -0.920
1.100 1.060 0.710 0.040 0.020 -0.020 -0.220 -0.030 -0.210 -0.150 -0.260 -0.250 -0.210 -0.330 -0.260 -0.320 -0.220 -0.330 -0.260 -0.250 -0.290 -0.190 -0.210 -0.140 -0.250 -0.130 -0.260 -0.200 -0.270 -0.250 -0.310 -0.260 -0.390 -0.350 -0.290 -0.410 -0.360 -0.350 -0.520 -0.490 -0.450 -0.500 -0.550 -0.450 -0.510 -0.580 -0.540 -0.510 -0.540 -0.560 -0.550 -0.560 -0.570 -0.540 -0.680 -0.660 -0.740 -0.700 -0.760 -0.730 -0.800 -0.760 -0.680 -0.720 -0.750 -0.690 -0.780 -0.700 -0.760 -0.770 -0.760 -0.850 -0.850
