0925_6225/LITTO3D_FRA_0927_6224_20150529_LAMB93_RGF93_IGN69/MNT5m/LITTO3D_FRA_0927_6224_MNT5_20150529_LAMB93_RGF93_IGN69.asc
ncols 200
nrows 200
xllcenter 927000.000
yllcenter 6223005.000
cellsize 5.0000
nodata_value -99999
[rows 99 to 131 of 200, columns 0 to 72 of 200]
9.130 8.880 8.600 8.180 7.980 7.770 7.310 6.850 6.320 5.920 5.750 5.550 5.000 4.080 2.510 2.380 2.490 0.970 0.710 0.690 0.610 0.570 0.520 0.620 0.730 0.820 0.870 0.720 0.840 0.940 0.880 0.880 0.850 0.800 0.790 2.480 1.400 0.600 0.630 0.490 0.920 0.970 1.170 1.350 1.220 1.100 0.380 -0.150 -0.070 -0.280 -0.250 -0.520 -0.480 -0.480 -0.480 -0.360 0.180 2.410 1.800 0.490 0.150 -0.050 -0.170 -0.510 -1.140 -1.130 -1.160 -1.020 -0.230 0.480 1.180 1.300 1.300
9.090 8.690 8.610 8.250 8.000 7.730 7.370 6.930 6.650 6.020 5.720 5.580 4.940 4.820 2.550 2.370 2.520 1.540 1.370 0.570 0.430 0.710 0.660 0.780 0.970 0.780 0.780 0.750 0.740 0.840 0.880 0.910 0.910 0.800 0.750 1.960 1.960 0.820 0.830 0.690 0.840 0.910 1.130 1.260 1.120 0.360 -0.130 -0.120 -0.200 -0.400 -0.350 -0.510 -0.500 -0.540 -0.500 -0.060 1.690 1.820 0.970 0.360 -0.070 -0.070 -0.100 -0.440 -0.670 -0.120 0.110 1.150 1.240 1.370 1.470 0.840 0.310
9.110 8.830 8.550 8.240 8.010 7.730 7.400 6.940 6.600 6.380 5.600 5.400 5.300 4.690 2.960 2.390 2.120 1.900 2.040 0.400 0.550 0.630 0.670 0.770 0.780 0.680 0.610 0.760 0.800 0.890 0.820 0.830 0.860 0.690 0.770 1.630 2.160 0.810 0.790 0.890 0.950 0.860 0.860 0.920 0.610 -0.090 -0.320 -0.260 -0.330 -0.460 -0.430 -0.430 -0.540 -0.550 -0.240 1.100 1.780 1.750 1.200 0.540 0.190 0.050 0.420 0.560 1.080 1.110 1.130 1.150 0.890 0.160 0.040 -0.040 -0.100
9.080 8.770 8.550 8.290 7.950 7.710 7.200 6.780 6.490 6.170 6.010 5.590 4.970 4.530 3.350 2.560 2.170 2.030 2.220 0.940 0.780 0.780 0.670 0.710 0.920 0.920 0.670 0.900 0.860 0.880 0.890 0.740 0.930 1.880 2.810 2.580 1.070 1.050 0.980 0.840 0.760 0.980 0.880 0.790 0.060 -0.340 -0.510 -0.380 -0.400 -0.520 -0.460 -0.450 -0.530 -0.290 0.990 1.840 1.740 1.670 1.610 0.740 1.380 1.240 0.970 1.100 1.130 0.850 0.390 0.140 0.020 -0.090 -0.120 -0.100 -0.130
8.990 8.660 8.500 8.230 7.980 7.380 6.760 6.610 6.410 6.210 5.970 5.790 5.330 4.540 4.100 3.370 2.440 2.330 2.210 1.440 0.770 0.790 0.770 0.830 0.850 0.850 0.700 0.790 0.810 1.010 1.510 2.880 2.940 2.750 1.450 1.050 0.960 1.070 0.920 0.800 0.670 0.770 0.690 -0.100 -0.300 -0.270 -0.490 -0.420 -0.570 -0.500 -0.430 -0.380 -0.200 0.520 1.760 1.560 1.740 1.470 1.350 1.140 1.190 1.060 0.700 0.440 0.150 -0.110 -0.010 -0.030 -0.070 -0.170 -0.180 -0.290 -0.230
8.900 8.640 8.390 8.160 7.860 7.030 6.770 6.570 6.250 6.170 5.980 5.740 5.480 5.700 4.260 3.730 3.050 2.640 2.460 1.780 0.510 0.840 1.070 0.830 0.850 0.780 1.000 1.620 2.420 2.890 2.660 1.980 1.170 1.050 0.910 1.010 1.080 0.940 0.890 0.710 0.760 0.860 0.540 -0.050 -0.150 -0.260 -0.510 -0.250 -0.200 -0.110 0.510 1.360 2.270 1.550 1.540 1.610 1.530 1.600 0.590 0.390 -0.050 0.010 -0.090 -0.060 -0.170 -0.220 -0.270 -0.300 -0.340 -0.320 -0.440 -0.400 -0.400
8.900 8.590 8.280 7.880 7.290 7.040 6.700 6.610 6.360 6.170 6.050 5.730 5.480 5.120 4.810 3.790 3.420 2.910 2.620 1.780 0.720 0.780 1.000 0.810 1.240 0.970 3.070 2.390 1.560 1.180 1.050 1.060 1.030 1.070 1.160 1.100 0.940 0.880 1.060 0.860 0.840 0.880 1.060 1.110 0.350 0.220 0.600 0.950 0.940 1.170 1.220 1.290 1.340 1.470 0.390 -0.400 -0.170 -0.150 -0.110 0.040 -0.430 -0.490 -0.640 -0.350 -0.330 -0.390 -0.410 -0.490 -0.570 -0.590 -0.530 -0.690 -0.560
8.710 8.440 8.220 7.480 7.210 6.900 6.800 6.550 6.260 6.090 5.900 5.640 5.490 5.050 4.830 4.710 3.370 3.090 2.750 1.690 1.640 0.790 1.050 2.590 2.640 1.260 0.990 1.110 1.050 1.030 1.090 1.100 1.070 1.000 0.960 0.840 1.240 0.920 0.920 1.020 0.910 0.980 1.040 1.190 0.880 0.920 1.130 1.190 1.430 1.670 0.130 -0.280 -0.300 -0.360 -0.240 -0.150 -0.360 -0.680 -0.800 -1.100 -1.200 -1.110 -1.090 -0.920 -0.450 -0.450 -0.690 -0.720 -0.690 -0.640 -0.680 -0.540 -0.730
8.640 7.930 7.680 7.290 7.130 6.990 6.800 6.570 6.360 6.070 5.840 5.740 5.300 4.950 4.600 4.340 4.410 3.610 2.980 2.480 1.840 1.250 1.760 1.770 0.910 0.950 1.050 0.990 1.210 0.970 1.090 1.230 1.150 0.820 0.970 0.930 1.180 0.930 1.100 0.880 0.940 1.170 1.390 -0.050 0.200 -0.070 -0.260 -0.100 -0.120 -0.110 -0.200 -0.190 -0.120 -0.230 -0.460 -0.640 -0.980 -1.000 -1.100 -1.000 -0.950 -0.700 -0.640 -0.620 -0.500 -0.700 -0.630 -0.650 -0.610 -0.580 -0.560 -0.480 -0.570
8.540 7.860 7.540 7.360 7.180 6.900 6.770 6.510 6.260 6.080 5.820 5.520 5.140 4.730 4.450 4.320 4.150 4.190 3.560 2.800 2.400 1.850 0.810 1.270 0.990 0.900 0.990 1.290 1.230 1.250 1.100 0.770 0.560 0.350 0.280 0.000 0.130 0.120 0.140 -0.400 -0.900 -0.630 -0.920 -1.280 -1.240 -1.310 -0.710 -0.220 -0.210 -0.130 -0.260 -0.260 -0.300 -0.320 -0.640 -0.600 -0.720 -0.760 -0.600 -0.590 -0.580 -0.540 -0.620 -0.590 -0.600 -0.560 -0.600 -0.500 -0.560 -0.460 -0.490 -0.440 -0.470
7.990 7.730 7.500 7.350 7.020 6.980 6.780 6.470 6.280 6.090 5.640 5.130 4.720 4.570 4.410 4.170 3.990 3.840 3.970 3.890 2.670 2.400 2.530 1.400 1.330 1.320 1.110 0.940 1.160 0.750 0.700 -0.010 0.200 -0.110 -0.370 -0.630 -0.640 -0.390 -0.530 -1.060 -1.040 -1.150 -1.370 -1.230 -1.120 -0.910 -0.600 -0.310 -0.220 -0.350 -0.300 -0.270 -0.390 -0.490 -0.540 -0.550 -0.520 -0.530 -0.450 -0.430 -0.460 -0.540 -0.460 -0.480 -0.450 -0.440 -0.400 -0.420 -0.370 -0.390 -0.290 -0.420 -0.350
7.930 7.730 7.600 7.310 7.170 6.890 6.640 6.510 6.220 5.950 5.530 4.950 4.750 4.560 4.210 4.150 3.950 3.800 3.710 3.710 4.240 2.650 2.180 2.800 1.580 1.310 1.370 1.410 0.460 0.330 0.090 -0.200 -0.630 -0.770 -0.660 -0.350 -0.450 -0.520 -0.430 -0.380 -0.490 -0.330 -0.310 -0.260 -0.310 -0.160 -0.120 -0.260 -0.120 -0.420 -0.400 -0.320 -0.330 -0.380 -0.380 -0.440 -0.460 -0.450 -0.470 -0.410 -0.350 -0.430 -0.410 -0.370 -0.390 -0.340 -0.350 -0.380 -0.370 -0.330 -0.360 -0.310 -0.340
8.000 7.790 7.660 7.320 6.950 6.870 6.700 6.440 6.080 5.400 5.130 4.960 4.750 4.460 4.320 4.060 3.920 3.860 4.160 3.750 3.520 3.900 2.530 1.980 1.920 1.510 2.430 2.130 -0.090 -0.170 -0.280 -0.550 -0.460 -0.360 -0.350 -0.270 -0.290 -0.250 -0.310 -0.230 -0.220 -0.250 -0.280 -0.250 -0.190 -0.190 -0.020 -0.050 -0.120 -0.140 -0.040 -0.130 -0.240 -0.250 -0.250 -0.250 -0.350 -0.360 -0.410 -0.440 -0.390 -0.320 -0.370 -0.320 -0.370 -0.400 -0.340 -0.430 -0.370 -0.360 -0.370 -0.460 -0.290
7.860 7.760 7.580 7.280 7.080 6.920 6.640 6.090 5.590 5.390 5.120 4.890 4.650 4.450 4.120 4.000 3.910 3.760 3.850 3.560 3.580 3.520 3.610 2.540 1.870 1.980 1.560 1.020 -0.070 -0.090 -0.360 -0.290 -0.270 -0.210 -0.230 -0.240 -0.290 -0.150 -0.230 -0.220 -0.110 -0.140 -0.090 -0.180 -0.160 -0.140 -0.140 -0.070 -0.070 -0.040 -0.060 -0.130 -0.180 -0.170 -0.230 -0.200 -0.180 -0.230 -0.340 -0.390 -0.380 -0.360 -0.310 -0.330 -0.310 -0.290 -0.400 -0.260 -0.500 -0.360 -0.480 -0.480 -0.430
8.000 7.660 7.530 7.290 7.090 6.960 6.480 5.800 5.500 5.370 5.110 4.820 4.650 4.380 4.190 4.120 3.900 3.590 3.560 3.430 3.330 3.440 3.400 3.430 3.710 2.040 1.600 0.840 0.100 -0.070 -0.190 -0.210 -0.150 -0.180 -0.170 -0.190 -0.180 -0.240 -0.070 -0.200 -0.260 -0.140 -0.120 -0.110 -0.090 -0.100 -0.170 -0.110 -0.100 -0.120 -0.180 -0.110 -0.180 -0.140 -0.130 -0.190 -0.140 -0.220 -0.320 -0.350 -0.390 -0.340 -0.280 -0.320 -0.370 -0.310 -0.400 -0.360 -0.300 -0.410 -0.360 -0.390 -0.280
7.960 7.800 7.540 7.310 7.020 6.780 5.950 5.820 5.530 5.350 5.050 4.880 4.670 4.380 4.230 4.250 3.750 3.590 3.580 3.430 3.240 3.360 3.310 3.330 3.580 3.290 1.330 0.880 0.000 -0.070 -0.340 -0.140 -0.300 -0.120 -0.170 -0.170 -0.140 -0.200 -0.150 -0.170 -0.110 -0.130 -0.130 -0.150 -0.270 -0.250 -0.240 -0.220 -0.170 -0.170 -0.220 -0.140 -0.140 -0.160 -0.080 -0.100 -0.100 -0.170 -0.260 -0.220 -0.310 -0.320 -0.290 -0.330 -0.360 -0.360 -0.340 -0.410 -0.340 -0.350 -0.380 -0.300 -0.390
7.980 7.760 7.550 7.270 6.820 6.330 6.080 5.830 5.590 5.400 5.060 4.830 4.590 4.320 4.210 3.890 3.800 3.650 3.510 3.320 3.220 3.170 3.190 3.180 3.540 3.960 1.880 2.380 0.020 -0.140 -0.190 -0.220 -0.070 -0.100 -0.150 -0.260 -0.220 -0.310 -0.230 -0.250 -0.210 -0.250 -0.140 -0.190 -0.290 -0.310 -0.270 -0.230 -0.310 -0.240 -0.280 -0.260 -0.270 -0.310 -0.190 -0.040 -0.080 -0.200 -0.300 -0.220 -0.280 -0.300 -0.280 -0.260 -0.270 -0.390 -0.400 -0.390 -0.380 -0.340 -0.330 -0.410 -0.340
7.960 7.670 7.380 7.180 6.560 6.280 5.940 5.740 5.530 5.280 5.120 4.780 4.640 4.420 4.140 4.000 3.740 3.590 3.400 3.240 3.170 3.160 3.080 3.170 3.220 3.790 1.710 1.060 0.080 -0.150 -0.310 -0.270 -0.310 -0.230 -0.270 -0.190 -0.260 -0.310 -0.250 -0.190 -0.250 -0.120 -0.210 -0.320 -0.280 -0.290 -0.400 -0.360 -0.340 -0.380 -0.350 -0.320 -0.250 -0.180 -0.260 -0.190 -0.170 -0.190 -0.240 -0.270 -0.270 -0.220 -0.250 -0.300 -0.340 -0.490 -0.450 -0.350 -0.290 -0.310 -0.300 -0.390 -0.370
7.900 7.590 7.060 6.750 6.410 6.150 6.050 5.760 5.530 5.230 4.860 4.960 4.750 4.420 4.200 4.000 3.740 3.670 3.380 3.210 3.240 3.120 3.080 3.070 3.410 2.310 1.890 1.000 0.150 -0.140 -0.250 -0.220 -0.260 -0.240 -0.270 -0.250 -0.300 -0.280 -0.310 -0.280 -0.310 -0.260 -0.310 -0.290 -0.340 -0.420 -0.370 -0.400 -0.310 -0.390 -0.370 -0.300 -0.310 -0.290 -0.300 -0.200 -0.200 -0.170 -0.290 -0.270 -0.240 -0.140 -0.190 -0.250 -0.350 -0.370 -0.340 -0.350 -0.300 -0.370 -0.310 -0.390 -0.400
7.810 7.560 7.000 6.670 6.520 6.160 5.910 5.630 5.420 5.040 5.050 4.750 4.470 4.420 4.150 4.050 3.850 3.560 3.410 3.290 3.100 3.000 3.030 3.030 3.460 2.100 1.090 0.280 0.130 -0.100 -0.190 -0.250 -0.310 -0.310 -0.310 -0.220 -0.200 -0.190 -0.230 -0.320 -0.370 -0.370 -0.330 -0.360 -0.470 -0.420 -0.390 -0.470 -0.480 -0.380 -0.430 -0.410 -0.310 -0.320 -0.340 -0.250 -0.310 -0.360 -0.390 -0.270 -0.300 -0.290 -0.110 -0.210 -0.270 -0.300 -0.270 -0.240 -0.340 -0.320 -0.350 -0.410 -0.370
7.660 7.270 7.030 6.710 6.480 6.200 5.880 5.650 5.300 5.210 5.040 4.790 4.650 4.440 4.260 4.020 3.810 3.620 3.430 3.200 3.180 3.080 3.100 3.270 3.240 2.140 0.760 0.110 -0.030 -0.230 -0.340 -0.340 -0.290 -0.320 -0.430 -0.350 -0.310 -0.320 -0.260 -0.320 -0.380 -0.350 -0.410 -0.450 -0.410 -0.420 -0.540 -0.500 -0.410 -0.450 -0.380 -0.500 -0.390 -0.420 -0.410 -0.370 -0.380 -0.400 -0.390 -0.340 -0.320 -0.330 -0.370 -0.290 -0.290 -0.230 -0.230 -0.290 -0.240 -0.280 -0.310 -0.390 -0.370
7.520 7.260 7.010 6.790 6.450 6.280 5.920 5.580 5.610 5.130 4.960 4.810 4.690 4.540 4.280 4.040 3.840 3.540 3.350 3.130 3.080 2.960 3.000 3.320 2.070 1.830 -0.030 -0.040 -0.150 -0.170 -0.180 -0.290 -0.430 -0.320 -0.400 -0.440 -0.400 -0.370 -0.400 -0.370 -0.390 -0.450 -0.450 -0.530 -0.460 -0.470 -0.510 -0.510 -0.440 -0.500 -0.480 -0.440 -0.490 -0.490 -0.360 -0.360 -0.350 -0.280 -0.380 -0.340 -0.400 -0.270 -0.300 -0.370 -0.320 -0.340 -0.270 -0.270 -0.260 -0.290 -0.240 -0.330 -0.380
7.410 7.240 6.990 6.680 6.500 6.290 5.940 5.790 5.450 5.100 4.960 4.770 4.620 4.490 4.250 4.050 3.830 3.480 3.410 3.180 3.060 2.970 3.090 3.450 1.930 1.890 0.120 -0.060 -0.140 -0.120 -0.320 -0.240 -0.340 -0.310 -0.450 -0.450 -0.560 -0.330 -0.450 -0.400 -0.530 -0.470 -0.510 -0.470 -0.430 -0.390 -0.420 -0.490 -0.480 -0.520 -0.580 -0.490 -0.480 -0.460 -0.400 -0.420 -0.450 -0.340 -0.320 -0.390 -0.320 -0.350 -0.320 -0.350 -0.270 -0.230 -0.300 -0.220 -0.230 -0.280 -0.170 -0.240 -0.370
7.370 7.130 6.950 6.710 6.440 6.280 6.080 5.700 5.280 5.200 4.960 4.730 4.650 4.510 4.300 4.040 3.750 3.600 3.290 3.140 3.000 3.020 2.990 3.260 1.870 1.390 0.000 -0.070 -0.150 -0.260 -0.300 -0.310 -0.350 -0.410 -0.370 -0.430 -0.450 -0.350 -0.520 -0.530 -0.490 -0.480 -0.440 -0.400 -0.370 -0.450 -0.420 -0.430 -0.420 -0.530 -0.570 -0.450 -0.460 -0.430 -0.500 -0.380 -0.410 -0.320 -0.360 -0.240 -0.400 -0.380 -0.310 -0.350 -0.250 -0.250 -0.230 -0.170 -0.180 -0.210 -0.250 -0.270 -0.180
7.280 7.070 6.920 6.690 6.500 6.380 5.870 5.620 5.410 5.170 4.900 4.770 4.660 4.360 4.260 4.020 3.820 3.580 3.310 3.120 3.030 2.950 3.020 3.350 1.810 1.870 0.050 -0.070 -0.090 -0.160 -0.260 -0.270 -0.360 -0.430 -0.490 -0.540 -0.540 -0.620 -0.570 -0.430 -0.370 -0.390 -0.420 -0.390 -0.390 -0.370 -0.420 -0.340 -0.450 -0.510 -0.410 -0.480 -0.450 -0.540 -0.500 -0.560 -0.460 -0.400 -0.340 -0.240 -0.250 -0.330 -0.330 -0.240 -0.290 -0.240 -0.250 -0.250 -0.200 -0.160 -0.180 -0.210 -0.160
7.220 7.010 6.830 6.630 6.620 5.930 5.720 5.640 5.430 5.200 4.910 4.790 4.610 4.440 4.220 3.950 3.730 3.450 3.250 3.160 2.990 2.990 3.010 3.300 1.700 1.890 0.060 -0.120 -0.120 -0.240 -0.190 -0.250 -0.390 -0.510 -0.500 -0.630 -0.610 -0.630 -0.390 -0.340 -0.320 -0.350 -0.430 -0.430 -0.380 -0.410 -0.370 -0.470 -0.400 -0.450 -0.420 -0.310 -0.390 -0.420 -0.510 -0.540 -0.460 -0.380 -0.330 -0.300 -0.210 -0.310 -0.290 -0.300 -0.260 -0.250 -0.190 -0.230 -0.240 -0.190 -0.200 -0.130 -0.160
7.090 6.890 6.730 6.630 6.040 5.990 5.790 5.540 5.430 5.160 4.940 4.750 4.500 4.310 4.160 3.840 3.580 3.420 3.150 3.100 2.990 2.980 3.120 3.370 1.860 2.080 0.220 -0.050 -0.120 -0.300 -0.310 -0.300 -0.420 -0.450 -0.690 -0.680 -0.670 -0.480 -0.530 -0.450 -0.390 -0.420 -0.430 -0.420 -0.390 -0.410 -0.400 -0.450 -0.380 -0.430 -0.300 -0.340 -0.350 -0.450 -0.470 -0.510 -0.410 -0.410 -0.320 -0.350 -0.360 -0.250 -0.320 -0.280 -0.230 -0.250 -0.270 -0.270 -0.260 -0.200 -0.220 -0.200 -0.200
6.900 6.780 6.520 6.160 6.080 5.930 5.730 5.540 5.350 5.150 4.980 4.700 4.530 4.280 4.090 3.870 3.590 3.360 3.210 3.030 3.010 2.990 3.210 3.240 2.220 2.660 0.340 0.110 -0.160 -0.310 -0.420 -0.460 -0.480 -0.530 -0.680 -0.670 -0.420 -0.500 -0.500 -0.450 -0.430 -0.390 -0.440 -0.430 -0.420 -0.410 -0.450 -0.430 -0.440 -0.410 -0.370 -0.330 -0.410 -0.360 -0.440 -0.380 -0.460 -0.340 -0.390 -0.280 -0.400 -0.350 -0.310 -0.270 -0.230 -0.150 -0.300 -0.300 -0.240 -0.240 -0.190 -0.170 -0.190
6.940 6.790 6.180 6.090 5.930 5.800 5.610 5.460 5.300 5.120 4.900 4.660 4.410 4.180 4.030 3.870 3.490 3.390 3.260 3.100 3.020 3.000 3.150 3.580 2.650 2.420 0.430 0.240 -0.120 -0.340 -0.510 -0.690 -0.530 -0.600 -0.560 -0.680 -0.540 -0.690 -0.590 -0.450 -0.490 -0.530 -0.480 -0.370 -0.370 -0.400 -0.430 -0.470 -0.370 -0.480 -0.310 -0.370 -0.360 -0.340 -0.310 -0.430 -0.420 -0.410 -0.340 -0.420 -0.360 -0.360 -0.300 -0.290 -0.230 -0.300 -0.210 -0.240 -0.260 -0.260 -0.240 -0.240 -0.230
6.810 6.290 6.110 5.980 5.870 5.730 5.480 5.370 5.220 4.970 4.820 4.690 4.400 4.150 3.980 3.650 3.560 3.330 3.140 3.050 2.980 2.940 3.510 3.960 2.790 2.700 0.500 0.110 -0.210 -0.510 -0.570 -0.750 -0.700 -0.580 -0.550 -0.610 -0.700 -0.760 -0.710 -0.570 -0.490 -0.600 -0.510 -0.470 -0.410 -0.420 -0.410 -0.350 -0.350 -0.300 -0.350 -0.330 -0.290 -0.300 -0.320 -0.360 -0.360 -0.400 -0.420 -0.430 -0.420 -0.320 -0.320 -0.300 -0.240 -0.290 -0.310 -0.270 -0.190 -0.260 -0.180 -0.260 -0.180
6.450 6.240 6.060 5.920 5.800 5.610 5.410 5.340 5.150 4.950 4.780 4.600 4.320 4.050 3.870 3.740 3.450 3.320 3.160 2.970 3.070 3.520 3.440 3.240 2.750 1.770 0.760 0.050 -0.250 -0.560 -0.560 -0.730 -0.700 -0.690 -0.770 -0.880 -1.000 -0.850 -0.660 -0.640 -0.580 -0.630 -0.540 -0.490 -0.420 -0.400 -0.370 -0.280 -0.310 -0.350 -0.350 -0.390 -0.280 -0.370 -0.300 -0.370 -0.290 -0.390 -0.360 -0.400 -0.390 -0.330 -0.320 -0.350 -0.350 -0.270 -0.360 -0.280 -0.270 -0.220 -0.290 -0.160 -0.180
6.440 6.240 6.130 5.750 5.590 5.490 5.360 5.210 5.060 4.820 4.680 4.480 4.240 4.060 3.880 3.580 3.460 3.210 3.140 3.100 3.450 3.230 2.720 1.770 0.970 0.700 0.200 0.160 -0.200 -0.590 -0.640 -0.600 -0.800 -0.990 -1.030 -1.060 -1.060 -0.900 -0.770 -0.630 -0.650 -0.570 -0.580 -0.470 -0.490 -0.420 -0.470 -0.380 -0.320 -0.370 -0.320 -0.290 -0.340 -0.260 -0.330 -0.330 -0.290 -0.380 -0.320 -0.270 -0.330 -0.360 -0.350 -0.310 -0.270 -0.300 -0.260 -0.230 -0.270 -0.200 -0.290 -0.200 -0.180
6.420 6.130 5.810 5.650 5.520 5.300 5.180 5.110 4.930 4.780 4.630 4.440 4.300 3.970 3.810 3.590 3.360 3.180 3.120 3.580 3.370 2.300 0.950 0.170 0.670 0.190 0.430 0.080 -0.380 -0.740 -0.790 -0.890 -1.020 -0.980 -1.180 -0.980 -0.980 -0.810 -0.760 -0.690 -0.690 -0.590 -0.470 -0.520 -0.460 -0.480 -0.430 -0.420 -0.410 -0.440 -0.370 -0.300 -0.300 -0.220 -0.270 -0.250 -0.300 -0.230 -0.250 -0.220 -0.290 -0.350 -0.370 -0.240 -0.300 -0.260 -0.270 -0.260 -0.220 -0.260 -0.180 -0.190 -0.270
