0925_6225/LITTO3D_FRA_0928_6222_20150529_LAMB93_RGF93_IGN69/MNT5m/LITTO3D_FRA_0928_6222_MNT5_20150529_LAMB93_RGF93_IGN69.asc
ncols 200
nrows 200
xllcenter 928000.000
yllcenter 6221005.000
cellsize 5.0000
nodata_value -99999
[rows 32 to 63 of 200, columns 71 to 141 of 200]
-99999 -99999 -99999 -99999 -99999 -99999 -99999 -99999 -99999 -99999 -99999 -99999 -99999 -99999 -99999 -99999 -99999 -99999 -99999 -46.500 -46.150 -45.870 -45.830 -45.750 -45.550 -45.720 -45.570 -45.280 -45.090 -45.050 -44.960 -44.620 -44.390 -44.150 -44.360 -44.300 -44.070 -43.960 -43.520 -43.670 -43.430 -43.000 -42.720 -42.380 -42.260 -42.380 -42.010 -41.840 -41.680 -41.480 -41.170 -41.000 -40.650 -40.480 -40.170 -40.040 -39.840 -39.640 -39.500 -39.190 -38.890 -38.710 -38.500 -38.210 -38.420 -37.860 -37.700 -37.370 -37.430 -37.710 -37.470
-99999 -99999 -99999 -99999 -99999 -99999 -99999 -99999 -99999 -99999 -99999 -99999 -99999 -99999 -99999 -99999 -99999 -99999 -99999 -46.070 -46.040 -46.180 -46.080 -45.510 -45.800 -45.380 -45.090 -45.340 -45.070 -44.990 -45.150 -45.070 -44.520 -44.380 -44.300 -44.330 -44.200 -44.010 -43.880 -43.920 -43.200 -43.130 -42.900 -42.750 -42.700 -42.320 -42.000 -42.140 -41.660 -41.550 -41.240 -41.200 -40.670 -40.610 -40.370 -39.980 -39.720 -39.510 -39.380 -39.070 -39.010 -38.750 -38.580 -38.330 -38.660 -37.960 -38.110 -37.830 -37.780 -37.570 -37.180
-99999 -99999 -99999 -99999 -99999 -99999 -99999 -99999 -99999 -99999 -99999 -99999 -99999 -99999 -99999 -99999 -99999 -99999 -99999 -46.120 -46.000 -46.200 -46.220 -45.810 -45.840 -45.980 -45.580 -45.480 -45.580 -45.100 -45.180 -44.860 -44.570 -44.580 -44.570 -44.450 -44.490 -44.090 -43.990 -43.770 -43.510 -43.540 -43.270 -42.960 -42.380 -42.570 -42.300 -42.070 -42.100 -41.710 -41.190 -41.370 -40.700 -40.470 -40.160 -40.090 -39.790 -39.570 -39.230 -39.320 -38.830 -39.130 -38.700 -38.670 -37.940 -37.980 -37.770 -37.920 -37.580 -37.520 -37.110
-99999 -99999 -99999 -99999 -99999 -99999 -99999 -99999 -99999 -99999 -99999 -99999 -99999 -99999 -99999 -99999 -99999 -99999 -99999 -99999 -46.090 -46.160 -46.180 -46.070 -45.750 -46.190 -45.930 -45.860 -45.840 -45.300 -44.890 -44.750 -45.040 -44.960 -44.610 -44.580 -44.180 -44.040 -44.050 -43.630 -43.200 -43.360 -43.280 -42.810 -42.700 -42.550 -42.590 -42.120 -42.030 -41.520 -41.300 -41.330 -40.900 -40.530 -40.290 -40.170 -39.860 -39.540 -39.300 -39.060 -38.780 -38.510 -38.310 -38.820 -38.230 -37.920 -37.530 -37.510 -37.500 -37.490 -37.380
-99999 -99999 -99999 -99999 -99999 -99999 -99999 -99999 -99999 -99999 -99999 -99999 -99999 -99999 -99999 -99999 -99999 -99999 -99999 -99999 -99999 -99999 -46.120 -46.120 -46.110 -46.080 -46.000 -46.160 -46.070 -45.640 -45.300 -45.180 -45.070 -45.280 -45.100 -44.450 -44.230 -44.020 -44.340 -44.000 -43.750 -43.350 -43.220 -43.000 -43.200 -42.870 -42.380 -41.920 -42.050 -41.910 -41.610 -41.070 -40.990 -40.590 -40.380 -40.150 -39.850 -39.440 -39.390 -38.990 -39.020 -38.490 -38.250 -38.270 -38.010 -37.970 -37.220 -37.130 -37.330 -37.130 -37.050
-99999 -99999 -99999 -99999 -99999 -99999 -99999 -99999 -99999 -99999 -99999 -99999 -99999 -99999 -99999 -99999 -99999 -99999 -99999 -99999 -99999 -99999 -99999 -46.250 -46.250 -46.600 -46.250 -46.200 -46.120 -45.860 -45.880 -45.430 -45.190 -45.070 -44.960 -45.180 -44.760 -44.770 -44.170 -43.950 -43.760 -43.500 -43.460 -43.320 -43.000 -42.890 -42.600 -42.220 -42.130 -41.580 -41.690 -41.350 -40.950 -40.630 -40.400 -40.120 -39.810 -39.280 -39.220 -38.870 -38.610 -38.420 -38.090 -38.270 -38.170 -37.830 -37.900 -37.670 -37.210 -37.580 -37.270
-99999 -99999 -99999 -99999 -99999 -99999 -99999 -99999 -99999 -99999 -99999 -99999 -99999 -99999 -99999 -99999 -99999 -99999 -99999 -99999 -99999 -99999 -99999 -99999 -46.380 -46.500 -46.500 -46.080 -46.030 -45.720 -45.790 -45.480 -45.270 -45.220 -45.170 -45.010 -44.750 -44.600 -44.420 -44.090 -44.030 -43.840 -43.540 -43.260 -42.890 -42.750 -42.680 -42.260 -42.100 -42.060 -41.520 -41.340 -41.120 -40.600 -40.290 -40.160 -39.650 -39.440 -39.190 -38.920 -38.690 -38.380 -38.010 -38.440 -37.950 -38.080 -37.670 -38.020 -37.350 -37.450 -37.210
-99999 -99999 -99999 -99999 -99999 -99999 -99999 -99999 -99999 -99999 -99999 -99999 -99999 -99999 -99999 -99999 -99999 -99999 -99999 -99999 -99999 -99999 -99999 -99999 -99999 -46.570 -46.660 -46.300 -46.070 -45.900 -45.700 -45.230 -45.060 -45.300 -45.170 -45.120 -45.010 -44.780 -44.630 -44.360 -44.150 -43.690 -43.250 -43.270 -43.020 -42.940 -42.780 -42.430 -42.230 -41.900 -41.500 -41.260 -41.030 -40.670 -40.390 -39.900 -39.590 -39.450 -39.110 -38.830 -38.540 -38.190 -38.230 -37.720 -37.940 -38.080 -37.580 -37.910 -37.560 -37.380 -37.330
-99999 -99999 -99999 -99999 -99999 -99999 -99999 -99999 -99999 -99999 -99999 -99999 -99999 -99999 -99999 -99999 -99999 -99999 -99999 -99999 -99999 -99999 -99999 -99999 -99999 -46.590 -46.790 -46.800 -46.400 -46.070 -45.650 -45.520 -45.170 -45.370 -45.240 -45.300 -45.110 -44.800 -44.500 -44.630 -44.380 -43.780 -43.630 -43.430 -43.190 -43.080 -42.830 -42.440 -42.160 -41.600 -41.660 -41.250 -40.750 -40.560 -40.310 -40.130 -39.900 -39.430 -39.030 -38.740 -38.390 -38.100 -38.140 -37.830 -37.360 -37.250 -37.710 -37.560 -37.330 -37.400 -37.180
-99999 -99999 -99999 -99999 -99999 -99999 -99999 -99999 -99999 -99999 -99999 -99999 -99999 -99999 -99999 -99999 -99999 -99999 -99999 -99999 -99999 -99999 -99999 -99999 -99999 -46.690 -46.750 -46.950 -46.300 -45.870 -46.080 -46.370 -45.740 -45.660 -45.710 -45.110 -45.000 -44.930 -44.700 -44.570 -44.240 -44.060 -43.810 -43.370 -43.020 -43.040 -42.490 -42.490 -42.570 -42.070 -41.590 -41.300 -41.410 -40.650 -40.250 -39.960 -39.640 -39.250 -39.100 -38.680 -38.420 -38.040 -38.010 -37.630 -37.300 -37.200 -37.000 -37.260 -37.220 -37.020 -37.040
-99999 -99999 -99999 -99999 -99999 -99999 -99999 -99999 -99999 -99999 -99999 -99999 -99999 -99999 -99999 -99999 -99999 -99999 -99999 -99999 -99999 -99999 -99999 -99999 -99999 -99999 -46.750 -46.820 -46.440 -46.240 -46.490 -46.240 -46.060 -45.350 -45.860 -45.520 -45.250 -44.850 -44.480 -44.340 -44.360 -44.040 -43.750 -43.480 -43.340 -43.080 -42.550 -42.420 -42.240 -41.780 -41.730 -41.300 -41.130 -40.540 -40.270 -40.110 -39.520 -39.170 -38.870 -38.470 -38.350 -37.910 -37.640 -37.360 -37.230 -36.860 -36.880 -36.770 -36.930 -37.350 -37.060
-99999 -99999 -99999 -99999 -99999 -99999 -99999 -99999 -99999 -99999 -99999 -99999 -99999 -99999 -99999 -99999 -99999 -99999 -99999 -99999 -99999 -99999 -99999 -99999 -99999 -99999 -46.850 -46.760 -46.560 -46.420 -46.250 -45.970 -45.830 -45.570 -45.720 -45.520 -45.350 -45.230 -44.790 -44.700 -44.400 -44.260 -44.040 -43.550 -43.630 -43.110 -42.860 -42.570 -42.610 -41.840 -41.450 -41.200 -40.980 -40.570 -40.290 -39.970 -39.560 -39.010 -38.690 -38.550 -38.130 -37.790 -37.370 -36.840 -37.140 -36.950 -36.890 -36.740 -36.650 -36.690 -37.020
-99999 -99999 -99999 -99999 -99999 -99999 -99999 -99999 -99999 -99999 -99999 -99999 -99999 -99999 -99999 -99999 -99999 -99999 -99999 -99999 -99999 -99999 -99999 -99999 -99999 -99999 -46.960 -46.720 -46.600 -46.550 -46.140 -45.860 -45.980 -45.700 -45.650 -45.460 -45.380 -45.260 -44.930 -44.750 -44.480 -44.210 -43.880 -43.390 -43.180 -42.940 -42.660 -42.670 -42.260 -42.010 -41.370 -41.150 -40.710 -40.680 -40.310 -39.910 -39.630 -39.300 -38.610 -38.180 -37.790 -37.450 -37.100 -36.830 -36.970 -36.780 -36.780 -36.460 -36.580 -36.610 -36.460
-99999 -99999 -99999 -99999 -99999 -99999 -99999 -99999 -99999 -99999 -99999 -99999 -99999 -99999 -99999 -99999 -99999 -99999 -99999 -99999 -99999 -99999 -99999 -99999 -99999 -99999 -46.940 -46.520 -46.460 -46.400 -46.460 -45.930 -45.680 -45.680 -45.990 -45.450 -45.430 -45.220 -44.840 -44.530 -44.340 -44.010 -43.860 -43.430 -43.360 -42.940 -43.060 -42.400 -42.130 -41.670 -41.180 -41.150 -40.640 -40.550 -40.190 -39.720 -39.330 -39.110 -38.630 -37.850 -37.540 -37.190 -37.030 -36.850 -36.340 -36.630 -36.620 -36.370 -36.610 -36.630 -36.840
-99999 -99999 -99999 -99999 -99999 -99999 -99999 -99999 -99999 -99999 -99999 -99999 -99999 -99999 -99999 -99999 -99999 -99999 -99999 -99999 -99999 -99999 -99999 -99999 -99999 -99999 -99999 -46.580 -46.860 -46.620 -46.350 -46.220 -46.440 -46.310 -45.980 -45.880 -45.500 -45.230 -44.900 -44.560 -44.220 -44.170 -43.990 -43.550 -43.390 -43.020 -42.570 -42.370 -41.840 -41.690 -41.440 -41.110 -40.710 -40.490 -39.980 -39.320 -39.000 -38.830 -38.080 -37.580 -37.360 -37.190 -36.840 -36.790 -36.540 -36.310 -36.330 -36.400 -36.560 -36.690 -36.710
-99999 -99999 -99999 -99999 -99999 -99999 -99999 -99999 -99999 -99999 -99999 -99999 -99999 -99999 -99999 -99999 -99999 -99999 -99999 -99999 -99999 -99999 -99999 -99999 -99999 -99999 -99999 -47.020 -46.930 -46.840 -46.330 -46.140 -46.100 -46.080 -46.190 -46.040 -45.500 -45.120 -44.990 -44.660 -44.310 -44.060 -43.860 -43.830 -43.380 -42.970 -42.770 -42.420 -41.960 -41.840 -41.400 -40.980 -40.640 -40.250 -39.880 -39.260 -38.970 -38.440 -37.910 -37.530 -37.130 -37.010 -36.640 -36.470 -36.410 -36.480 -36.350 -36.200 -36.420 -36.710 -36.890
-99999 -99999 -99999 -99999 -99999 -99999 -99999 -99999 -99999 -99999 -99999 -99999 -99999 -99999 -99999 -99999 -99999 -99999 -99999 -99999 -99999 -99999 -99999 -99999 -99999 -99999 -99999 -99999 -46.770 -47.060 -46.580 -46.560 -46.410 -46.140 -46.470 -46.250 -45.720 -44.660 -44.900 -44.250 -44.340 -44.340 -44.170 -43.870 -43.330 -43.070 -42.740 -42.470 -42.100 -41.840 -41.500 -40.950 -40.570 -40.300 -39.980 -39.250 -38.900 -38.350 -37.820 -37.480 -37.080 -36.630 -36.540 -36.420 -36.600 -36.600 -36.470 -36.470 -36.520 -36.910 -37.000
-99999 -99999 -99999 -99999 -99999 -99999 -99999 -99999 -99999 -99999 -99999 -99999 -99999 -99999 -99999 -99999 -99999 -99999 -99999 -99999 -99999 -99999 -99999 -99999 -99999 -99999 -99999 -99999 -47.090 -46.930 -46.820 -46.660 -46.340 -46.130 -46.490 -46.370 -45.990 -45.160 -45.180 -44.760 -44.480 -44.460 -44.130 -43.660 -43.450 -43.150 -42.840 -42.590 -42.120 -41.800 -41.210 -40.780 -40.250 -40.100 -39.670 -39.250 -38.640 -38.310 -37.970 -37.760 -36.840 -36.810 -36.760 -36.650 -36.650 -36.660 -36.790 -36.770 -36.860 -37.080 -37.260
-99999 -99999 -99999 -99999 -99999 -99999 -99999 -99999 -99999 -99999 -99999 -99999 -99999 -99999 -99999 -99999 -99999 -99999 -99999 -99999 -99999 -99999 -99999 -99999 -99999 -99999 -99999 -99999 -99999 -46.970 -47.040 -46.870 -46.670 -45.790 -45.590 -46.030 -45.860 -45.340 -45.320 -45.040 -44.570 -44.130 -43.830 -43.820 -43.760 -43.060 -42.850 -42.840 -42.260 -41.570 -40.990 -40.630 -40.410 -40.140 -39.710 -39.420 -38.940 -38.310 -38.310 -37.360 -36.840 -36.810 -36.730 -36.830 -36.930 -37.100 -36.840 -37.240 -37.250 -37.250 -37.530
-99999 -99999 -99999 -99999 -99999 -99999 -99999 -99999 -99999 -99999 -99999 -99999 -99999 -99999 -99999 -99999 -99999 -99999 -99999 -99999 -99999 -99999 -99999 -99999 -99999 -99999 -99999 -99999 -99999 -47.170 -47.110 -47.000 -46.860 -46.100 -46.400 -46.220 -45.800 -45.500 -45.270 -45.120 -45.000 -44.610 -43.910 -43.900 -43.630 -43.190 -42.760 -42.570 -42.310 -41.600 -41.260 -40.450 -40.270 -40.050 -39.760 -39.310 -38.840 -38.650 -38.410 -37.700 -37.020 -37.280 -37.350 -37.280 -37.360 -37.460 -37.430 -37.370 -37.620 -37.650 -38.120
-99999 -99999 -99999 -99999 -99999 -99999 -99999 -99999 -99999 -99999 -99999 -99999 -99999 -99999 -99999 -99999 -99999 -99999 -99999 -99999 -99999 -99999 -99999 -99999 -99999 -99999 -99999 -99999 -99999 -99999 -47.160 -47.080 -46.620 -46.250 -45.670 -46.030 -45.710 -45.400 -45.360 -45.100 -45.030 -44.500 -43.960 -43.940 -43.700 -43.140 -42.820 -42.600 -42.120 -41.910 -41.280 -41.040 -40.460 -40.210 -39.670 -39.380 -39.060 -38.880 -38.680 -38.150 -37.790 -37.520 -37.350 -37.650 -37.490 -37.420 -37.660 -37.600 -37.680 -37.960 -38.310
-99999 -99999 -99999 -99999 -99999 -99999 -99999 -99999 -99999 -99999 -99999 -99999 -99999 -99999 -99999 -99999 -99999 -99999 -99999 -99999 -99999 -99999 -99999 -99999 -99999 -99999 -99999 -99999 -99999 -99999 -99999 -47.030 -46.600 -46.190 -46.280 -45.930 -45.650 -45.480 -45.560 -45.060 -44.890 -44.390 -44.140 -43.950 -43.640 -43.530 -42.960 -42.660 -42.120 -41.990 -41.490 -41.360 -40.750 -40.550 -39.820 -39.490 -39.340 -38.930 -38.530 -38.410 -38.170 -37.970 -37.640 -37.920 -37.760 -37.860 -37.880 -37.910 -38.240 -38.220 -38.270
-99999 -99999 -99999 -99999 -99999 -99999 -99999 -99999 -99999 -99999 -99999 -99999 -99999 -99999 -99999 -99999 -99999 -99999 -99999 -99999 -99999 -99999 -99999 -99999 -99999 -99999 -99999 -99999 -99999 -99999 -99999 -47.050 -46.640 -46.670 -46.370 -46.070 -45.840 -45.740 -45.470 -45.050 -44.870 -44.470 -44.180 -43.970 -43.590 -43.200 -42.870 -42.600 -42.070 -42.030 -41.690 -41.490 -40.790 -40.620 -40.200 -39.710 -39.570 -39.190 -38.800 -38.650 -38.420 -38.270 -38.000 -37.920 -38.060 -38.240 -38.140 -37.850 -38.200 -38.490 -38.410
-99999 -99999 -99999 -99999 -99999 -99999 -99999 -99999 -99999 -99999 -99999 -99999 -99999 -99999 -99999 -99999 -99999 -99999 -99999 -99999 -99999 -99999 -99999 -99999 -99999 -99999 -99999 -99999 -99999 -99999 -99999 -47.250 -47.100 -46.940 -46.280 -46.050 -46.050 -45.900 -45.530 -44.870 -44.830 -44.400 -44.000 -43.810 -43.670 -43.550 -43.070 -42.750 -42.240 -41.980 -41.440 -41.310 -41.120 -40.560 -40.300 -40.000 -39.610 -39.400 -39.280 -39.000 -38.790 -38.480 -38.170 -38.220 -38.240 -38.340 -38.120 -38.040 -38.410 -38.460 -38.590
-99999 -99999 -99999 -99999 -99999 -99999 -99999 -99999 -99999 -99999 -99999 -99999 -99999 -99999 -99999 -99999 -99999 -99999 -99999 -99999 -99999 -99999 -99999 -99999 -99999 -99999 -99999 -99999 -99999 -99999 -99999 -99999 -47.040 -46.890 -46.640 -46.380 -46.360 -45.860 -45.520 -45.110 -44.820 -44.390 -44.120 -43.850 -43.870 -43.480 -43.510 -42.640 -42.510 -42.190 -41.700 -41.510 -41.190 -40.900 -40.760 -40.530 -40.010 -39.770 -39.410 -39.370 -39.070 -38.690 -38.770 -38.730 -38.570 -38.710 -38.670 -38.660 -38.420 -38.790 -39.110
-99999 -99999 -99999 -99999 -99999 -99999 -99999 -99999 -99999 -99999 -99999 -99999 -99999 -99999 -99999 -99999 -99999 -99999 -99999 -99999 -99999 -99999 -99999 -99999 -99999 -99999 -99999 -99999 -99999 -99999 -99999 -99999 -47.140 -46.900 -46.900 -46.610 -46.160 -45.900 -45.510 -45.250 -45.030 -44.940 -44.440 -43.960 -43.990 -43.500 -43.340 -43.020 -42.750 -42.350 -42.090 -41.700 -41.450 -41.040 -40.900 -40.430 -40.250 -39.970 -39.600 -39.390 -39.020 -39.190 -39.010 -38.810 -38.500 -38.990 -38.450 -38.680 -38.630 -38.850 -38.960
-99999 -99999 -99999 -99999 -99999 -99999 -99999 -99999 -99999 -99999 -99999 -99999 -99999 -99999 -99999 -99999 -99999 -99999 -99999 -99999 -99999 -99999 -99999 -99999 -99999 -99999 -99999 -99999 -99999 -99999 -99999 -99999 -47.350 -46.890 -46.710 -46.890 -46.370 -45.930 -45.650 -45.460 -45.390 -44.840 -44.810 -44.330 -43.860 -43.880 -43.520 -43.330 -43.150 -42.910 -42.320 -41.680 -41.740 -41.490 -41.120 -40.830 -40.310 -40.120 -40.070 -39.920 -39.350 -39.450 -39.250 -38.830 -38.800 -38.800 -38.790 -38.590 -38.860 -38.870 -38.900
-99999 -99999 -99999 -99999 -99999 -99999 -99999 -99999 -99999 -99999 -99999 -99999 -99999 -99999 -99999 -99999 -99999 -99999 -99999 -99999 -99999 -99999 -99999 -99999 -99999 -99999 -99999 -99999 -99999 -99999 -99999 -99999 -99999 -47.180 -46.820 -46.780 -46.580 -46.180 -45.810 -45.600 -45.400 -45.000 -44.430 -44.880 -44.110 -43.950 -43.880 -43.660 -43.240 -42.980 -42.490 -42.240 -41.700 -41.590 -41.210 -40.800 -40.740 -40.280 -40.240 -39.750 -39.730 -39.590 -39.380 -38.910 -38.850 -39.010 -38.950 -38.860 -39.050 -38.960 -39.140
-99999 -99999 -99999 -99999 -99999 -99999 -99999 -99999 -99999 -99999 -99999 -99999 -99999 -99999 -99999 -99999 -99999 -99999 -99999 -99999 -99999 -99999 -99999 -99999 -99999 -99999 -99999 -99999 -99999 -99999 -99999 -99999 -99999 -47.340 -46.990 -46.820 -46.570 -46.250 -45.940 -45.620 -45.480 -45.250 -44.750 -45.190 -44.540 -44.290 -44.170 -43.900 -43.560 -43.110 -43.090 -42.450 -41.850 -41.740 -41.770 -41.280 -40.870 -40.440 -40.120 -39.910 -39.950 -39.770 -39.540 -39.390 -38.950 -38.880 -38.830 -39.150 -39.270 -39.300 -39.250
-99999 -99999 -99999 -99999 -99999 -99999 -99999 -99999 -99999 -99999 -99999 -99999 -99999 -99999 -99999 -99999 -99999 -99999 -99999 -99999 -99999 -99999 -99999 -99999 -99999 -99999 -99999 -99999 -99999 -99999 -99999 -99999 -99999 -99999 -47.190 -46.850 -46.690 -46.350 -46.060 -45.950 -45.750 -45.380 -45.020 -45.180 -45.110 -44.570 -44.430 -44.150 -44.010 -43.680 -43.460 -43.000 -42.540 -42.120 -41.760 -41.470 -41.120 -40.870 -40.280 -40.390 -40.000 -39.890 -39.790 -39.850 -39.500 -39.530 -39.300 -39.070 -39.700 -39.760 -39.770
-99999 -99999 -99999 -99999 -99999 -99999 -99999 -99999 -99999 -99999 -99999 -99999 -99999 -99999 -99999 -99999 -99999 -99999 -99999 -99999 -99999 -99999 -99999 -99999 -99999 -99999 -99999 -99999 -99999 -99999 -99999 -99999 -99999 -99999 -47.330 -46.940 -46.550 -46.300 -46.300 -45.880 -45.710 -45.670 -45.550 -45.350 -45.180 -44.840 -44.610 -44.300 -44.220 -44.210 -43.700 -43.070 -42.490 -42.170 -42.020 -41.650 -41.230 -41.310 -40.710 -40.390 -40.240 -40.070 -39.880 -39.390 -39.620 -39.420 -39.640 -39.780 -40.000 -40.180 -39.650
-99999 -99999 -99999 -99999 -99999 -99999 -99999 -99999 -99999 -99999 -99999 -99999 -99999 -99999 -99999 -99999 -99999 -99999 -99999 -99999 -99999 -99999 -99999 -99999 -99999 -99999 -99999 -99999 -99999 -99999 -99999 -99999 -99999 -99999 -47.240 -47.010 -46.610 -46.450 -46.660 -46.680 -46.400 -45.970 -46.000 -45.820 -45.450 -45.050 -45.150 -44.730 -44.330 -44.240 -44.070 -43.600 -43.020 -42.890 -42.420 -42.010 -41.700 -41.490 -41.470 -41.100 -40.870 -40.460 -40.270 -40.170 -40.120 -40.230 -40.190 -40.120 -40.330 -40.550 -40.530
