0925_6225/LITTO3D_FRA_0928_6222_20150529_LAMB93_RGF93_IGN69/MNT5m/LITTO3D_FRA_0928_6222_MNT5_20150529_LAMB93_RGF93_IGN69.asc
ncols 200
nrows 200
xllcenter 928000.000
yllcenter 6221005.000
cellsize 5.0000
nodata_value -99999
[rows 0 to 31 of 200, columns 71 to 141 of 200]
-39.180 -39.200 -39.260 -39.250 -39.030 -39.310 -38.890 -38.100 -37.930 -37.850 -37.010 -37.330 -37.910 -38.380 -38.360 -38.430 -38.230 -38.340 -38.560 -37.990 -37.940 -38.450 -38.130 -38.180 -38.070 -37.930 -38.280 -37.470 -37.330 -37.430 -37.590 -37.060 -31.980 -36.590 -37.060 -36.960 -36.370 -36.650 -37.300 -36.710 -36.800 -36.560 -36.590 -36.420 -36.260 -35.630 -35.510 -35.450 -35.270 -35.530 -36.030 -35.220 -35.360 -35.200 -35.010 -35.060 -35.330 -35.010 -34.880 -34.390 -34.460 -33.910 -33.710 -33.270 -33.290 -32.910 -32.810 -32.620 -32.290 -32.360 -31.820
-39.860 -39.630 -39.790 -39.590 -39.680 -39.630 -39.730 -39.510 -39.180 -37.700 -37.290 -37.420 -37.940 -38.200 -38.240 -38.370 -38.560 -38.200 -38.450 -38.680 -38.380 -38.470 -38.190 -38.380 -38.210 -37.880 -37.670 -37.660 -37.770 -37.950 -37.270 -37.570 -37.160 -37.000 -37.240 -37.240 -37.240 -36.720 -37.170 -37.070 -36.930 -36.850 -36.640 -36.560 -36.470 -36.170 -35.450 -35.130 -35.210 -35.300 -35.780 -36.030 -35.740 -36.080 -35.680 -35.440 -35.220 -35.100 -34.930 -34.860 -34.810 -34.540 -34.350 -34.120 -33.740 -33.460 -33.280 -33.220 -32.910 -32.490 -32.240
-40.540 -40.080 -40.050 -40.170 -39.960 -40.180 -39.910 -39.710 -39.870 -39.300 -38.730 -38.300 -38.570 -39.290 -39.030 -39.000 -38.880 -39.240 -38.910 -39.100 -38.850 -38.430 -38.300 -38.240 -38.460 -38.690 -37.930 -38.530 -38.320 -37.860 -37.740 -37.980 -37.950 -37.200 -37.100 -37.150 -37.600 -37.100 -36.800 -37.110 -37.130 -37.000 -36.850 -36.480 -36.630 -36.730 -36.030 -36.080 -36.040 -35.710 -35.910 -36.020 -36.060 -36.020 -35.990 -35.840 -36.220 -35.810 -35.790 -35.030 -35.150 -34.820 -34.320 -34.190 -34.210 -33.540 -33.290 -33.100 -33.230 -32.870 -32.630
-40.840 -40.380 -40.250 -40.670 -40.420 -39.970 -39.960 -40.000 -39.950 -40.260 -39.760 -39.390 -38.990 -38.950 -38.800 -39.240 -38.870 -39.050 -39.260 -38.750 -38.730 -38.460 -38.300 -38.590 -38.800 -38.360 -38.560 -38.540 -38.190 -37.820 -38.500 -37.500 -37.510 -37.420 -37.410 -37.210 -37.320 -37.230 -37.120 -37.060 -37.180 -36.910 -36.900 -36.620 -37.320 -36.500 -36.000 -36.280 -36.340 -36.560 -36.820 -36.470 -36.380 -36.210 -36.360 -36.320 -35.940 -35.980 -35.710 -35.390 -35.350 -35.230 -35.080 -34.520 -34.370 -34.250 -33.980 -33.870 -33.320 -32.790 -33.070
-41.370 -41.090 -40.480 -40.360 -40.890 -40.360 -39.790 -40.340 -40.500 -40.560 -40.230 -39.840 -39.560 -39.330 -39.260 -39.560 -39.490 -39.280 -39.490 -38.810 -39.240 -38.920 -38.680 -38.660 -38.840 -38.490 -38.200 -38.410 -38.200 -37.950 -37.890 -37.660 -37.860 -37.840 -37.720 -37.730 -37.710 -37.520 -37.360 -37.830 -37.500 -37.330 -37.300 -37.450 -37.320 -37.340 -36.430 -36.660 -36.640 -37.010 -36.740 -36.870 -36.580 -36.490 -36.390 -36.210 -36.100 -36.170 -36.140 -35.720 -35.430 -35.340 -35.290 -34.790 -34.690 -34.520 -34.160 -34.020 -33.470 -33.580 -33.120
-41.790 -41.920 -41.080 -40.700 -40.680 -41.270 -40.800 -40.690 -40.330 -40.620 -40.370 -40.210 -39.790 -39.400 -39.500 -39.570 -39.680 -39.620 -39.350 -39.290 -39.260 -39.540 -39.190 -39.050 -39.370 -38.700 -38.790 -38.640 -38.450 -38.260 -38.280 -38.140 -38.200 -37.920 -38.010 -38.150 -37.900 -37.840 -37.850 -37.840 -37.670 -38.090 -38.110 -37.290 -37.390 -36.700 -36.510 -36.590 -37.140 -37.170 -37.080 -37.160 -37.540 -36.570 -36.790 -36.760 -36.490 -36.370 -36.420 -36.290 -35.870 -35.780 -35.370 -34.930 -34.870 -34.510 -34.250 -34.090 -33.880 -33.670 -33.050
-41.800 -41.720 -41.610 -41.150 -40.910 -40.780 -40.970 -40.870 -40.930 -40.510 -40.730 -40.470 -40.250 -40.090 -40.040 -39.710 -39.800 -39.890 -39.540 -39.920 -39.670 -39.630 -39.710 -39.480 -39.300 -39.260 -38.990 -38.760 -38.570 -38.640 -38.760 -38.660 -38.360 -38.140 -38.550 -38.340 -38.270 -38.260 -38.290 -38.210 -38.110 -37.930 -38.090 -37.720 -37.810 -37.000 -36.990 -37.340 -37.660 -37.190 -37.750 -37.180 -36.930 -37.180 -37.220 -37.070 -36.780 -36.660 -36.760 -36.190 -36.210 -36.130 -35.750 -35.390 -35.100 -34.750 -34.550 -34.200 -33.990 -33.860 -33.260
-42.010 -42.280 -42.260 -41.230 -41.060 -41.210 -41.240 -41.050 -41.010 -41.120 -41.260 -40.920 -40.700 -40.640 -40.370 -40.080 -40.200 -40.420 -40.510 -39.980 -39.940 -40.170 -40.050 -39.890 -39.720 -39.430 -39.440 -39.440 -39.020 -38.990 -39.120 -38.850 -38.930 -38.600 -38.450 -38.450 -38.440 -38.720 -38.470 -38.280 -38.390 -38.170 -38.150 -38.260 -38.000 -38.040 -37.950 -37.960 -38.280 -37.670 -37.290 -37.170 -37.350 -37.750 -37.420 -37.620 -36.880 -36.840 -36.540 -36.680 -36.510 -36.260 -36.210 -35.680 -36.050 -35.420 -35.050 -34.490 -34.250 -33.850 -33.560
-42.010 -42.630 -42.030 -41.520 -41.550 -41.720 -41.620 -41.470 -41.640 -41.490 -41.620 -41.550 -41.130 -40.600 -40.650 -40.520 -40.350 -40.440 -40.480 -40.360 -40.170 -40.050 -40.100 -40.150 -40.160 -39.760 -40.170 -40.030 -39.610 -39.410 -39.350 -39.380 -38.920 -38.770 -38.900 -38.730 -38.760 -38.570 -38.650 -38.470 -38.300 -38.430 -38.790 -38.250 -38.200 -38.310 -38.850 -38.270 -38.190 -37.820 -37.830 -38.170 -37.660 -38.020 -37.660 -37.700 -36.920 -37.080 -36.960 -36.830 -36.600 -36.680 -36.500 -36.530 -36.150 -36.010 -35.440 -34.730 -34.980 -34.250 -33.850
-99999 -42.970 -42.540 -42.240 -42.040 -42.090 -42.010 -42.080 -42.220 -41.980 -41.960 -41.810 -41.650 -41.560 -41.470 -41.290 -41.080 -40.790 -40.910 -40.760 -40.670 -40.530 -40.470 -40.520 -40.390 -40.130 -40.130 -40.380 -40.200 -39.980 -39.910 -39.850 -39.590 -39.230 -39.270 -39.240 -39.090 -38.820 -38.830 -38.820 -38.560 -38.660 -38.720 -38.630 -38.790 -38.420 -38.500 -38.190 -38.260 -38.110 -38.090 -37.820 -37.850 -37.850 -37.400 -37.680 -37.500 -37.160 -37.220 -36.870 -37.040 -36.810 -36.160 -36.280 -36.120 -36.140 -35.580 -34.820 -35.220 -34.410 -34.330
-99999 -99999 -43.270 -43.060 -42.860 -42.650 -42.440 -42.290 -42.020 -42.060 -41.970 -41.860 -41.670 -41.400 -41.670 -41.910 -41.660 -41.280 -41.240 -41.200 -41.130 -41.010 -40.870 -40.890 -40.620 -39.860 -40.110 -40.350 -40.600 -40.550 -40.290 -40.030 -39.730 -39.410 -39.550 -39.520 -39.090 -39.310 -39.130 -39.030 -38.820 -38.820 -38.740 -38.940 -38.630 -38.720 -38.780 -38.750 -38.500 -38.460 -38.230 -37.930 -38.230 -38.030 -37.490 -38.110 -37.320 -38.070 -37.370 -37.440 -36.760 -37.050 -36.500 -36.420 -36.230 -35.760 -35.870 -35.220 -35.060 -34.580 -34.330
-99999 -99999 -99999 -43.570 -43.360 -43.150 -42.940 -43.030 -42.780 -42.450 -42.130 -41.260 -41.600 -42.050 -42.150 -42.060 -41.870 -41.680 -41.660 -41.640 -41.590 -41.470 -41.340 -41.210 -40.720 -40.540 -40.810 -41.080 -40.860 -40.590 -40.380 -40.140 -39.830 -39.680 -39.890 -39.850 -39.310 -39.320 -39.300 -39.210 -39.150 -38.910 -38.890 -38.890 -39.130 -38.870 -38.830 -38.980 -38.580 -38.390 -38.230 -38.070 -38.020 -37.920 -37.970 -37.610 -37.550 -37.760 -37.490 -37.250 -37.140 -37.110 -37.190 -36.980 -36.800 -36.210 -35.930 -35.680 -35.020 -35.020 -34.820
-99999 -99999 -99999 -99999 -99999 -43.650 -43.440 -43.390 -43.530 -43.240 -43.000 -42.530 -42.650 -42.530 -42.530 -42.490 -42.270 -42.080 -42.010 -42.060 -42.030 -41.920 -41.800 -41.560 -41.660 -41.490 -41.480 -41.150 -40.820 -40.750 -40.600 -40.470 -40.300 -39.980 -40.090 -40.000 -39.650 -39.720 -39.800 -39.520 -39.520 -39.150 -39.170 -39.040 -38.970 -38.990 -38.860 -38.690 -38.650 -38.570 -38.390 -38.440 -38.170 -38.540 -37.980 -37.710 -38.100 -37.880 -37.480 -37.310 -37.170 -36.980 -37.200 -36.620 -36.770 -36.770 -36.600 -35.980 -36.020 -35.560 -35.160
-99999 -99999 -99999 -99999 -99999 -99999 -43.940 -43.740 -43.900 -43.650 -43.470 -43.410 -43.040 -42.620 -42.660 -42.920 -42.700 -42.480 -42.360 -42.410 -42.460 -42.380 -42.020 -41.860 -41.920 -41.770 -41.410 -41.080 -41.070 -40.900 -40.880 -40.790 -40.770 -40.650 -40.220 -40.010 -40.170 -39.940 -39.800 -39.710 -39.510 -39.530 -39.540 -39.340 -39.280 -39.160 -39.110 -38.900 -38.780 -38.720 -38.720 -38.540 -38.280 -38.120 -38.050 -37.960 -38.030 -38.100 -37.700 -37.640 -37.740 -37.480 -37.170 -37.420 -36.780 -36.710 -36.200 -36.140 -36.270 -35.450 -35.180
-99999 -99999 -99999 -99999 -99999 -99999 -99999 -44.240 -43.990 -43.640 -43.660 -43.690 -43.420 -43.000 -42.620 -42.600 -42.610 -42.800 -42.710 -42.760 -42.680 -42.590 -42.220 -42.160 -42.180 -41.810 -41.370 -41.230 -41.340 -41.040 -41.050 -41.070 -40.980 -40.560 -40.250 -40.110 -39.950 -40.070 -40.220 -39.990 -39.740 -39.670 -39.680 -39.260 -39.330 -39.180 -39.180 -39.330 -39.150 -39.080 -38.960 -38.800 -38.460 -38.360 -38.160 -38.580 -38.250 -38.080 -37.780 -37.480 -37.340 -37.350 -37.630 -37.650 -37.180 -36.780 -36.990 -36.420 -36.240 -36.880 -35.870
-99999 -99999 -99999 -99999 -99999 -99999 -99999 -99999 -99999 -43.810 -44.010 -43.120 -43.690 -43.400 -43.230 -43.160 -43.100 -43.030 -42.940 -42.670 -42.430 -42.340 -42.250 -42.200 -41.930 -41.770 -41.850 -41.580 -41.700 -41.350 -41.140 -41.160 -41.290 -41.350 -40.990 -40.850 -40.590 -40.200 -40.370 -40.170 -40.150 -39.680 -39.690 -39.540 -39.450 -39.250 -39.340 -39.440 -39.410 -39.090 -39.040 -38.910 -38.680 -38.530 -38.390 -38.170 -38.390 -38.030 -38.070 -37.780 -37.790 -37.660 -37.500 -37.250 -37.130 -37.090 -37.280 -36.750 -36.710 -36.410 -36.210
-99999 -99999 -99999 -99999 -99999 -99999 -99999 -99999 -99999 -99999 -44.070 -43.920 -43.850 -43.610 -43.450 -43.390 -43.320 -43.230 -43.110 -42.910 -42.610 -42.310 -42.010 -41.840 -41.920 -42.010 -42.090 -42.040 -42.060 -41.700 -41.440 -41.300 -41.740 -41.390 -41.100 -40.950 -40.730 -40.550 -40.500 -40.510 -40.370 -40.010 -39.940 -39.860 -39.670 -39.490 -39.530 -39.480 -39.560 -39.380 -39.210 -39.080 -38.920 -38.710 -38.590 -38.370 -38.370 -38.070 -38.120 -37.900 -37.900 -37.900 -37.590 -37.300 -37.440 -37.270 -37.330 -36.890 -36.620 -36.340 -36.540
-99999 -99999 -99999 -99999 -99999 -99999 -99999 -99999 -99999 -99999 -99999 -99999 -44.120 -43.860 -43.690 -43.610 -43.520 -43.410 -43.290 -43.150 -42.850 -42.550 -42.250 -42.110 -41.960 -42.170 -42.330 -42.410 -42.400 -42.060 -41.860 -41.690 -41.740 -41.700 -41.680 -40.680 -40.980 -41.060 -40.770 -40.810 -40.370 -40.280 -40.170 -39.840 -39.630 -39.590 -39.740 -39.690 -39.530 -39.650 -39.360 -39.500 -39.040 -38.750 -38.670 -38.370 -38.360 -38.160 -38.130 -38.100 -37.970 -37.960 -37.760 -37.430 -37.250 -37.150 -37.050 -36.980 -36.780 -36.440 -36.610
-99999 -99999 -99999 -99999 -99999 -99999 -99999 -99999 -99999 -99999 -99999 -99999 -99999 -99999 -99999 -43.810 -43.700 -43.590 -43.470 -43.360 -43.090 -42.790 -42.600 -42.480 -42.390 -42.080 -42.160 -42.360 -42.640 -42.610 -42.440 -42.220 -41.970 -41.930 -42.100 -41.810 -40.990 -41.030 -41.380 -40.840 -40.570 -40.610 -40.340 -40.180 -40.120 -39.940 -39.950 -39.830 -39.580 -39.650 -39.630 -39.540 -39.360 -38.950 -38.660 -38.540 -38.530 -38.360 -38.400 -38.280 -38.010 -37.860 -37.950 -38.190 -37.570 -37.690 -37.180 -37.750 -37.320 -37.010 -36.320
-99999 -99999 -99999 -99999 -99999 -99999 -99999 -99999 -99999 -99999 -99999 -99999 -99999 -99999 -99999 -99999 -99999 -43.760 -43.650 -43.540 -43.330 -43.080 -42.960 -42.840 -42.720 -42.680 -42.360 -42.150 -42.480 -42.140 -42.700 -42.170 -42.180 -42.200 -41.900 -41.560 -41.480 -41.210 -41.110 -40.610 -40.810 -40.800 -40.480 -40.480 -40.420 -40.200 -40.070 -39.880 -39.960 -39.740 -39.760 -39.600 -39.350 -39.090 -38.890 -38.840 -38.830 -38.960 -38.490 -38.390 -38.260 -38.270 -37.950 -37.710 -37.510 -37.520 -37.340 -37.210 -37.140 -37.010 -36.960
-99999 -99999 -99999 -99999 -99999 -99999 -99999 -99999 -99999 -99999 -99999 -99999 -99999 -99999 -99999 -99999 -99999 -99999 -99999 -99999 -43.570 -43.450 -43.330 -43.210 -43.090 -43.010 -42.960 -42.650 -42.570 -43.010 -42.690 -42.480 -42.400 -42.310 -42.160 -42.040 -41.720 -41.460 -41.390 -40.870 -41.050 -40.860 -40.860 -40.620 -40.370 -40.340 -40.490 -40.260 -40.030 -40.100 -39.990 -39.710 -39.510 -39.260 -39.070 -38.860 -38.750 -38.630 -38.610 -38.420 -38.270 -38.380 -38.310 -38.030 -37.840 -37.900 -37.420 -37.430 -37.340 -37.210 -36.870
-99999 -99999 -99999 -99999 -99999 -99999 -99999 -99999 -99999 -99999 -99999 -99999 -99999 -99999 -99999 -99999 -99999 -99999 -99999 -99999 -99999 -43.620 -43.690 -43.580 -43.460 -43.340 -43.290 -43.250 -43.220 -42.910 -42.690 -42.920 -42.650 -42.650 -42.350 -42.070 -41.890 -41.490 -41.440 -41.350 -41.080 -41.140 -40.970 -40.880 -40.570 -40.210 -40.500 -40.580 -40.280 -40.140 -39.940 -39.640 -39.610 -39.580 -39.190 -39.160 -38.850 -38.700 -39.000 -38.480 -38.700 -38.240 -38.460 -37.750 -37.950 -38.060 -37.540 -37.260 -37.240 -37.210 -37.370
-99999 -99999 -99999 -99999 -99999 -99999 -99999 -99999 -99999 -99999 -99999 -99999 -99999 -99999 -99999 -99999 -99999 -99999 -99999 -99999 -99999 -44.100 -43.710 -43.640 -43.730 -43.700 -43.620 -43.420 -43.550 -43.310 -43.000 -43.020 -42.960 -42.530 -42.480 -42.410 -42.080 -41.900 -41.840 -41.390 -41.440 -41.420 -41.310 -41.010 -40.920 -40.690 -40.790 -40.670 -40.210 -40.280 -40.200 -39.790 -39.660 -39.620 -39.450 -39.430 -39.140 -39.060 -38.790 -38.740 -38.560 -38.780 -38.190 -37.920 -37.830 -37.960 -37.620 -37.430 -37.170 -36.920 -37.060
-99999 -99999 -99999 -99999 -99999 -99999 -99999 -99999 -99999 -99999 -99999 -99999 -99999 -99999 -99999 -99999 -99999 -99999 -99999 -99999 -99999 -44.410 -44.320 -43.820 -43.580 -43.670 -43.190 -43.540 -43.470 -43.270 -43.160 -42.870 -43.040 -42.910 -42.860 -42.460 -42.590 -42.480 -41.770 -41.960 -41.630 -41.680 -41.460 -41.260 -41.060 -40.880 -40.860 -40.750 -40.570 -40.330 -40.080 -40.060 -39.860 -39.720 -39.530 -39.440 -39.230 -38.930 -38.770 -38.730 -38.530 -38.350 -38.280 -38.010 -38.010 -37.760 -37.600 -37.400 -37.200 -37.400 -37.130
-99999 -99999 -99999 -99999 -99999 -99999 -99999 -99999 -99999 -99999 -99999 -99999 -99999 -99999 -99999 -99999 -99999 -99999 -99999 -99999 -99999 -44.720 -44.620 -44.440 -43.940 -43.950 -43.980 -43.760 -43.720 -43.910 -43.520 -42.630 -43.220 -43.080 -43.050 -42.860 -42.520 -42.270 -41.970 -41.840 -41.550 -41.560 -41.500 -41.510 -41.270 -40.990 -41.150 -40.910 -40.740 -40.520 -40.090 -40.260 -39.880 -39.820 -39.570 -39.400 -39.140 -39.100 -38.840 -38.780 -38.560 -38.410 -38.250 -38.250 -38.720 -38.400 -37.710 -37.840 -37.400 -37.400 -36.910
-99999 -99999 -99999 -99999 -99999 -99999 -99999 -99999 -99999 -99999 -99999 -99999 -99999 -99999 -99999 -99999 -99999 -99999 -99999 -99999 -99999 -99999 -44.930 -44.840 -44.650 -44.760 -43.870 -44.060 -44.170 -44.360 -43.570 -43.190 -43.430 -43.100 -43.440 -43.130 -42.900 -42.860 -42.400 -42.500 -42.100 -41.970 -41.710 -41.530 -41.340 -41.210 -41.250 -41.240 -40.980 -40.490 -40.510 -40.490 -40.200 -39.810 -39.610 -39.460 -39.270 -39.120 -39.080 -38.840 -38.710 -38.600 -38.530 -38.030 -38.510 -37.830 -37.810 -37.450 -37.400 -37.600 -37.140
-99999 -99999 -99999 -99999 -99999 -99999 -99999 -99999 -99999 -99999 -99999 -99999 -99999 -99999 -99999 -99999 -99999 -99999 -99999 -99999 -99999 -99999 -45.240 -45.150 -44.420 -44.390 -44.540 -44.340 -44.670 -44.330 -43.940 -43.780 -43.960 -43.700 -43.700 -43.530 -43.140 -42.860 -42.780 -42.380 -42.380 -42.070 -41.850 -41.770 -41.560 -41.620 -41.300 -41.080 -41.130 -40.800 -40.770 -40.580 -40.150 -40.020 -39.810 -39.650 -39.370 -39.230 -39.100 -38.850 -38.780 -38.560 -38.430 -38.290 -38.200 -37.740 -38.030 -38.110 -37.480 -37.110 -37.460
-99999 -99999 -99999 -99999 -99999 -99999 -99999 -99999 -99999 -99999 -99999 -99999 -99999 -99999 -99999 -99999 -99999 -99999 -99999 -99999 -99999 -99999 -45.550 -45.210 -45.320 -44.650 -44.480 -44.140 -44.560 -44.390 -44.200 -44.290 -44.050 -43.900 -43.720 -43.770 -43.160 -43.250 -42.670 -42.860 -42.270 -42.160 -42.000 -41.860 -41.860 -41.650 -41.390 -41.100 -41.080 -41.030 -40.890 -40.550 -40.190 -40.160 -39.920 -39.800 -39.570 -39.310 -39.140 -39.070 -38.760 -38.630 -38.490 -38.030 -38.430 -37.880 -38.180 -37.920 -37.870 -37.640 -37.140
-99999 -99999 -99999 -99999 -99999 -99999 -99999 -99999 -99999 -99999 -99999 -99999 -99999 -99999 -99999 -99999 -99999 -99999 -99999 -99999 -99999 -99999 -45.630 -44.900 -44.850 -45.100 -45.390 -44.990 -44.940 -44.600 -44.140 -44.240 -44.460 -43.990 -43.900 -43.730 -43.260 -43.420 -42.920 -42.910 -42.520 -42.490 -42.030 -41.730 -41.890 -41.810 -41.660 -41.250 -41.180 -41.090 -40.850 -40.580 -40.360 -40.210 -39.940 -39.840 -39.580 -39.370 -39.240 -39.230 -38.720 -39.040 -38.800 -38.260 -38.030 -38.340 -37.830 -37.900 -37.520 -37.300 -36.950
-99999 -99999 -99999 -99999 -99999 -99999 -99999 -99999 -99999 -99999 -99999 -99999 -99999 -99999 -99999 -99999 -99999 -99999 -99999 -99999 -99999 -46.000 -45.290 -44.900 -45.230 -45.350 -45.200 -44.620 -45.050 -44.930 -44.400 -44.260 -44.610 -44.270 -43.740 -43.870 -43.660 -43.580 -43.240 -42.990 -42.940 -42.640 -42.420 -42.320 -42.090 -41.870 -41.680 -41.350 -41.350 -41.370 -41.110 -40.760 -40.560 -40.280 -40.210 -39.640 -39.500 -39.380 -39.280 -38.960 -38.730 -38.810 -38.670 -38.500 -38.290 -38.060 -38.050 -37.570 -37.630 -37.200 -37.050
-99999 -99999 -99999 -99999 -99999 -99999 -99999 -99999 -99999 -99999 -99999 -99999 -99999 -99999 -99999 -99999 -99999 -99999 -99999 -99999 -99999 -45.610 -45.700 -45.070 -45.180 -45.300 -45.310 -44.960 -45.160 -45.170 -44.510 -44.360 -44.580 -44.440 -44.410 -44.040 -43.840 -43.580 -43.090 -43.100 -42.860 -42.910 -42.770 -42.360 -42.270 -42.070 -41.820 -41.910 -41.370 -40.960 -40.860 -41.000 -40.790 -40.350 -40.160 -39.850 -39.610 -39.350 -39.170 -38.980 -38.830 -38.430 -38.560 -38.370 -38.180 -38.300 -37.950 -37.510 -37.500 -37.300 -37.710
-99999 -99999 -99999 -99999 -99999 -99999 -99999 -99999 -99999 -99999 -99999 -99999 -99999 -99999 -99999 -99999 -99999 -99999 -99999 -99999 -46.100 -45.870 -45.650 -45.480 -45.370 -45.720 -45.670 -45.450 -45.250 -45.110 -44.620 -44.290 -44.500 -44.600 -44.890 -44.210 -43.970 -43.830 -43.450 -43.470 -43.170 -42.530 -42.860 -42.680 -42.220 -42.010 -41.910 -41.660 -41.600 -41.340 -41.140 -40.930 -40.610 -40.420 -40.220 -39.810 -39.660 -39.520 -39.460 -39.210 -38.930 -38.530 -38.590 -38.250 -38.030 -37.860 -37.860 -37.720 -37.970 -37.120 -37.240
