0925_6225/LITTO3D_FRA_0927_6225_20150529_LAMB93_RGF93_IGN69/MNT5m/LITTO3D_FRA_0927_6225_MNT5_20150128_LAMB93_RGF93_IGN69.asc
ncols 200
nrows 200
xllcenter 927000.000
yllcenter 6224005.000
cellsize 5.0000
nodata_value -99999
[rows 90 to 119 of 200, columns 0 to 66 of 200]
-14.290 -14.100 -14.810 -14.890 -14.670 -14.610 -14.790 -15.250 -15.810 -16.460 -15.710 -15.920 -16.000 -15.880 -15.830 -15.120 -15.130 -15.690 -15.350 -15.460 -14.810 -14.730 -15.020 -15.380 -15.730 -15.900 -15.110 -14.940 -14.930 -15.550 -15.220 -15.130 -14.930 -15.470 -15.100 -14.660 -14.660 -15.340 -15.570 -15.220 -14.960 -15.070 -14.830 -14.620 -14.550 -14.410 -14.330 -14.010 -13.610 -13.360 -13.190 -12.910 -13.050 -12.930 -12.800 -12.620 -12.480 -12.230 -12.250 -12.110 -11.930 -12.190 -12.390 -11.580 -11.820 -12.030 -11.870
-14.010 -13.660 -14.030 -14.790 -15.360 -15.460 -15.190 -14.580 -14.630 -16.360 -16.230 -15.150 -15.410 -15.370 -16.080 -15.280 -15.010 -14.940 -14.710 -14.950 -15.540 -14.880 -14.890 -15.130 -15.070 -15.630 -15.630 -14.870 -14.720 -14.430 -14.710 -15.500 -15.120 -15.310 -15.110 -15.020 -14.840 -15.580 -14.880 -14.840 -15.380 -14.920 -14.960 -14.740 -14.690 -14.650 -14.390 -14.070 -13.830 -13.570 -13.300 -13.250 -13.530 -13.280 -12.860 -12.850 -12.590 -12.280 -12.300 -12.140 -11.920 -11.980 -11.810 -11.790 -11.720 -11.670 -11.400
-14.610 -14.060 -14.840 -14.490 -14.920 -15.800 -17.090 -15.910 -15.370 -15.250 -16.080 -15.540 -15.250 -14.490 -14.440 -14.870 -14.870 -14.870 -15.140 -14.890 -15.010 -15.100 -14.890 -15.100 -15.050 -15.050 -15.130 -14.900 -14.340 -13.980 -14.420 -14.340 -14.980 -14.640 -15.040 -15.070 -15.340 -15.250 -15.020 -15.160 -15.000 -15.120 -15.160 -14.970 -14.730 -14.660 -14.360 -14.210 -14.120 -13.850 -13.590 -13.480 -13.340 -13.300 -13.080 -12.760 -12.550 -12.460 -12.230 -12.050 -12.170 -12.170 -12.180 -11.980 -11.890 -11.980 -11.590
-14.290 -14.650 -14.800 -15.440 -15.840 -15.980 -16.060 -16.240 -16.840 -14.770 -14.350 -14.580 -15.450 -14.740 -14.320 -14.690 -15.040 -15.050 -14.820 -14.940 -15.070 -15.960 -14.960 -15.050 -15.120 -15.100 -15.810 -16.030 -14.960 -14.300 -14.020 -13.850 -14.140 -14.420 -14.480 -14.600 -14.680 -15.050 -14.750 -14.970 -15.780 -15.170 -15.100 -15.060 -14.770 -14.630 -14.390 -14.290 -14.100 -14.010 -13.790 -13.620 -13.400 -13.280 -13.100 -12.880 -12.560 -12.370 -12.310 -12.310 -12.390 -12.450 -12.350 -12.200 -11.960 -11.890 -12.570
-14.800 -14.910 -15.760 -15.810 -15.640 -15.610 -15.650 -16.160 -15.860 -16.280 -14.900 -14.450 -14.910 -15.180 -14.160 -14.150 -14.970 -15.340 -15.340 -15.360 -15.090 -15.380 -15.890 -15.390 -15.770 -15.440 -15.290 -16.070 -16.660 -14.560 -14.350 -13.960 -14.310 -14.740 -14.690 -14.740 -14.730 -15.290 -14.860 -14.850 -15.170 -15.130 -15.140 -15.190 -14.870 -14.610 -14.410 -14.220 -14.110 -13.990 -13.780 -13.560 -13.520 -13.320 -13.150 -12.850 -12.650 -12.340 -12.430 -12.640 -12.430 -12.430 -12.310 -12.180 -12.240 -11.940 -11.820
-14.280 -14.910 -15.280 -15.300 -16.500 -14.950 -15.770 -15.760 -15.560 -15.000 -15.500 -14.940 -14.920 -15.630 -15.940 -14.720 -14.570 -15.540 -15.190 -15.220 -15.630 -14.830 -15.430 -15.620 -14.830 -15.830 -15.190 -15.480 -15.420 -14.590 -14.270 -14.100 -14.090 -14.310 -14.510 -14.980 -15.350 -15.190 -15.150 -15.000 -15.230 -15.370 -15.290 -15.270 -15.080 -14.730 -14.500 -14.160 -14.090 -13.940 -13.660 -13.570 -13.320 -13.230 -13.210 -13.080 -13.010 -12.370 -12.430 -12.490 -12.490 -12.290 -12.380 -12.280 -12.280 -12.130 -12.000
-14.220 -14.760 -14.220 -14.770 -15.560 -15.610 -15.110 -15.320 -15.330 -14.360 -14.340 -15.260 -15.150 -14.990 -14.900 -15.560 -14.530 -15.200 -15.570 -14.350 -14.550 -14.390 -14.980 -15.710 -15.230 -14.430 -14.290 -14.460 -14.930 -14.620 -14.470 -14.260 -14.610 -14.440 -14.450 -14.660 -14.740 -14.910 -15.290 -15.100 -15.040 -15.300 -15.200 -15.030 -14.900 -14.710 -14.600 -14.240 -14.160 -14.000 -13.660 -13.410 -13.370 -13.170 -13.090 -13.110 -12.760 -12.440 -12.490 -12.460 -12.350 -12.510 -12.300 -12.240 -12.270 -12.120 -11.970
-13.790 -14.460 -14.390 -14.580 -15.150 -15.130 -14.550 -14.230 -13.960 -13.450 -14.980 -14.290 -13.850 -14.120 -13.990 -14.900 -14.820 -15.020 -15.670 -15.250 -15.290 -15.220 -15.560 -15.550 -14.830 -14.090 -14.350 -15.040 -14.950 -14.780 -14.420 -14.110 -14.490 -15.470 -14.990 -14.630 -14.460 -14.610 -14.720 -14.940 -15.250 -15.220 -15.090 -15.070 -14.850 -14.780 -14.630 -14.430 -14.090 -13.950 -13.770 -13.420 -13.260 -13.110 -13.030 -12.910 -12.690 -12.690 -12.380 -12.250 -12.240 -12.640 -12.200 -12.190 -11.970 -12.230 -11.900
-13.330 -13.860 -14.570 -14.190 -14.660 -15.030 -14.730 -14.300 -13.830 -13.360 -13.150 -13.040 -13.830 -14.400 -14.890 -14.870 -14.510 -14.510 -15.390 -15.240 -15.520 -15.220 -14.280 -14.900 -14.410 -14.060 -13.960 -14.270 -15.180 -15.010 -15.230 -14.930 -14.670 -14.620 -15.040 -15.110 -14.610 -14.580 -14.520 -14.480 -14.630 -14.930 -14.900 -14.980 -14.870 -14.850 -14.440 -14.310 -14.050 -13.880 -13.630 -13.430 -13.500 -13.290 -12.940 -12.840 -12.720 -12.300 -12.360 -12.270 -12.240 -12.240 -12.010 -11.950 -12.100 -12.010 -12.030
-13.710 -13.350 -13.780 -14.250 -14.300 -14.090 -13.590 -13.740 -13.790 -13.460 -13.850 -13.120 -13.290 -14.830 -14.210 -14.250 -15.290 -15.080 -15.070 -14.860 -15.360 -14.200 -14.130 -13.630 -13.650 -13.520 -13.670 -13.840 -13.980 -13.940 -14.610 -15.160 -15.040 -15.210 -15.410 -15.060 -15.050 -14.600 -14.580 -14.420 -14.520 -14.730 -14.770 -14.750 -14.690 -14.590 -14.590 -14.310 -14.100 -13.800 -13.680 -13.180 -13.040 -13.390 -12.860 -12.680 -12.710 -12.550 -12.530 -12.360 -12.400 -12.310 -12.170 -11.960 -12.200 -12.160 -12.050
-13.880 -13.920 -13.640 -13.660 -14.190 -14.590 -13.880 -13.290 -13.080 -13.320 -14.620 -14.580 -14.120 -14.390 -15.040 -14.720 -14.990 -14.540 -14.250 -14.540 -15.390 -14.680 -14.290 -14.180 -13.990 -13.420 -13.020 -13.330 -13.490 -14.130 -14.280 -15.200 -15.590 -15.000 -14.950 -14.870 -14.750 -14.730 -14.860 -14.700 -14.760 -14.650 -14.760 -14.820 -14.600 -14.720 -14.470 -14.320 -14.060 -13.820 -13.550 -13.090 -13.090 -13.100 -12.950 -12.710 -12.610 -12.530 -12.400 -12.340 -12.400 -12.290 -12.200 -11.950 -11.890 -11.890 -11.830
-13.830 -13.860 -13.810 -13.670 -13.790 -14.000 -14.090 -13.020 -13.200 -13.160 -14.490 -15.840 -15.150 -14.600 -15.150 -15.960 -14.970 -15.380 -14.270 -14.600 -15.200 -15.260 -14.910 -14.530 -14.270 -14.570 -13.730 -13.170 -13.020 -13.630 -14.860 -14.310 -14.820 -14.710 -14.710 -14.730 -14.580 -14.640 -14.410 -14.590 -14.610 -14.610 -14.640 -14.530 -14.540 -14.350 -14.290 -14.250 -13.950 -13.810 -13.590 -13.300 -13.270 -13.120 -13.150 -12.950 -12.780 -12.650 -12.850 -12.550 -12.500 -12.380 -12.350 -12.100 -11.910 -12.000 -11.910
-13.510 -13.600 -14.060 -13.520 -13.380 -13.000 -12.660 -12.870 -12.690 -12.890 -13.290 -14.680 -16.050 -15.980 -15.690 -14.700 -15.400 -14.950 -15.390 -14.740 -14.680 -15.110 -14.390 -14.480 -14.000 -13.900 -14.550 -14.390 -13.710 -13.460 -13.870 -13.730 -14.340 -14.620 -14.810 -14.680 -14.610 -14.610 -14.550 -15.420 -14.610 -14.680 -14.550 -14.550 -14.550 -14.330 -14.060 -14.160 -13.950 -13.850 -13.750 -13.330 -13.170 -13.210 -13.060 -12.910 -12.830 -12.810 -12.750 -12.680 -12.630 -12.590 -12.640 -12.550 -12.080 -12.090 -11.950
-13.380 -13.580 -13.770 -13.240 -13.110 -12.750 -12.690 -12.210 -12.530 -13.600 -13.870 -13.960 -14.700 -14.880 -16.040 -13.960 -14.210 -14.820 -14.490 -14.480 -14.680 -14.660 -14.860 -14.630 -15.010 -13.720 -14.110 -15.320 -14.190 -14.300 -13.760 -14.140 -14.230 -15.590 -14.990 -15.430 -14.860 -15.020 -14.590 -14.740 -14.440 -14.400 -14.620 -14.660 -14.560 -14.170 -14.140 -13.970 -13.980 -13.740 -13.480 -13.170 -13.140 -13.330 -12.990 -12.930 -12.860 -12.920 -12.800 -12.630 -12.790 -12.840 -12.610 -12.490 -12.350 -12.400 -12.160
-13.850 -13.580 -13.660 -13.210 -13.350 -12.780 -13.570 -13.340 -12.630 -12.980 -13.900 -13.730 -13.830 -14.200 -15.680 -13.720 -13.060 -13.270 -13.770 -14.620 -15.080 -15.320 -15.200 -14.900 -14.150 -13.520 -14.360 -14.780 -14.990 -15.130 -14.860 -15.380 -15.140 -15.130 -15.830 -15.460 -15.070 -15.080 -16.130 -14.710 -14.610 -14.450 -14.390 -14.430 -13.950 -13.960 -13.860 -13.840 -13.980 -13.880 -13.600 -13.390 -13.250 -13.260 -13.260 -12.970 -12.960 -12.780 -12.690 -12.770 -12.760 -12.680 -12.400 -12.500 -12.350 -12.400 -12.340
-14.290 -14.240 -14.170 -13.840 -13.310 -13.490 -13.060 -12.950 -12.950 -13.420 -13.740 -13.370 -13.940 -13.640 -14.060 -13.980 -14.030 -13.500 -13.970 -13.650 -13.600 -14.300 -14.570 -14.400 -14.980 -14.380 -14.690 -15.300 -14.990 -14.860 -15.130 -15.080 -15.060 -15.180 -15.720 -15.020 -15.260 -14.780 -14.330 -14.610 -14.390 -14.530 -14.550 -14.530 -14.130 -14.120 -14.060 -13.850 -13.750 -13.650 -13.460 -13.270 -13.050 -13.130 -13.170 -13.170 -12.860 -12.800 -12.880 -12.750 -12.740 -12.740 -12.660 -12.670 -12.480 -12.380 -12.240
-14.890 -15.330 -15.550 -15.070 -14.170 -13.160 -12.560 -12.910 -12.380 -12.370 -12.850 -13.910 -13.450 -14.100 -14.050 -13.840 -14.240 -14.360 -13.950 -14.420 -13.280 -13.380 -14.230 -14.070 -14.660 -14.780 -14.720 -14.890 -14.580 -14.030 -14.600 -14.970 -15.070 -15.010 -15.610 -15.350 -15.300 -14.890 -14.170 -14.320 -14.430 -14.070 -14.220 -14.060 -13.930 -13.840 -13.810 -13.920 -13.760 -13.630 -13.020 -12.940 -12.690 -12.640 -12.820 -13.070 -12.880 -12.800 -12.680 -12.710 -12.720 -12.870 -12.510 -12.660 -12.440 -12.280 -12.270
-15.060 -15.560 -16.080 -16.260 -15.490 -14.240 -13.670 -13.090 -12.680 -12.140 -11.830 -12.700 -13.260 -13.120 -13.290 -13.190 -13.880 -13.630 -13.970 -13.520 -13.850 -13.300 -13.290 -14.300 -14.230 -13.980 -14.230 -14.510 -14.580 -14.170 -14.880 -14.770 -15.180 -14.850 -15.250 -15.070 -14.730 -14.990 -14.570 -14.290 -14.160 -13.940 -13.840 -14.040 -14.030 -13.780 -13.720 -13.650 -13.670 -13.460 -13.110 -12.960 -12.810 -12.750 -12.800 -12.850 -12.720 -12.720 -12.640 -12.550 -12.540 -12.600 -12.500 -12.460 -12.310 -12.230 -12.190
-15.480 -15.710 -15.880 -17.040 -16.930 -15.800 -15.570 -14.020 -13.990 -13.260 -12.880 -12.090 -13.190 -13.370 -12.980 -14.050 -13.670 -13.450 -13.500 -14.190 -14.170 -14.190 -13.030 -13.260 -14.180 -13.980 -13.190 -13.400 -14.510 -14.600 -15.130 -14.630 -15.170 -15.010 -14.710 -14.790 -14.220 -13.890 -13.920 -14.010 -14.130 -14.700 -14.200 -14.060 -13.570 -13.530 -13.320 -13.200 -13.390 -13.250 -13.050 -12.840 -12.810 -12.950 -12.930 -12.960 -12.800 -12.680 -12.540 -12.890 -12.580 -12.550 -12.620 -12.500 -12.270 -12.070 -11.970
-15.810 -16.300 -15.380 -15.900 -17.280 -17.140 -17.200 -14.780 -14.410 -14.570 -14.390 -13.120 -12.910 -12.380 -12.060 -12.550 -13.440 -13.020 -13.360 -13.230 -13.280 -14.070 -12.910 -13.230 -13.200 -12.540 -12.520 -13.170 -13.800 -13.690 -14.130 -14.870 -14.850 -14.890 -14.520 -14.270 -14.270 -14.140 -13.800 -13.690 -13.620 -13.860 -14.060 -14.080 -13.680 -13.530 -13.820 -13.320 -13.140 -12.750 -12.740 -12.630 -12.870 -13.000 -12.840 -12.700 -12.460 -12.220 -12.570 -12.050 -12.110 -12.140 -12.330 -12.370 -12.430 -11.990 -11.770
-14.260 -14.480 -14.460 -14.840 -15.560 -16.890 -17.140 -17.070 -13.670 -13.280 -13.900 -12.960 -12.710 -12.480 -12.390 -12.310 -13.030 -13.220 -13.350 -13.550 -13.160 -13.380 -13.130 -12.730 -12.560 -12.410 -12.530 -13.080 -14.750 -13.780 -13.750 -15.460 -14.620 -14.990 -14.830 -14.640 -14.780 -14.750 -14.530 -14.130 -14.090 -14.010 -15.110 -14.480 -14.270 -13.720 -13.610 -13.290 -13.270 -13.070 -12.770 -12.630 -12.510 -12.770 -12.720 -12.600 -12.500 -12.470 -12.110 -12.280 -12.220 -11.890 -12.060 -11.950 -12.050 -11.850 -11.680
-12.940 -13.180 -13.070 -13.300 -14.210 -15.080 -16.170 -17.480 -14.130 -13.150 -13.510 -13.510 -12.740 -12.510 -12.390 -12.320 -12.900 -13.320 -13.270 -13.020 -13.400 -13.630 -14.630 -13.780 -12.870 -12.250 -12.080 -12.250 -12.680 -13.860 -13.270 -13.570 -14.010 -14.150 -14.420 -14.390 -14.180 -14.630 -14.500 -14.310 -14.340 -14.130 -14.580 -16.070 -15.180 -14.320 -14.000 -13.820 -13.680 -13.600 -13.300 -13.050 -12.910 -12.710 -13.070 -12.650 -12.400 -12.360 -12.290 -12.050 -11.850 -12.010 -12.090 -12.060 -11.870 -11.660 -11.530
-12.220 -12.530 -12.830 -12.470 -12.910 -13.150 -14.270 -13.970 -14.020 -13.450 -12.740 -13.600 -13.690 -12.490 -12.370 -12.280 -12.340 -13.290 -13.050 -12.830 -12.480 -12.700 -13.920 -15.150 -13.830 -13.050 -12.270 -12.150 -12.240 -12.470 -12.740 -12.650 -12.940 -13.130 -13.260 -13.650 -13.590 -14.660 -15.270 -14.380 -14.000 -14.010 -13.910 -14.020 -15.010 -14.470 -13.980 -13.810 -14.250 -14.980 -15.070 -13.850 -13.390 -12.950 -13.030 -12.700 -12.210 -12.060 -11.910 -11.900 -12.050 -12.340 -12.170 -11.850 -11.910 -11.740 -11.540
-12.100 -11.940 -11.960 -12.200 -12.380 -12.770 -12.540 -12.550 -12.400 -12.660 -12.710 -12.300 -12.320 -12.580 -12.170 -11.940 -12.040 -12.730 -12.820 -12.790 -12.670 -12.380 -12.890 -13.720 -14.510 -13.670 -12.630 -12.170 -12.220 -12.600 -13.090 -12.830 -12.700 -12.880 -12.940 -13.650 -14.270 -13.600 -14.060 -14.490 -13.680 -13.560 -13.620 -13.690 -14.510 -15.240 -15.430 -13.780 -13.410 -13.210 -14.790 -14.060 -13.520 -13.220 -12.700 -12.520 -12.500 -12.380 -12.030 -12.020 -11.920 -12.020 -11.780 -11.890 -11.800 -11.650 -11.460
-12.340 -12.600 -11.980 -12.080 -12.320 -12.550 -12.270 -11.830 -12.110 -12.280 -12.620 -12.230 -11.980 -12.310 -12.580 -12.010 -11.880 -12.110 -12.390 -12.530 -12.220 -12.950 -12.790 -12.860 -12.910 -13.050 -12.530 -12.390 -12.210 -12.510 -13.830 -13.380 -13.360 -13.000 -12.900 -13.260 -14.230 -13.090 -13.540 -13.520 -13.350 -13.180 -13.150 -13.110 -13.360 -14.250 -15.250 -13.670 -13.300 -12.840 -12.830 -12.950 -13.070 -12.900 -12.880 -12.530 -12.300 -12.080 -12.060 -11.740 -11.910 -11.700 -11.860 -11.850 -11.590 -11.550 -11.360
-12.390 -12.750 -12.560 -12.360 -11.600 -11.950 -12.290 -12.100 -12.080 -12.240 -12.220 -11.890 -12.130 -12.010 -11.990 -12.050 -11.620 -11.560 -11.910 -12.110 -12.250 -12.670 -12.620 -12.940 -12.320 -12.190 -12.150 -12.050 -12.070 -12.230 -12.570 -12.250 -12.340 -13.080 -12.650 -12.850 -12.870 -12.750 -12.870 -12.990 -12.780 -12.760 -12.760 -12.670 -12.600 -12.770 -13.310 -13.860 -13.740 -12.760 -12.650 -12.350 -12.760 -12.520 -12.260 -12.290 -12.100 -11.660 -11.690 -11.500 -11.360 -11.400 -11.800 -11.990 -11.700 -11.650 -11.300
-12.060 -12.010 -12.220 -12.330 -11.530 -11.470 -11.630 -11.830 -11.840 -11.820 -11.950 -12.170 -12.260 -12.140 -12.030 -11.500 -11.110 -11.230 -11.400 -11.560 -11.630 -12.120 -12.330 -12.380 -12.720 -13.140 -12.730 -13.030 -12.520 -12.160 -12.530 -12.390 -12.170 -12.060 -12.250 -12.950 -12.450 -12.790 -12.490 -12.360 -12.420 -12.350 -12.420 -12.330 -12.400 -12.240 -12.810 -13.130 -12.960 -12.540 -12.300 -12.150 -12.150 -12.150 -12.350 -11.950 -11.780 -11.790 -11.660 -11.530 -11.560 -11.120 -11.130 -11.300 -11.490 -11.480 -11.610
-12.410 -12.040 -11.950 -12.340 -11.830 -11.690 -11.150 -11.290 -11.350 -11.610 -12.130 -12.110 -12.140 -12.100 -11.700 -11.630 -11.210 -10.920 -11.030 -11.250 -11.500 -11.650 -12.040 -12.630 -12.430 -12.700 -12.820 -13.050 -13.290 -13.130 -12.240 -12.040 -12.330 -12.240 -12.130 -12.920 -12.220 -12.340 -12.510 -12.710 -12.500 -12.110 -12.200 -12.210 -12.080 -12.180 -12.180 -12.210 -13.050 -12.160 -12.250 -11.800 -11.780 -12.110 -12.110 -12.010 -11.920 -11.700 -11.590 -11.460 -12.010 -11.780 -11.470 -11.330 -11.190 -11.140 -11.000
-12.460 -12.290 -11.840 -12.150 -12.110 -11.940 -11.700 -11.750 -11.270 -11.360 -11.640 -11.900 -12.160 -11.960 -12.080 -11.830 -11.380 -11.400 -10.980 -10.960 -11.170 -11.240 -11.700 -12.110 -13.100 -12.490 -12.620 -12.930 -13.550 -12.560 -12.950 -12.870 -12.590 -12.840 -12.410 -12.880 -12.640 -12.600 -12.800 -12.660 -12.090 -12.000 -12.250 -12.940 -12.260 -12.920 -12.210 -11.890 -11.850 -12.210 -11.740 -11.630 -11.510 -11.520 -11.600 -11.820 -11.940 -11.610 -11.580 -12.040 -11.640 -11.360 -11.360 -11.110 -11.200 -11.050 -10.990
-11.780 -12.550 -11.990 -11.520 -11.440 -11.860 -12.210 -11.670 -11.460 -11.040 -11.140 -11.500 -11.870 -11.730 -11.670 -11.870 -11.890 -11.900 -11.280 -11.120 -10.980 -11.030 -11.550 -11.610 -12.280 -12.540 -12.500 -12.810 -12.650 -12.870 -12.880 -13.300 -13.430 -12.080 -11.670 -11.790 -11.800 -12.200 -12.420 -12.150 -12.160 -12.250 -11.920 -12.740 -13.540 -12.470 -11.700 -11.740 -12.080 -11.700 -11.500 -11.350 -11.410 -11.400 -11.310 -11.320 -11.620 -11.470 -11.830 -11.840 -11.330 -11.170 -11.110 -11.170 -11.040 -10.890 -10.730
