0925_6225/LITTO3D_FRA_0927_6225_20150529_LAMB93_RGF93_IGN69/MNT5m/LITTO3D_FRA_0927_6225_MNT5_20150128_LAMB93_RGF93_IGN69.asc
ncols 200
nrows 200
xllcenter 927000.000
yllcenter 6224005.000
cellsize 5.0000
nodata_value -99999
[rows 60 to 89 of 200, columns 0 to 66 of 200]
-18.900 -18.470 -18.530 -18.710 -18.370 -17.820 -17.580 -17.380 -17.310 -17.310 -17.180 -17.050 -16.820 -16.300 -16.110 -16.120 -15.890 -15.900 -15.300 -15.640 -15.240 -15.270 -15.510 -15.440 -15.410 -15.460 -15.160 -15.290 -15.260 -15.220 -15.220 -15.140 -15.410 -15.470 -15.480 -15.190 -14.860 -14.750 -14.780 -14.890 -15.040 -14.370 -14.270 -14.320 -14.150 -14.090 -14.180 -14.250 -14.150 -13.920 -13.800 -13.580 -13.610 -13.400 -13.100 -12.790 -12.700 -12.630 -12.740 -12.830 -12.750 -12.930 -12.830 -12.960 -12.950 -12.880 -13.060
-18.420 -18.360 -18.460 -18.830 -18.680 -17.970 -17.430 -17.480 -17.370 -17.320 -17.540 -17.470 -16.990 -16.820 -16.190 -15.930 -16.110 -16.040 -15.960 -15.960 -15.800 -15.570 -15.770 -15.600 -15.440 -15.290 -15.390 -15.150 -15.160 -15.120 -15.140 -15.220 -15.550 -15.200 -15.260 -14.910 -14.770 -14.630 -14.500 -14.540 -14.470 -14.260 -14.110 -14.360 -14.590 -13.870 -13.900 -13.870 -13.730 -13.690 -13.600 -13.280 -13.130 -13.000 -12.720 -12.490 -12.600 -12.350 -12.310 -12.450 -12.390 -12.430 -12.620 -12.600 -12.670 -12.630 -12.990
-18.090 -18.140 -18.270 -18.580 -18.450 -18.350 -18.020 -17.630 -17.550 -17.690 -17.900 -17.610 -17.040 -16.880 -16.540 -16.270 -16.150 -16.140 -16.020 -15.990 -15.860 -15.820 -15.750 -15.720 -15.600 -15.610 -15.700 -15.340 -15.190 -15.140 -15.190 -15.240 -15.330 -15.210 -15.090 -14.870 -14.700 -14.520 -14.370 -14.330 -14.270 -14.190 -14.150 -13.860 -14.050 -13.610 -13.570 -13.550 -13.540 -13.560 -13.330 -13.080 -12.820 -12.650 -12.390 -11.540 -10.730 -11.930 -12.000 -12.020 -11.970 -12.010 -12.250 -12.380 -12.370 -12.440 -12.440
-17.680 -17.630 -17.850 -18.340 -18.360 -18.360 -18.060 -17.600 -17.860 -17.670 -17.330 -17.400 -16.830 -16.690 -16.590 -16.650 -16.550 -16.490 -16.550 -16.380 -16.080 -15.990 -15.990 -15.940 -15.810 -15.730 -15.720 -15.520 -15.250 -15.090 -15.130 -15.270 -15.220 -15.230 -14.930 -14.820 -14.780 -14.560 -14.450 -14.340 -14.250 -14.130 -14.060 -13.900 -13.840 -13.690 -13.460 -13.460 -13.380 -13.270 -13.110 -12.950 -12.560 -12.170 -11.990 -10.970 -9.960 -11.410 -11.540 -11.850 -11.520 -11.700 -11.750 -11.980 -11.970 -12.090 -12.100
-18.250 -18.210 -17.940 -18.150 -18.320 -18.020 -17.860 -17.530 -17.540 -17.800 -17.540 -16.900 -16.730 -16.680 -16.560 -16.690 -16.690 -16.830 -16.730 -16.840 -16.250 -15.950 -16.020 -16.040 -16.100 -16.130 -15.850 -15.770 -15.630 -15.460 -15.340 -15.230 -15.360 -15.500 -15.410 -14.900 -15.020 -14.700 -14.500 -14.370 -14.490 -14.260 -14.080 -13.920 -13.870 -13.740 -13.430 -13.250 -13.190 -13.050 -12.960 -12.780 -12.470 -12.090 -11.350 -10.580 -9.340 -10.380 -10.680 -11.080 -11.320 -11.480 -11.660 -11.580 -11.650 -11.530 -11.770
-19.130 -19.290 -18.640 -18.410 -18.330 -18.000 -17.950 -17.600 -17.530 -17.620 -17.380 -17.080 -16.850 -16.550 -16.750 -16.630 -16.580 -16.550 -16.560 -16.580 -16.290 -16.290 -16.290 -16.300 -16.310 -16.420 -15.920 -15.650 -15.960 -15.720 -15.630 -15.540 -15.400 -15.440 -15.040 -15.600 -16.600 -14.790 -14.560 -14.560 -14.370 -14.210 -14.100 -13.770 -13.680 -13.480 -13.340 -13.210 -12.980 -12.960 -12.840 -12.640 -12.270 -12.030 -11.070 -10.260 -9.370 -9.670 -9.850 -10.780 -11.260 -11.670 -11.550 -11.200 -11.070 -11.170 -11.390
-18.510 -18.990 -19.090 -18.570 -18.500 -18.170 -18.010 -17.930 -17.940 -18.030 -17.640 -17.230 -17.260 -16.960 -17.170 -17.080 -16.950 -16.860 -16.900 -16.710 -16.760 -16.590 -16.450 -16.530 -16.660 -16.780 -16.150 -15.940 -15.800 -15.780 -15.900 -15.740 -15.690 -15.410 -15.390 -15.120 -15.070 -14.720 -14.380 -14.580 -14.350 -14.060 -14.070 -13.850 -13.890 -13.610 -13.540 -13.310 -12.920 -12.870 -12.720 -12.420 -12.210 -11.800 -11.250 -9.930 -9.520 -8.940 -9.380 -10.480 -10.770 -11.010 -11.230 -11.300 -11.100 -11.150 -11.300
-18.060 -18.430 -19.150 -18.660 -18.690 -18.310 -18.260 -18.170 -17.860 -17.730 -17.630 -17.400 -17.520 -17.430 -17.300 -17.310 -17.140 -17.020 -16.990 -16.910 -16.840 -16.980 -16.830 -16.810 -16.890 -16.760 -16.330 -16.020 -15.970 -15.970 -16.130 -16.000 -15.750 -15.660 -15.480 -15.270 -15.010 -14.950 -14.740 -14.580 -14.510 -14.100 -13.860 -13.580 -13.370 -13.240 -13.010 -12.740 -12.780 -12.770 -12.600 -12.180 -12.020 -11.720 -11.110 -10.140 -9.400 -8.580 -9.470 -9.980 -10.340 -10.390 -10.540 -10.590 -11.080 -11.080 -11.030
-18.110 -18.320 -18.410 -18.700 -18.560 -18.360 -18.060 -17.820 -17.670 -17.630 -17.440 -17.640 -17.470 -17.580 -17.330 -17.370 -17.240 -17.230 -17.090 -17.080 -16.770 -16.860 -16.820 -16.780 -16.800 -16.740 -16.510 -16.170 -16.180 -16.220 -16.270 -16.290 -15.990 -15.840 -15.560 -15.440 -15.240 -14.930 -14.810 -14.470 -14.280 -14.180 -13.820 -13.610 -13.410 -13.160 -12.940 -12.720 -12.710 -12.470 -12.330 -12.070 -11.880 -11.480 -11.060 -10.230 -9.940 -9.190 -9.370 -9.960 -10.020 -10.080 -9.970 -9.900 -9.930 -10.470 -10.520
-18.270 -18.600 -18.600 -18.700 -18.560 -18.390 -18.270 -17.770 -17.450 -17.220 -17.170 -17.200 -17.270 -17.570 -17.210 -17.240 -17.400 -17.310 -17.390 -17.040 -17.100 -17.160 -16.980 -16.860 -17.010 -16.820 -16.440 -16.330 -16.170 -16.200 -16.160 -16.130 -16.110 -15.980 -15.750 -15.520 -15.450 -15.120 -14.730 -14.500 -14.240 -14.270 -13.920 -13.560 -13.220 -13.090 -12.760 -12.640 -12.450 -12.310 -12.100 -11.930 -11.580 -11.580 -10.960 -10.490 -9.820 -9.700 -9.800 -9.920 -9.740 -9.670 -9.660 -9.610 -9.640 -9.530 -9.940
-18.420 -18.700 -18.800 -18.730 -18.540 -18.400 -18.210 -17.770 -17.530 -17.230 -17.250 -17.070 -16.980 -17.020 -16.950 -17.230 -17.330 -17.420 -17.430 -17.230 -17.000 -17.130 -17.020 -17.020 -17.020 -16.720 -16.530 -16.250 -16.310 -16.080 -16.200 -16.230 -16.090 -16.150 -15.860 -15.540 -15.380 -15.190 -14.780 -14.760 -14.330 -14.160 -13.790 -13.550 -13.240 -13.010 -12.780 -12.600 -12.340 -12.080 -12.000 -11.930 -11.650 -11.390 -11.010 -10.450 -10.420 -9.880 -9.900 -10.150 -9.880 -9.700 -9.720 -9.340 -9.430 -9.200 -9.390
-18.680 -18.500 -18.430 -18.400 -18.110 -18.230 -17.930 -17.820 -17.780 -17.600 -17.390 -17.140 -17.040 -16.920 -16.950 -16.790 -17.070 -17.180 -17.270 -16.980 -17.100 -17.210 -17.120 -16.920 -16.880 -16.890 -16.500 -16.510 -16.260 -16.340 -16.140 -16.280 -16.250 -16.100 -15.770 -15.590 -15.470 -15.310 -14.880 -14.670 -14.310 -14.010 -13.810 -13.400 -13.250 -12.890 -12.680 -12.430 -12.200 -12.110 -11.830 -11.740 -11.500 -11.190 -10.910 -10.680 -10.260 -9.940 -10.020 -10.180 -10.280 -9.990 -9.690 -9.550 -9.380 -9.190 -9.270
-17.590 -17.910 -17.290 -17.150 -17.270 -17.280 -17.440 -17.910 -18.090 -18.050 -17.710 -17.290 -17.140 -16.910 -16.920 -16.810 -16.600 -16.730 -16.610 -16.860 -17.000 -17.140 -17.110 -17.030 -16.960 -16.830 -16.710 -16.670 -16.570 -16.530 -16.380 -16.140 -16.000 -15.950 -15.780 -15.430 -15.330 -15.240 -14.940 -14.670 -14.370 -14.090 -13.840 -13.480 -13.290 -12.950 -12.690 -12.480 -12.190 -11.980 -11.720 -11.500 -11.350 -11.130 -10.930 -10.890 -10.300 -9.900 -10.020 -10.290 -10.290 -10.200 -9.990 -9.640 -9.560 -9.220 -9.290
-16.610 -17.120 -17.440 -16.900 -16.830 -17.120 -17.280 -17.600 -17.810 -17.930 -17.710 -17.480 -17.010 -16.940 -16.790 -16.680 -16.560 -16.810 -17.000 -16.870 -17.060 -17.220 -17.060 -17.110 -17.030 -16.850 -16.710 -16.700 -16.470 -16.510 -16.400 -16.140 -15.900 -15.630 -15.470 -15.500 -15.380 -15.240 -15.080 -14.830 -14.430 -14.230 -13.890 -13.590 -13.430 -12.980 -12.710 -12.340 -12.110 -12.010 -11.710 -11.440 -11.200 -11.020 -10.830 -10.750 -10.600 -10.680 -10.550 -10.620 -10.450 -10.140 -9.990 -9.870 -9.670 -9.390 -9.330
-16.130 -16.050 -16.490 -17.260 -17.080 -17.380 -17.410 -17.500 -17.510 -17.500 -17.160 -17.200 -16.800 -16.840 -16.780 -16.770 -16.590 -16.670 -16.790 -16.940 -16.850 -16.900 -16.960 -16.970 -16.740 -16.630 -16.710 -16.660 -16.440 -16.340 -16.270 -16.200 -16.120 -15.600 -15.590 -15.410 -15.490 -15.390 -15.170 -14.920 -14.570 -14.600 -14.040 -13.450 -13.290 -12.960 -12.710 -12.520 -12.220 -12.020 -11.710 -11.540 -11.440 -11.010 -10.980 -10.710 -10.490 -10.850 -11.050 -10.760 -10.230 -10.030 -10.010 -9.920 -9.790 -9.590 -9.480
-17.050 -15.980 -16.160 -17.140 -16.880 -16.920 -17.100 -16.960 -17.070 -16.950 -16.700 -16.550 -16.630 -16.880 -16.980 -16.940 -16.730 -16.840 -16.720 -16.440 -16.590 -16.630 -16.500 -16.350 -16.330 -16.310 -16.310 -16.270 -16.300 -16.220 -16.100 -16.220 -15.980 -15.530 -15.530 -15.560 -15.540 -15.510 -15.230 -14.950 -14.670 -14.170 -13.950 -13.700 -13.630 -13.280 -13.000 -12.640 -12.340 -12.080 -11.770 -11.460 -11.340 -11.080 -10.880 -10.710 -10.570 -10.600 -10.600 -10.700 -10.280 -10.070 -10.140 -9.900 -10.010 -9.850 -9.600
-16.450 -16.330 -15.920 -16.570 -17.950 -17.170 -16.850 -16.650 -16.500 -16.430 -16.580 -16.770 -16.850 -17.060 -17.000 -17.030 -16.940 -16.800 -16.590 -16.380 -16.170 -16.220 -16.220 -16.090 -16.410 -16.490 -16.450 -16.390 -16.250 -16.070 -16.200 -16.040 -15.960 -15.540 -15.480 -15.550 -15.390 -15.480 -15.130 -14.920 -14.730 -14.330 -14.040 -13.640 -13.670 -13.990 -13.170 -12.860 -12.650 -12.160 -11.800 -11.490 -11.310 -11.050 -10.990 -10.860 -11.070 -10.540 -10.530 -10.310 -10.320 -10.290 -10.210 -10.190 -10.040 -9.800 -9.780
-15.710 -15.590 -15.160 -15.400 -15.940 -16.410 -16.400 -16.460 -16.340 -16.540 -16.980 -17.280 -17.370 -17.230 -17.230 -17.280 -16.960 -16.880 -16.690 -16.340 -16.110 -15.980 -15.950 -15.950 -15.920 -16.120 -16.130 -15.890 -16.110 -16.200 -16.150 -16.070 -15.880 -15.800 -15.480 -15.320 -15.400 -15.440 -14.940 -14.860 -14.770 -14.420 -13.980 -13.800 -13.720 -13.660 -13.530 -13.070 -12.560 -12.200 -11.970 -11.640 -11.360 -11.230 -11.000 -10.850 -10.890 -10.670 -10.710 -10.670 -10.540 -10.240 -10.220 -10.160 -10.230 -10.150 -10.050
-15.670 -15.490 -14.840 -14.830 -15.240 -15.320 -15.860 -16.460 -15.890 -16.070 -16.490 -17.040 -17.400 -17.250 -17.000 -17.250 -17.040 -16.820 -16.500 -16.280 -16.150 -16.130 -16.080 -16.000 -15.720 -15.610 -15.350 -15.330 -15.520 -15.960 -16.050 -16.010 -15.810 -15.420 -15.330 -15.310 -15.290 -15.100 -14.920 -14.640 -14.620 -14.460 -14.200 -14.020 -13.830 -13.770 -13.630 -13.230 -12.750 -12.400 -12.150 -11.800 -11.510 -11.250 -11.020 -10.980 -10.830 -10.710 -10.640 -10.590 -10.460 -10.320 -10.270 -10.310 -10.160 -10.210 -9.960
-15.550 -16.030 -15.350 -15.050 -14.730 -14.700 -15.010 -15.100 -15.500 -16.200 -16.250 -17.030 -17.940 -17.000 -16.580 -17.050 -17.040 -17.020 -16.530 -16.410 -16.480 -16.430 -16.370 -16.050 -15.690 -15.420 -15.120 -15.220 -15.250 -15.580 -15.710 -15.590 -15.480 -15.450 -15.250 -14.900 -14.820 -14.760 -14.840 -14.780 -14.570 -14.370 -14.010 -14.080 -14.000 -13.880 -13.770 -13.410 -12.980 -12.560 -12.380 -11.870 -11.750 -11.490 -11.340 -11.080 -10.770 -10.850 -10.810 -10.860 -10.520 -10.370 -10.480 -10.480 -10.220 -10.250 -10.110
-15.240 -16.290 -16.960 -16.070 -15.170 -15.010 -14.790 -14.530 -14.690 -15.150 -15.420 -15.410 -16.630 -17.250 -16.610 -16.890 -16.780 -16.760 -16.560 -16.530 -16.420 -16.490 -16.560 -16.270 -15.950 -15.480 -15.210 -15.130 -15.040 -15.120 -15.250 -15.140 -15.110 -14.920 -14.720 -14.370 -14.310 -14.570 -14.670 -14.530 -14.570 -14.220 -14.040 -13.850 -13.630 -13.680 -13.690 -13.510 -13.410 -12.850 -12.470 -12.150 -11.800 -11.550 -11.270 -11.140 -11.030 -10.930 -10.810 -10.930 -10.600 -10.550 -10.630 -10.520 -10.260 -10.490 -9.880
-14.700 -15.450 -15.950 -16.730 -15.780 -15.680 -15.750 -15.570 -15.000 -15.440 -15.080 -14.800 -15.230 -15.950 -15.480 -15.900 -15.910 -16.370 -16.480 -17.090 -16.450 -16.330 -16.380 -16.320 -16.070 -15.710 -15.450 -15.280 -15.540 -15.370 -15.110 -15.010 -14.890 -14.790 -14.610 -14.570 -14.580 -14.220 -14.160 -14.120 -14.140 -13.930 -13.890 -13.790 -13.700 -13.700 -13.530 -13.460 -13.270 -13.130 -12.800 -12.330 -12.010 -11.660 -11.570 -11.670 -11.900 -11.780 -10.830 -10.630 -10.540 -10.520 -10.570 -10.840 -10.750 -10.630 -10.340
-15.500 -15.060 -15.560 -16.370 -15.420 -15.560 -16.170 -16.430 -15.850 -15.910 -16.580 -15.350 -14.830 -14.830 -15.100 -15.300 -15.550 -15.960 -16.520 -16.510 -16.160 -15.990 -16.200 -16.630 -16.600 -15.910 -15.570 -15.790 -15.350 -15.450 -15.150 -15.010 -14.860 -14.990 -15.010 -14.700 -14.600 -14.330 -14.320 -14.270 -13.970 -13.750 -13.840 -13.680 -13.540 -13.560 -13.570 -13.450 -13.360 -13.070 -12.860 -12.960 -12.030 -11.830 -11.770 -11.620 -11.480 -11.260 -11.140 -10.840 -10.630 -10.660 -10.390 -10.450 -10.480 -10.180 -10.410
-17.060 -15.990 -15.430 -15.560 -15.600 -16.550 -15.700 -15.540 -16.240 -16.160 -15.850 -15.070 -14.690 -14.730 -15.760 -15.350 -15.310 -15.480 -15.760 -15.800 -15.980 -16.150 -16.590 -16.900 -16.540 -16.280 -15.770 -15.370 -15.200 -15.400 -15.510 -15.270 -15.070 -15.180 -15.210 -14.830 -14.880 -14.600 -14.610 -14.320 -14.190 -14.030 -13.930 -13.810 -13.520 -13.440 -13.330 -13.290 -13.270 -13.150 -12.770 -12.940 -13.850 -12.050 -11.890 -11.860 -11.710 -11.540 -11.230 -11.050 -10.810 -11.040 -10.720 -10.380 -10.780 -10.790 -10.960
-17.260 -16.200 -16.310 -15.550 -15.760 -16.680 -16.510 -15.940 -14.980 -15.620 -16.710 -16.470 -15.040 -14.780 -14.690 -14.940 -14.980 -15.280 -15.240 -15.580 -15.960 -16.910 -16.760 -16.200 -16.330 -15.860 -15.060 -15.270 -15.510 -15.820 -16.070 -15.980 -15.560 -15.300 -15.240 -15.090 -15.130 -14.840 -14.610 -14.470 -14.380 -14.200 -13.950 -13.900 -13.710 -13.410 -13.400 -13.370 -13.240 -12.990 -12.710 -12.510 -12.430 -12.300 -12.070 -12.030 -11.680 -11.720 -11.480 -11.180 -11.020 -11.030 -11.040 -10.550 -10.420 -10.840 -11.030
-16.070 -15.580 -15.360 -14.950 -15.230 -16.390 -16.770 -15.620 -14.900 -15.480 -15.770 -16.350 -16.490 -16.070 -15.050 -15.660 -15.080 -14.920 -14.990 -15.190 -15.450 -15.410 -16.890 -15.900 -15.910 -15.980 -15.400 -15.740 -16.480 -16.640 -15.950 -15.330 -15.030 -14.510 -14.770 -15.120 -15.050 -14.890 -14.630 -14.500 -14.350 -14.170 -14.070 -13.900 -13.770 -13.460 -13.390 -13.420 -13.210 -12.890 -12.730 -12.570 -12.390 -12.530 -12.440 -12.350 -11.930 -11.840 -11.660 -11.170 -10.960 -10.950 -11.070 -11.200 -10.460 -10.740 -10.740
-15.610 -15.620 -15.450 -15.190 -16.050 -15.930 -16.680 -16.920 -16.290 -16.100 -16.520 -16.530 -17.090 -16.840 -16.770 -15.580 -16.320 -15.420 -14.970 -15.130 -15.390 -15.650 -16.410 -15.870 -16.600 -16.620 -15.930 -15.270 -15.090 -16.370 -16.790 -15.980 -15.570 -15.470 -15.380 -15.330 -15.080 -14.920 -14.810 -14.530 -14.510 -14.280 -14.160 -13.990 -13.670 -13.580 -13.350 -13.360 -13.430 -13.000 -12.660 -12.600 -12.390 -12.440 -12.410 -12.280 -12.580 -12.150 -11.800 -11.560 -11.660 -11.160 -10.880 -10.930 -11.280 -10.840 -10.720
-14.480 -14.660 -14.370 -14.330 -15.440 -17.070 -17.030 -16.910 -16.790 -16.630 -15.840 -16.680 -16.310 -16.230 -16.700 -15.570 -15.630 -15.300 -14.850 -15.180 -15.870 -15.840 -16.500 -16.740 -16.360 -16.070 -15.140 -15.010 -14.710 -14.700 -15.430 -16.600 -15.550 -15.700 -15.070 -15.120 -15.230 -14.940 -14.710 -14.530 -14.500 -14.190 -14.070 -13.930 -13.760 -13.560 -13.520 -13.600 -13.380 -13.130 -12.650 -12.550 -12.610 -12.460 -12.430 -12.370 -12.240 -12.180 -11.800 -11.590 -11.530 -11.610 -11.230 -11.000 -10.740 -10.670 -10.710
-14.360 -14.270 -14.130 -13.860 -14.650 -15.140 -15.090 -15.840 -16.430 -17.050 -15.760 -15.210 -15.100 -16.150 -15.810 -15.450 -15.830 -16.390 -15.630 -15.280 -15.740 -15.940 -15.490 -16.360 -17.020 -15.400 -15.500 -15.230 -15.220 -15.090 -15.370 -15.160 -15.580 -14.870 -14.600 -14.980 -15.380 -15.090 -14.910 -14.650 -14.560 -14.290 -14.050 -13.910 -13.820 -13.760 -13.700 -13.490 -13.370 -13.000 -12.850 -12.640 -12.470 -12.520 -12.420 -12.340 -12.470 -12.320 -12.240 -12.310 -11.840 -11.730 -11.450 -11.130 -11.220 -11.200 -11.120
-14.210 -14.010 -14.170 -14.320 -14.060 -14.250 -14.510 -15.240 -15.750 -16.480 -17.050 -16.110 -15.850 -15.500 -15.270 -15.270 -15.030 -15.390 -15.280 -14.970 -15.110 -15.890 -16.190 -15.710 -15.760 -16.130 -15.510 -15.450 -15.780 -15.160 -14.810 -14.960 -15.350 -15.600 -14.730 -15.270 -15.020 -14.980 -14.870 -14.900 -14.710 -14.480 -14.400 -14.120 -14.170 -14.090 -13.900 -13.930 -13.570 -13.120 -12.990 -12.900 -12.680 -12.530 -12.550 -12.390 -12.330 -12.190 -12.150 -11.970 -11.860 -11.680 -11.560 -11.570 -11.610 -11.400 -11.480
