0925_6225/LITTO3D_FRA_0927_6225_20150529_LAMB93_RGF93_IGN69/MNT5m/LITTO3D_FRA_0927_6225_MNT5_20150128_LAMB93_RGF93_IGN69.asc
ncols 200
nrows 200
xllcenter 927000.000
yllcenter 6224005.000
cellsize 5.0000
nodata_value -99999
[rows 0 to 29 of 200, columns 0 to 66 of 200]
-22.630 -22.690 -22.390 -22.550 -22.760 -22.620 -22.410 -22.260 -22.080 -21.920 -21.890 -21.980 -21.700 -21.660 -21.620 -21.820 -21.720 -21.610 -21.460 -21.530 -21.630 -21.560 -21.760 -21.480 -21.440 -21.640 -21.640 -21.210 -21.150 -20.970 -20.980 -20.700 -20.660 -20.660 -20.870 -20.810 -20.760 -20.670 -20.800 -20.740 -20.780 -20.920 -20.800 -20.750 -20.660 -20.830 -20.510 -20.690 -20.500 -20.400 -20.250 -20.150 -20.160 -20.010 -20.040 -20.080 -20.020 -20.000 -20.050 -20.070 -19.770 -19.550 -19.290 -19.220 -19.180 -18.900 -18.670
-22.670 -22.720 -22.580 -22.650 -22.700 -22.530 -22.290 -22.070 -22.060 -21.760 -22.120 -22.050 -21.700 -21.720 -21.810 -21.800 -21.500 -21.360 -21.410 -21.170 -21.310 -21.220 -21.400 -21.350 -21.420 -21.310 -21.260 -21.120 -21.090 -20.510 -20.700 -20.550 -20.640 -20.440 -20.580 -20.500 -20.770 -20.790 -20.790 -20.620 -20.580 -20.440 -20.530 -20.420 -20.610 -20.620 -20.650 -20.500 -20.560 -20.370 -20.260 -20.220 -20.150 -20.220 -19.970 -19.870 -19.790 -19.960 -19.800 -19.890 -19.650 -19.460 -19.090 -18.590 -18.820 -18.700 -18.580
-22.650 -22.520 -22.430 -22.400 -22.440 -22.070 -22.040 -21.710 -21.740 -21.890 -22.030 -22.060 -21.960 -21.760 -21.740 -21.670 -21.570 -21.430 -20.930 -20.720 -21.110 -21.260 -21.010 -21.490 -21.300 -21.170 -21.010 -20.940 -20.870 -20.730 -20.750 -20.730 -20.560 -20.400 -20.600 -20.710 -20.560 -20.710 -20.690 -20.670 -20.650 -20.560 -20.610 -20.260 -20.610 -20.570 -20.480 -20.600 -20.420 -20.350 -20.210 -20.230 -20.080 -19.990 -19.860 -19.360 -19.410 -19.220 -19.410 -19.400 -19.470 -19.180 -18.820 -18.560 -18.380 -18.320 -18.290
-22.600 -22.480 -22.370 -22.200 -21.970 -22.050 -21.740 -21.760 -21.920 -22.070 -22.040 -21.960 -22.270 -21.920 -21.620 -21.760 -21.510 -21.180 -20.830 -21.200 -21.250 -21.040 -21.290 -21.320 -20.820 -21.010 -20.950 -20.610 -20.860 -20.410 -20.810 -20.700 -20.550 -20.390 -20.560 -20.500 -20.550 -20.530 -20.610 -20.600 -20.410 -20.610 -20.360 -20.390 -20.350 -20.370 -20.380 -20.360 -20.280 -19.950 -20.110 -19.660 -19.530 -19.470 -19.100 -18.950 -18.800 -18.960 -18.910 -19.040 -19.260 -19.150 -18.830 -18.510 -18.370 -18.230 -18.150
-22.390 -22.200 -22.370 -22.150 -21.770 -21.740 -21.750 -21.850 -21.870 -21.720 -21.420 -21.580 -21.930 -21.720 -21.830 -21.680 -21.460 -21.040 -21.000 -21.300 -21.130 -21.140 -21.200 -20.970 -20.920 -20.820 -20.700 -20.660 -20.730 -21.050 -20.730 -21.030 -20.590 -20.540 -20.620 -20.310 -20.300 -20.300 -20.460 -20.380 -20.380 -20.460 -20.160 -20.250 -20.110 -20.120 -20.020 -20.130 -20.060 -19.650 -19.410 -19.250 -19.040 -18.810 -18.680 -18.720 -18.760 -18.630 -18.950 -19.180 -18.990 -18.870 -18.650 -18.340 -18.250 -18.520 -18.240
-22.060 -21.920 -22.390 -21.930 -21.790 -21.490 -21.800 -21.610 -21.550 -21.470 -21.520 -21.530 -21.770 -21.790 -21.400 -21.750 -21.460 -21.090 -21.220 -21.060 -21.520 -21.130 -20.920 -20.980 -20.900 -20.860 -20.880 -20.610 -20.860 -20.780 -20.910 -20.860 -21.050 -20.480 -20.210 -19.930 -19.820 -19.950 -19.770 -20.110 -19.870 -20.150 -20.090 -20.020 -20.020 -19.830 -20.030 -19.860 -19.980 -19.840 -19.410 -19.220 -19.120 -19.030 -18.960 -18.870 -18.720 -18.760 -18.870 -18.810 -18.850 -18.830 -18.500 -18.220 -18.200 -18.280 -18.240
-22.120 -22.030 -22.010 -22.140 -21.860 -21.800 -21.600 -21.440 -21.300 -21.250 -21.010 -21.450 -21.520 -21.670 -21.760 -21.390 -21.410 -21.270 -21.260 -21.220 -21.220 -20.840 -21.150 -21.070 -20.750 -20.640 -20.760 -20.690 -20.590 -20.780 -20.960 -20.750 -20.390 -19.970 -20.010 -19.950 -19.860 -20.050 -19.910 -19.820 -20.030 -19.990 -19.830 -19.890 -19.750 -19.790 -19.810 -19.750 -19.950 -19.850 -19.670 -19.330 -18.890 -19.120 -19.080 -19.050 -18.790 -18.630 -18.880 -18.600 -18.710 -18.440 -18.320 -18.250 -18.290 -18.290 -18.270
-21.890 -22.100 -22.040 -21.860 -21.940 -21.800 -21.750 -21.460 -21.200 -21.460 -21.640 -21.690 -21.590 -21.730 -21.840 -21.500 -21.610 -21.310 -21.230 -21.020 -21.100 -21.070 -20.770 -20.950 -20.860 -20.560 -20.700 -20.510 -20.680 -20.640 -20.620 -20.520 -20.220 -20.080 -19.960 -20.160 -20.230 -20.340 -19.880 -19.830 -19.700 -20.010 -19.800 -19.710 -19.680 -19.780 -19.790 -19.770 -19.890 -19.900 -19.620 -19.330 -19.040 -19.040 -18.850 -18.850 -18.710 -18.760 -18.700 -18.990 -18.430 -18.480 -18.440 -18.310 -18.360 -18.300 -18.410
-21.890 -21.850 -21.690 -21.520 -21.970 -21.830 -21.960 -21.570 -21.950 -21.710 -21.700 -21.630 -21.740 -21.680 -21.880 -21.610 -21.540 -21.300 -21.130 -20.830 -21.030 -21.020 -21.110 -20.910 -20.910 -20.790 -20.550 -20.670 -20.660 -20.660 -20.580 -20.350 -20.270 -20.180 -19.810 -19.910 -19.990 -20.250 -19.810 -19.900 -19.840 -19.610 -19.620 -19.680 -19.550 -19.590 -19.680 -19.760 -19.860 -19.700 -19.450 -19.380 -19.210 -19.050 -19.040 -18.860 -18.910 -18.890 -18.840 -18.790 -18.560 -18.460 -18.270 -18.290 -18.230 -18.230 -18.190
-21.650 -21.790 -21.920 -21.420 -21.570 -21.550 -21.710 -21.790 -21.780 -21.800 -21.740 -21.640 -21.530 -21.450 -21.290 -21.400 -21.360 -21.050 -20.860 -20.690 -20.480 -20.700 -20.690 -20.800 -20.950 -20.710 -20.760 -20.920 -20.730 -20.570 -20.400 -20.290 -20.450 -20.130 -19.960 -20.000 -19.800 -19.930 -19.800 -19.860 -19.680 -19.620 -19.510 -19.300 -19.540 -19.520 -19.440 -19.580 -19.580 -19.440 -19.180 -19.300 -19.080 -18.940 -18.850 -18.820 -18.970 -19.050 -18.930 -18.710 -18.920 -18.440 -18.390 -18.130 -18.120 -18.030 -18.130
-21.570 -21.960 -21.550 -21.420 -21.510 -21.490 -21.860 -21.600 -21.610 -21.910 -21.680 -21.670 -21.530 -21.260 -20.940 -21.160 -21.210 -20.730 -20.770 -20.620 -20.580 -20.720 -20.860 -20.890 -20.790 -20.810 -20.900 -20.680 -20.790 -20.330 -20.390 -20.340 -20.050 -19.720 -19.640 -19.730 -19.700 -19.910 -19.940 -19.890 -19.380 -19.320 -19.300 -19.210 -19.250 -19.290 -19.200 -19.220 -19.130 -19.180 -18.940 -18.850 -18.950 -18.660 -18.740 -18.720 -18.690 -18.680 -18.640 -18.580 -18.940 -18.460 -18.340 -18.040 -18.120 -17.950 -17.990
-21.480 -21.640 -21.510 -21.280 -21.560 -21.600 -21.660 -21.740 -21.660 -21.570 -21.350 -21.490 -21.460 -21.140 -21.080 -20.940 -21.060 -20.930 -20.780 -20.830 -20.890 -20.720 -20.650 -20.730 -20.710 -20.820 -20.720 -20.400 -20.450 -20.140 -19.750 -20.170 -19.770 -19.420 -19.470 -19.180 -19.250 -19.560 -19.730 -19.550 -19.500 -19.250 -19.200 -19.030 -19.220 -18.960 -19.150 -19.200 -18.790 -18.650 -18.600 -18.530 -18.650 -18.600 -18.330 -18.380 -18.510 -18.350 -18.460 -18.720 -18.530 -18.240 -18.000 -18.170 -18.020 -17.900 -17.890
-21.700 -21.690 -21.720 -21.690 -21.280 -21.530 -21.510 -21.770 -21.790 -21.550 -21.110 -21.070 -21.030 -20.960 -21.160 -20.940 -20.850 -20.670 -20.800 -20.890 -20.810 -20.790 -20.790 -20.920 -20.960 -20.620 -20.470 -20.180 -20.120 -19.880 -19.610 -19.470 -19.340 -19.330 -19.320 -19.400 -19.200 -19.450 -19.650 -19.760 -19.510 -19.450 -19.220 -19.230 -19.020 -19.090 -18.960 -19.000 -18.750 -18.610 -18.400 -18.530 -18.510 -18.480 -18.770 -18.580 -18.730 -18.520 -18.650 -18.640 -18.400 -18.330 -18.270 -18.200 -18.070 -17.940 -17.870
-21.410 -21.660 -21.510 -21.780 -21.640 -21.520 -21.530 -21.780 -21.540 -21.460 -21.260 -21.070 -20.920 -20.830 -20.900 -20.720 -20.430 -20.230 -20.890 -20.570 -20.590 -20.750 -20.850 -20.810 -20.680 -20.430 -20.230 -19.980 -20.210 -20.070 -19.670 -19.520 -19.470 -19.480 -19.390 -19.340 -19.420 -19.540 -19.900 -19.930 -19.730 -19.460 -19.270 -19.130 -19.070 -18.960 -18.880 -18.820 -18.690 -18.380 -18.370 -18.460 -18.360 -18.460 -18.540 -18.740 -18.590 -18.470 -18.600 -18.380 -18.290 -18.400 -18.190 -18.090 -18.210 -18.130 -18.030
-21.880 -21.610 -21.630 -21.530 -21.700 -21.490 -21.390 -21.360 -21.420 -21.110 -20.820 -20.600 -20.720 -20.580 -20.440 -20.230 -20.060 -19.730 -19.680 -19.450 -19.860 -20.310 -20.490 -20.240 -20.450 -20.450 -20.500 -20.320 -20.290 -19.810 -19.900 -19.390 -19.510 -19.370 -19.380 -19.330 -19.370 -19.470 -19.770 -19.880 -19.850 -19.640 -19.370 -19.110 -18.770 -18.830 -18.720 -18.710 -18.660 -18.510 -18.380 -18.350 -18.370 -18.560 -18.660 -18.630 -18.590 -18.530 -18.510 -18.230 -18.170 -18.280 -18.110 -18.090 -18.150 -18.070 -17.910
-21.500 -21.660 -21.770 -21.700 -21.330 -21.230 -21.250 -21.260 -21.230 -21.060 -20.410 -20.220 -20.210 -20.110 -19.960 -20.190 -20.030 -19.850 -19.660 -19.520 -19.470 -19.710 -19.800 -19.920 -20.130 -19.940 -20.190 -20.180 -20.320 -19.980 -19.710 -19.770 -19.200 -19.620 -19.560 -19.420 -19.470 -19.480 -19.640 -19.910 -19.790 -19.580 -19.520 -19.150 -19.190 -19.060 -19.170 -18.900 -18.500 -18.490 -18.400 -18.490 -18.570 -18.620 -18.400 -18.600 -18.450 -18.590 -18.380 -18.260 -18.200 -18.040 -18.020 -17.980 -18.050 -17.950 -17.930
-21.350 -21.510 -21.320 -21.310 -21.040 -21.040 -21.000 -21.160 -21.120 -20.550 -19.800 -19.790 -19.830 -20.290 -19.910 -20.170 -20.060 -20.210 -20.640 -19.690 -19.610 -19.640 -19.650 -19.800 -20.020 -19.990 -20.390 -20.400 -20.280 -20.330 -20.040 -19.720 -19.680 -19.660 -19.370 -19.580 -19.710 -19.710 -19.710 -19.830 -19.750 -19.560 -19.430 -19.290 -19.140 -19.000 -19.000 -18.850 -18.960 -18.630 -18.610 -18.570 -18.530 -18.490 -18.450 -18.490 -18.320 -18.320 -18.210 -18.110 -17.910 -17.920 -17.920 -18.020 -17.850 -17.830 -17.630
-20.690 -20.910 -20.740 -20.610 -20.620 -20.520 -20.630 -20.980 -20.760 -20.370 -20.580 -20.310 -20.440 -20.250 -19.840 -20.100 -20.230 -20.380 -20.750 -20.740 -20.420 -20.170 -20.010 -20.090 -20.320 -20.490 -20.480 -20.590 -20.460 -20.420 -20.190 -19.950 -20.170 -20.100 -19.480 -19.570 -19.490 -19.740 -19.660 -19.680 -19.480 -19.540 -19.510 -19.370 -19.120 -19.060 -18.880 -18.970 -18.810 -18.740 -18.420 -18.520 -18.440 -18.250 -18.470 -18.270 -18.370 -18.050 -17.950 -18.070 -17.870 -17.850 -17.650 -17.850 -17.710 -17.700 -17.620
-20.730 -20.450 -20.780 -20.520 -20.410 -20.170 -20.050 -20.120 -20.320 -20.540 -20.590 -20.600 -20.620 -20.840 -20.600 -20.590 -20.680 -20.660 -20.800 -20.700 -20.690 -20.830 -20.410 -20.410 -20.570 -20.580 -20.520 -20.720 -20.380 -20.390 -20.230 -20.160 -19.870 -19.730 -19.590 -19.540 -19.380 -19.590 -19.700 -19.430 -19.360 -19.350 -19.390 -19.340 -19.100 -19.070 -18.950 -18.930 -18.770 -18.580 -18.230 -18.440 -18.390 -18.240 -18.280 -18.030 -18.190 -17.960 -17.780 -17.710 -17.650 -17.620 -17.710 -17.730 -17.530 -17.560 -17.610
-20.600 -20.330 -20.550 -19.820 -20.210 -20.000 -19.570 -19.590 -19.920 -20.240 -20.290 -20.580 -20.590 -20.860 -20.800 -20.540 -20.790 -20.660 -20.810 -20.780 -20.590 -20.680 -20.560 -20.320 -20.460 -20.500 -20.350 -20.360 -20.220 -20.310 -20.310 -20.310 -20.060 -19.800 -19.720 -19.670 -19.530 -19.540 -19.550 -19.300 -19.250 -19.120 -19.030 -18.920 -18.920 -18.980 -18.790 -18.710 -18.450 -18.660 -18.420 -18.530 -18.250 -18.180 -18.160 -18.280 -18.390 -18.630 -18.790 -18.040 -17.540 -17.480 -17.720 -17.490 -17.500 -17.520 -17.590
-20.530 -21.010 -20.650 -20.900 -20.470 -20.310 -19.670 -19.520 -19.310 -20.110 -19.650 -19.990 -20.320 -20.420 -20.740 -20.550 -20.720 -20.950 -20.780 -20.700 -20.640 -20.650 -20.480 -20.440 -20.110 -20.440 -20.370 -20.170 -20.100 -20.270 -20.170 -19.910 -20.070 -19.830 -19.590 -19.620 -19.400 -19.370 -19.310 -19.190 -18.890 -18.790 -19.050 -18.880 -19.140 -18.820 -18.820 -18.790 -18.420 -18.290 -18.290 -18.260 -18.270 -18.200 -18.120 -18.000 -17.860 -18.070 -18.940 -19.390 -18.440 -17.320 -17.520 -17.550 -17.480 -17.390 -17.690
-20.820 -20.890 -20.630 -20.730 -20.550 -20.030 -19.920 -19.500 -19.170 -19.140 -19.270 -19.160 -19.740 -19.530 -19.900 -19.760 -20.110 -20.250 -20.620 -20.310 -20.610 -20.580 -20.380 -20.420 -20.340 -20.390 -20.250 -20.250 -20.340 -20.220 -20.140 -19.880 -19.940 -19.900 -19.670 -19.700 -19.540 -19.370 -19.240 -19.100 -18.940 -18.990 -18.760 -18.850 -18.840 -18.900 -18.840 -18.630 -18.340 -18.250 -18.440 -18.210 -18.340 -18.200 -18.110 -18.040 -17.970 -17.730 -17.750 -18.020 -18.570 -17.920 -17.160 -17.010 -17.190 -17.490 -18.060
-20.910 -21.010 -20.970 -20.790 -20.640 -20.340 -20.020 -19.490 -19.530 -19.020 -18.920 -19.870 -19.260 -19.000 -19.250 -19.110 -19.490 -19.840 -20.550 -20.080 -19.970 -20.420 -20.240 -20.340 -19.900 -19.800 -20.070 -19.910 -20.090 -19.970 -19.820 -19.640 -19.770 -19.830 -19.480 -19.570 -19.600 -19.530 -19.210 -19.350 -19.190 -18.850 -18.850 -19.050 -18.950 -18.910 -18.900 -18.640 -18.520 -18.290 -18.180 -18.400 -18.290 -18.340 -18.250 -18.070 -17.980 -17.860 -17.820 -17.620 -17.460 -17.540 -17.440 -17.620 -17.940 -17.590 -17.740
-21.200 -20.940 -21.100 -20.870 -20.730 -20.710 -20.750 -19.940 -19.890 -19.750 -19.430 -19.480 -19.440 -19.430 -19.250 -19.150 -19.160 -19.620 -20.420 -20.330 -19.860 -20.200 -19.960 -19.610 -19.600 -19.450 -19.510 -19.160 -19.480 -19.440 -19.680 -19.790 -19.620 -19.630 -19.160 -19.100 -19.610 -19.390 -19.080 -19.160 -19.070 -18.920 -18.710 -18.950 -18.800 -18.860 -18.780 -18.560 -18.230 -18.290 -18.070 -18.200 -18.360 -18.320 -18.140 -17.960 -17.870 -17.790 -17.600 -17.530 -17.530 -17.510 -17.320 -17.390 -17.870 -18.160 -17.600
-20.800 -21.060 -21.000 -20.890 -20.710 -21.220 -21.030 -20.270 -20.020 -19.950 -19.720 -20.120 -20.220 -19.810 -19.930 -19.770 -19.780 -19.500 -20.360 -20.330 -20.190 -20.170 -20.260 -19.590 -19.500 -19.590 -19.290 -19.450 -19.590 -19.390 -19.450 -19.680 -19.610 -19.620 -19.230 -19.390 -19.680 -19.350 -19.260 -19.030 -19.200 -18.950 -19.040 -18.790 -18.760 -18.680 -18.550 -18.410 -18.260 -18.290 -18.230 -18.180 -18.130 -18.080 -18.090 -18.050 -17.980 -17.860 -17.760 -17.640 -17.580 -17.620 -17.450 -17.400 -17.680 -17.740 -17.810
-20.910 -21.280 -21.230 -21.150 -21.280 -20.950 -20.760 -20.250 -20.380 -19.820 -19.480 -19.370 -20.100 -20.220 -20.360 -20.230 -19.900 -20.290 -20.110 -20.380 -20.600 -20.510 -20.360 -20.120 -20.050 -20.010 -19.900 -20.000 -19.870 -19.660 -19.670 -19.760 -19.680 -19.610 -19.520 -19.610 -19.480 -19.370 -19.240 -19.230 -19.050 -19.080 -18.860 -18.790 -18.720 -18.540 -18.450 -18.380 -18.390 -18.540 -18.410 -18.370 -18.220 -18.330 -18.180 -18.280 -18.150 -18.480 -18.050 -17.760 -17.950 -17.620 -17.440 -17.440 -17.870 -17.880 -17.730
-20.960 -20.970 -21.420 -21.450 -21.150 -20.830 -20.750 -20.540 -20.440 -19.970 -19.580 -19.670 -19.770 -19.480 -20.200 -19.730 -19.830 -19.510 -19.750 -19.410 -20.230 -20.340 -20.230 -20.100 -19.830 -19.780 -19.990 -19.920 -19.820 -19.820 -19.510 -19.300 -19.260 -19.320 -19.330 -19.500 -19.500 -19.510 -19.340 -19.190 -19.210 -19.120 -19.160 -18.780 -18.860 -18.610 -18.630 -18.570 -18.520 -18.350 -18.420 -18.530 -18.420 -18.390 -18.420 -18.220 -18.140 -18.290 -17.730 -17.740 -17.660 -17.620 -17.570 -17.550 -17.640 -17.760 -17.700
-20.470 -21.100 -21.120 -21.230 -21.300 -20.820 -20.720 -20.490 -20.520 -20.060 -19.890 -19.930 -19.520 -19.790 -20.360 -20.130 -19.410 -19.170 -19.050 -19.020 -19.120 -19.660 -19.790 -19.330 -19.820 -19.670 -19.420 -19.660 -19.750 -19.950 -19.510 -19.230 -18.990 -19.000 -19.350 -19.420 -19.360 -19.130 -19.110 -19.150 -19.050 -19.150 -18.830 -18.970 -19.030 -18.890 -18.620 -18.480 -18.220 -18.340 -18.430 -18.610 -18.490 -18.600 -18.530 -18.280 -18.160 -17.930 -17.800 -17.740 -17.900 -17.580 -17.570 -17.440 -17.560 -17.590 -17.480
-20.360 -20.810 -20.740 -21.060 -21.230 -21.160 -20.760 -20.360 -20.570 -19.800 -19.530 -20.120 -19.710 -20.070 -19.900 -20.070 -19.500 -19.610 -19.870 -19.470 -19.650 -19.560 -19.330 -18.980 -19.750 -19.650 -19.680 -19.350 -19.350 -19.510 -19.350 -18.890 -18.750 -18.830 -19.020 -19.030 -18.960 -18.700 -18.880 -18.800 -18.960 -19.060 -18.920 -19.000 -18.900 -18.830 -18.580 -18.460 -18.230 -18.300 -18.360 -18.330 -18.260 -18.340 -18.320 -18.100 -17.900 -17.760 -17.650 -17.570 -17.620 -17.630 -17.620 -17.430 -17.500 -17.320 -17.270
-20.250 -20.310 -21.120 -20.720 -20.580 -20.940 -20.750 -20.830 -20.300 -19.860 -19.530 -19.890 -19.770 -20.380 -20.250 -20.160 -19.880 -19.990 -20.260 -19.700 -19.680 -19.710 -19.520 -19.360 -19.670 -19.430 -19.600 -19.270 -19.410 -19.740 -19.620 -19.340 -19.290 -19.090 -19.060 -18.930 -18.890 -18.760 -18.940 -19.020 -19.030 -19.170 -19.100 -19.020 -18.880 -18.840 -18.720 -18.550 -18.480 -18.210 -18.410 -18.590 -18.510 -18.290 -17.920 -18.060 -17.640 -17.730 -17.690 -17.620 -17.640 -17.620 -17.390 -17.310 -17.350 -17.180 -17.110
