0925_6225/LITTO3D_FRA_0927_6225_20150529_LAMB93_RGF93_IGN69/MNT5m/LITTO3D_FRA_0927_6225_MNT5_20150128_LAMB93_RGF93_IGN69.asc
ncols 200
nrows 200
xllcenter 927000.000
yllcenter 6224005.000
cellsize 5.0000
nodata_value -99999
[rows 120 to 149 of 200, columns 67 to 133 of 200]
-10.500 -10.560 -10.480 -10.310 -10.250 -10.180 -10.200 -10.270 -10.400 -10.520 -10.420 -10.300 -10.480 -10.350 -10.300 -10.470 -10.370 -10.150 -10.160 -10.080 -10.090 -9.960 -9.900 -9.910 -9.820 -9.830 -9.760 -9.680 -9.840 -9.630 -9.750 -9.630 -9.680 -9.630 -9.730 -9.540 -9.590 -9.630 -9.650 -9.710 -9.630 -9.660 -9.670 -9.750 -9.780 -9.940 -10.090 -10.160 -10.270 -10.510 -10.260 -10.090 -10.390 -10.360 -10.240 -10.970 -10.860 -10.170 -10.450 -10.510 -10.760 -10.580 -10.520 -10.750 -11.040 -10.910 -11.210
-10.340 -10.390 -10.490 -10.310 -10.450 -10.150 -10.180 -10.290 -10.410 -10.530 -10.420 -10.380 -10.300 -10.230 -10.300 -10.140 -10.890 -10.460 -10.170 -10.170 -10.110 -10.090 -9.940 -9.880 -9.760 -9.860 -9.770 -9.720 -9.620 -9.660 -9.520 -9.520 -9.460 -9.670 -9.700 -9.550 -9.390 -9.480 -9.430 -9.720 -9.930 -9.620 -9.610 -9.740 -9.710 -9.970 -9.970 -10.110 -10.180 -10.250 -10.320 -10.150 -9.810 -10.500 -10.940 -11.040 -11.420 -11.170 -10.470 -10.230 -10.280 -10.690 -10.800 -10.460 -10.900 -10.970 -10.980
-10.300 -10.170 -10.220 -10.190 -10.070 -10.090 -10.070 -10.170 -10.270 -10.540 -10.290 -10.150 -10.060 -9.970 -10.020 -10.030 -10.040 -10.150 -10.110 -10.180 -10.200 -9.990 -9.980 -9.760 -9.860 -9.840 -9.720 -9.560 -9.590 -9.520 -9.520 -9.560 -9.600 -9.460 -9.450 -9.330 -9.340 -9.370 -9.190 -9.430 -9.390 -9.500 -9.600 -9.730 -9.750 -9.740 -9.890 -10.130 -10.130 -9.860 -10.210 -10.220 -10.120 -9.750 -10.450 -10.920 -11.090 -10.750 -10.390 -10.010 -10.380 -10.250 -10.460 -10.450 -10.620 -10.800 -10.920
-10.170 -10.030 -10.180 -10.090 -9.990 -9.930 -9.990 -10.140 -10.300 -10.280 -10.220 -10.070 -10.080 -9.920 -9.910 -9.740 -9.750 -10.020 -9.720 -9.990 -10.050 -9.920 -9.940 -9.850 -9.780 -9.810 -9.660 -9.580 -9.550 -9.440 -9.370 -9.480 -9.360 -9.460 -9.340 -9.290 -9.110 -9.330 -9.220 -9.320 -9.340 -9.410 -9.450 -9.640 -9.740 -9.850 -9.880 -9.920 -9.930 -9.800 -9.950 -9.910 -10.120 -10.090 -9.960 -9.800 -10.010 -10.230 -10.530 -10.680 -10.850 -10.560 -10.190 -10.280 -10.480 -10.560 -10.790
-10.060 -10.050 -9.930 -9.960 -10.030 -10.140 -10.070 -10.200 -10.090 -9.920 -10.030 -10.000 -10.080 -10.160 -9.820 -9.700 -9.790 -9.790 -9.570 -9.820 -9.600 -9.590 -9.640 -9.680 -9.620 -9.590 -9.600 -9.550 -9.440 -9.390 -9.370 -9.300 -9.210 -9.330 -9.190 -9.170 -9.200 -9.260 -9.280 -9.200 -9.380 -9.320 -9.380 -9.300 -9.360 -9.730 -9.650 -9.780 -9.710 -9.800 -9.880 -9.850 -9.950 -10.020 -10.070 -9.980 -9.860 -9.850 -9.630 -9.650 -10.210 -10.710 -10.810 -10.780 -10.140 -10.330 -10.750
-9.920 -9.800 -9.860 -9.940 -10.040 -9.910 -9.960 -9.930 -9.750 -9.740 -9.750 -9.570 -9.570 -9.450 -9.790 -9.720 -9.820 -9.700 -9.700 -9.550 -9.510 -9.400 -9.360 -9.400 -9.390 -9.400 -9.500 -9.210 -9.260 -9.120 -9.160 -9.050 -9.220 -9.300 -9.230 -9.260 -9.240 -9.250 -9.340 -9.290 -9.240 -9.090 -9.290 -9.180 -9.240 -9.310 -9.430 -9.430 -9.530 -9.490 -9.620 -9.810 -9.960 -9.900 -10.020 -9.850 -9.970 -9.970 -10.200 -9.790 -10.000 -9.840 -9.750 -10.420 -10.940 -10.070 -10.480
-9.760 -9.680 -9.570 -9.640 -9.660 -9.760 -9.730 -9.900 -9.690 -9.590 -9.500 -9.400 -9.380 -9.400 -9.490 -9.660 -9.590 -9.530 -9.510 -9.440 -9.360 -9.290 -9.250 -9.240 -9.240 -9.300 -9.250 -9.100 -9.090 -9.060 -9.130 -9.010 -9.210 -9.140 -9.120 -9.070 -9.270 -9.170 -9.160 -9.110 -9.200 -9.190 -9.140 -9.080 -9.140 -9.280 -9.370 -9.360 -9.260 -9.220 -9.290 -9.510 -9.750 -9.880 -9.700 -9.840 -9.790 -9.870 -10.080 -10.110 -9.500 -9.590 -9.750 -9.550 -9.750 -9.830 -9.910
-9.530 -9.390 -9.420 -9.550 -9.550 -9.580 -9.590 -9.550 -9.680 -9.490 -9.550 -9.300 -9.250 -9.300 -9.290 -9.280 -9.140 -9.310 -9.340 -9.210 -9.220 -9.240 -9.300 -9.000 -9.010 -9.090 -9.020 -8.910 -9.090 -8.900 -8.900 -8.920 -8.810 -8.990 -8.830 -8.970 -9.040 -9.140 -9.060 -9.130 -9.060 -9.040 -9.050 -9.180 -9.110 -9.090 -9.000 -9.130 -9.220 -9.200 -9.270 -9.380 -9.350 -9.560 -9.380 -9.770 -9.690 -9.660 -9.730 -9.660 -9.360 -9.410 -9.570 -9.530 -9.530 -9.520 -9.970
-9.360 -9.200 -9.430 -9.270 -9.110 -9.410 -9.350 -9.600 -9.590 -9.570 -9.430 -9.340 -9.210 -9.180 -9.130 -9.070 -9.070 -9.160 -9.170 -9.040 -9.340 -9.160 -9.050 -8.950 -8.950 -8.780 -8.840 -8.820 -8.930 -8.900 -8.940 -8.670 -8.760 -8.640 -8.760 -8.990 -8.760 -8.810 -8.910 -9.360 -8.730 -9.170 -9.360 -9.330 -9.060 -9.010 -8.820 -8.920 -9.000 -9.170 -9.080 -9.400 -10.000 -10.540 -9.850 -9.440 -9.700 -9.960 -9.580 -9.450 -9.490 -9.410 -9.470 -9.450 -9.780 -9.870 -9.640
-9.170 -9.120 -9.240 -9.220 -9.120 -9.210 -9.090 -9.180 -9.340 -9.490 -9.280 -9.340 -9.140 -9.250 -9.020 -8.950 -9.090 -9.170 -9.190 -9.190 -9.180 -9.140 -8.970 -9.080 -8.770 -8.860 -8.850 -8.810 -8.750 -8.790 -8.740 -8.800 -8.650 -8.610 -8.520 -8.570 -8.590 -8.730 -8.710 -8.840 -8.810 -8.890 -8.820 -10.270 -9.170 -8.800 -8.630 -8.670 -8.880 -9.000 -9.000 -9.160 -9.010 -8.970 -9.080 -9.190 -9.250 -9.390 -9.870 -9.480 -9.460 -9.360 -9.550 -9.660 -9.670 -9.680 -9.550
-9.150 -8.940 -8.900 -9.180 -9.070 -9.090 -9.180 -9.110 -9.260 -9.290 -9.300 -9.170 -9.000 -9.120 -9.450 -9.120 -9.050 -9.370 -9.370 -9.010 -8.990 -8.950 -9.000 -8.860 -8.820 -8.790 -8.740 -8.820 -8.710 -8.760 -8.650 -8.490 -8.540 -8.590 -8.510 -8.300 -8.420 -8.560 -8.650 -8.630 -8.650 -8.730 -8.880 -8.930 -9.030 -8.920 -8.800 -9.230 -8.730 -8.870 -9.080 -9.580 -9.450 -8.830 -9.010 -9.130 -9.430 -9.910 -9.850 -9.550 -9.340 -9.500 -9.430 -9.320 -9.510 -9.730 -9.570
-8.880 -8.800 -8.890 -9.140 -9.150 -9.000 -9.150 -9.160 -8.970 -9.050 -8.980 -8.990 -9.050 -9.420 -9.070 -9.120 -8.910 -8.870 -8.880 -9.030 -8.950 -8.830 -8.770 -8.700 -8.740 -8.590 -8.650 -8.510 -8.650 -8.760 -8.390 -8.530 -8.480 -8.270 -8.350 -8.150 -8.210 -8.330 -8.440 -8.480 -8.680 -8.610 -8.840 -8.760 -8.770 -8.960 -8.770 -8.390 -8.590 -8.770 -8.920 -9.020 -10.100 -8.760 -8.980 -8.920 -8.800 -8.870 -9.840 -8.960 -8.930 -9.470 -9.410 -9.340 -9.330 -9.390 -9.440
-8.800 -8.660 -8.890 -8.820 -8.890 -8.970 -9.030 -9.030 -8.900 -8.810 -8.980 -9.020 -8.910 -9.100 -9.170 -9.100 -8.720 -8.730 -8.570 -8.780 -8.710 -8.590 -8.560 -8.520 -8.450 -8.630 -8.540 -8.510 -8.340 -8.410 -8.310 -8.420 -8.590 -8.190 -8.170 -8.200 -8.090 -8.150 -8.310 -8.230 -8.380 -8.360 -8.590 -8.650 -8.650 -8.560 -8.800 -8.760 -8.660 -8.700 -8.710 -8.840 -8.970 -8.840 -8.710 -9.000 -8.880 -8.870 -8.880 -9.070 -8.810 -8.930 -8.860 -9.030 -9.270 -9.330 -9.330
-8.620 -8.790 -8.910 -8.870 -8.700 -8.800 -8.890 -8.790 -8.800 -8.730 -8.710 -8.660 -8.750 -8.620 -8.970 -8.920 -8.800 -8.570 -8.370 -8.470 -8.560 -8.430 -8.370 -8.570 -8.500 -8.420 -8.240 -8.220 -8.160 -8.060 -8.070 -8.230 -8.450 -8.190 -8.040 -8.110 -8.100 -8.130 -7.990 -8.110 -8.000 -8.200 -8.330 -8.430 -8.530 -8.570 -8.540 -8.570 -8.560 -8.800 -8.600 -8.620 -8.610 -8.670 -8.690 -8.760 -8.760 -8.940 -9.000 -9.000 -9.070 -8.850 -8.620 -8.830 -9.150 -9.090 -9.230
-8.480 -8.610 -8.650 -8.610 -8.500 -8.440 -8.550 -8.410 -8.760 -8.600 -8.590 -8.670 -8.650 -8.540 -8.800 -8.670 -8.560 -8.350 -8.450 -8.440 -8.410 -8.370 -8.350 -8.280 -8.180 -8.230 -8.400 -8.270 -8.150 -8.030 -7.970 -8.140 -8.350 -8.250 -8.210 -8.190 -8.040 -7.970 -8.010 -8.210 -8.100 -8.210 -8.130 -8.240 -8.280 -8.500 -8.480 -8.580 -8.580 -8.620 -8.450 -8.660 -8.520 -8.580 -8.730 -8.940 -8.730 -8.720 -8.800 -8.980 -8.820 -8.880 -8.860 -8.830 -8.880 -8.930 -8.970
-8.430 -8.640 -8.490 -8.570 -8.440 -8.460 -8.320 -8.420 -8.340 -8.550 -8.450 -8.550 -8.440 -8.700 -8.380 -8.400 -8.400 -8.230 -8.250 -8.650 -8.230 -8.270 -8.270 -8.200 -8.110 -7.950 -8.080 -8.050 -8.110 -7.990 -8.080 -8.190 -8.380 -8.150 -8.060 -7.980 -8.000 -7.910 -8.010 -7.920 -7.990 -7.990 -8.050 -8.080 -8.220 -8.170 -8.400 -8.430 -8.520 -8.460 -8.280 -8.220 -8.260 -8.660 -8.800 -8.760 -8.640 -8.780 -8.860 -8.810 -8.980 -8.620 -8.870 -8.760 -8.700 -8.910 -8.970
-8.250 -8.390 -8.330 -8.240 -8.360 -8.220 -8.290 -8.300 -8.230 -8.340 -8.380 -8.330 -8.340 -8.240 -8.220 -8.260 -8.230 -8.040 -8.050 -8.170 -8.110 -8.180 -7.970 -7.940 -8.080 -8.020 -7.970 -7.900 -7.830 -7.980 -7.980 -8.270 -8.360 -8.140 -8.000 -7.940 -7.900 -7.920 -7.990 -7.780 -7.910 -7.840 -7.880 -7.920 -7.970 -8.100 -8.150 -8.480 -8.230 -8.280 -8.100 -8.010 -8.230 -8.230 -9.280 -8.660 -8.510 -8.860 -8.730 -8.810 -9.030 -8.940 -9.010 -8.810 -8.600 -8.720 -8.890
-7.860 -7.960 -8.130 -8.080 -7.980 -8.040 -8.030 -8.090 -8.110 -8.260 -8.260 -8.190 -8.210 -8.120 -8.090 -8.170 -7.970 -7.920 -7.910 -7.960 -8.040 -8.030 -7.970 -7.720 -7.810 -7.920 -7.720 -7.810 -7.720 -7.790 -7.910 -8.110 -8.160 -8.200 -8.030 -8.020 -8.110 -7.950 -7.990 -7.830 -7.840 -7.770 -7.820 -7.760 -7.820 -7.900 -8.050 -8.040 -8.050 -7.780 -7.990 -7.940 -7.970 -7.950 -8.220 -8.310 -8.480 -8.480 -8.640 -8.620 -8.960 -8.580 -8.400 -8.420 -8.380 -8.390 -8.430
-7.660 -7.690 -7.570 -7.790 -7.770 -7.770 -7.970 -7.920 -7.870 -8.020 -8.110 -8.070 -8.090 -8.000 -7.930 -7.910 -7.970 -7.670 -7.830 -7.850 -7.750 -7.770 -7.700 -7.800 -7.820 -7.720 -7.750 -7.690 -7.670 -7.670 -7.750 -7.820 -7.860 -7.990 -7.780 -7.930 -7.920 -7.800 -7.880 -7.980 -7.790 -7.680 -7.510 -7.700 -7.590 -7.700 -7.750 -7.840 -7.810 -7.750 -7.800 -7.980 -7.880 -8.030 -8.150 -8.310 -8.360 -8.400 -8.190 -8.490 -8.570 -8.740 -8.770 -8.600 -8.360 -8.350 -8.470
-7.410 -7.390 -7.490 -7.460 -7.540 -7.750 -7.710 -7.570 -7.500 -7.730 -7.980 -8.110 -7.860 -7.890 -7.730 -7.770 -7.700 -7.710 -7.760 -7.570 -7.650 -7.680 -7.580 -7.580 -7.760 -7.700 -7.690 -7.490 -7.590 -7.620 -7.540 -7.640 -7.720 -7.680 -7.830 -7.700 -7.670 -7.710 -7.700 -7.730 -7.680 -7.650 -7.550 -7.650 -7.590 -7.640 -7.660 -7.720 -7.720 -7.780 -7.540 -7.950 -7.910 -7.990 -7.930 -8.060 -8.080 -8.250 -8.350 -8.190 -8.110 -8.700 -9.280 -8.460 -8.330 -8.200 -8.400
-7.200 -7.200 -7.090 -7.100 -7.230 -7.250 -7.410 -7.390 -7.530 -7.560 -7.830 -8.180 -7.760 -7.620 -7.620 -7.800 -7.780 -7.690 -7.530 -7.450 -7.480 -7.640 -7.480 -7.490 -7.490 -7.420 -7.590 -7.570 -7.550 -7.490 -7.320 -7.240 -7.290 -7.320 -7.560 -7.660 -7.550 -7.440 -7.470 -7.450 -7.300 -7.440 -7.500 -7.640 -7.710 -7.730 -7.630 -7.520 -7.480 -7.470 -7.530 -7.750 -7.930 -7.840 -7.960 -7.850 -7.940 -8.020 -8.110 -7.970 -8.090 -8.200 -8.580 -8.760 -8.530 -8.430 -8.270
-6.870 -6.970 -6.960 -6.810 -7.050 -7.070 -7.060 -7.300 -7.420 -7.310 -7.550 -7.650 -7.460 -7.460 -7.470 -7.670 -7.560 -7.610 -7.440 -7.400 -7.400 -7.450 -7.630 -7.470 -7.350 -7.430 -7.470 -7.370 -7.280 -7.340 -7.380 -7.390 -7.260 -7.260 -7.430 -7.450 -7.500 -7.430 -7.510 -7.280 -7.140 -7.220 -7.480 -7.620 -7.620 -7.520 -7.460 -7.290 -7.360 -7.420 -7.420 -7.610 -7.710 -7.690 -7.790 -8.080 -7.850 -7.870 -7.800 -7.900 -7.850 -7.970 -8.220 -8.280 -8.250 -8.150 -8.400
-6.630 -6.780 -6.710 -6.810 -6.840 -6.860 -7.030 -7.070 -7.140 -7.250 -7.370 -7.340 -7.480 -7.400 -7.330 -7.310 -7.330 -7.380 -7.290 -7.240 -7.300 -7.320 -7.690 -7.410 -7.420 -7.330 -7.280 -7.310 -7.290 -7.260 -7.090 -7.290 -7.250 -7.300 -7.350 -7.410 -7.550 -7.260 -7.360 -7.180 -7.390 -7.260 -7.380 -7.590 -7.440 -7.310 -7.330 -7.380 -7.410 -7.480 -7.360 -7.460 -7.690 -7.670 -7.700 -7.780 -7.850 -7.900 -7.750 -7.810 -7.880 -7.960 -8.100 -7.950 -8.050 -8.250 -8.300
-6.500 -6.490 -6.650 -6.610 -6.620 -6.630 -6.790 -7.010 -6.950 -6.970 -6.970 -7.220 -7.220 -7.240 -7.190 -7.200 -7.010 -7.160 -7.070 -7.010 -6.990 -7.100 -7.370 -7.210 -7.170 -7.230 -7.350 -7.120 -7.260 -7.210 -7.170 -7.200 -7.140 -7.250 -7.200 -7.420 -7.290 -7.210 -7.150 -7.150 -7.160 -7.230 -7.330 -7.360 -7.300 -7.250 -7.320 -7.390 -7.460 -7.400 -7.400 -7.390 -7.430 -7.600 -7.880 -7.620 -7.680 -7.820 -7.830 -7.990 -7.760 -8.090 -7.990 -7.920 -8.030 -7.980 -7.990
-6.230 -6.270 -6.460 -6.340 -6.390 -6.480 -6.560 -6.630 -7.000 -6.920 -6.890 -6.980 -7.000 -7.000 -7.010 -7.030 -6.860 -6.920 -6.880 -6.900 -6.890 -7.140 -7.180 -7.190 -7.010 -7.310 -7.210 -7.270 -7.240 -7.130 -7.040 -7.090 -7.230 -7.230 -7.090 -7.110 -7.180 -7.370 -7.110 -7.210 -7.160 -7.120 -7.120 -7.130 -7.160 -7.140 -7.200 -7.350 -7.300 -7.360 -7.260 -7.170 -7.360 -7.520 -7.520 -7.460 -7.470 -7.610 -7.650 -7.660 -7.660 -7.650 -7.780 -7.830 -7.890 -8.050 -8.100
-6.080 -6.050 -6.150 -6.160 -6.140 -6.430 -6.470 -6.740 -6.530 -6.600 -6.590 -6.700 -6.640 -6.740 -6.710 -6.620 -6.760 -6.750 -6.910 -6.880 -6.840 -6.960 -7.020 -7.110 -7.040 -7.150 -7.120 -7.250 -6.930 -6.910 -7.070 -6.990 -7.050 -7.000 -7.060 -7.150 -7.130 -7.090 -7.060 -7.030 -7.210 -7.180 -7.090 -6.880 -7.000 -7.010 -7.030 -7.110 -7.220 -7.220 -7.330 -7.340 -7.300 -7.340 -7.370 -7.410 -7.330 -7.430 -7.520 -7.580 -7.650 -7.680 -7.770 -8.220 -8.030 -7.800 -7.910
-5.790 -6.020 -6.090 -6.010 -6.000 -6.090 -6.110 -6.300 -6.420 -6.500 -6.530 -6.610 -6.370 -6.350 -6.460 -6.650 -6.580 -6.640 -6.660 -6.680 -6.660 -6.660 -6.710 -6.900 -6.870 -6.940 -7.010 -6.990 -6.910 -6.960 -7.000 -7.000 -6.870 -6.990 -6.970 -7.090 -7.130 -7.140 -7.080 -6.930 -6.970 -6.930 -6.900 -6.920 -6.810 -6.710 -6.740 -6.860 -6.890 -7.000 -7.210 -7.200 -7.170 -7.240 -7.320 -7.390 -7.290 -7.340 -7.580 -7.350 -7.460 -7.520 -7.570 -7.440 -7.340 -7.730 -7.800
-5.710 -5.760 -5.800 -6.040 -5.990 -6.120 -6.110 -5.990 -6.160 -6.410 -6.260 -6.540 -6.350 -6.450 -6.330 -6.310 -6.350 -6.520 -6.580 -6.570 -6.790 -6.600 -6.460 -6.610 -6.690 -6.780 -6.770 -6.810 -6.800 -6.860 -6.680 -6.780 -6.920 -6.880 -6.950 -7.070 -6.960 -6.900 -6.910 -7.010 -6.910 -6.690 -6.670 -6.590 -6.470 -6.460 -6.790 -6.730 -6.690 -6.710 -6.860 -6.950 -7.090 -6.980 -7.190 -7.210 -7.260 -7.290 -7.520 -7.480 -7.280 -7.360 -7.470 -7.380 -7.490 -7.530 -7.680
-5.330 -5.690 -5.570 -5.810 -5.870 -5.830 -5.950 -5.970 -5.970 -6.060 -6.320 -6.300 -6.180 -6.170 -6.280 -6.290 -6.260 -6.290 -6.310 -6.380 -6.830 -7.120 -6.330 -6.350 -6.400 -6.290 -6.380 -6.520 -6.530 -6.550 -6.660 -6.670 -6.720 -6.700 -6.880 -6.790 -6.800 -6.830 -6.860 -6.700 -6.690 -6.590 -6.690 -6.610 -6.270 -6.280 -6.370 -6.420 -6.490 -6.710 -6.780 -6.830 -6.910 -6.970 -6.990 -7.020 -7.110 -7.270 -7.240 -7.310 -7.250 -7.280 -7.250 -7.260 -7.350 -7.510 -7.640
-5.330 -5.500 -5.530 -5.570 -5.770 -5.800 -5.710 -5.710 -5.880 -5.820 -5.860 -5.850 -5.950 -6.100 -6.100 -6.050 -6.010 -6.270 -6.050 -6.160 -6.400 -6.510 -6.260 -6.140 -6.230 -6.100 -6.230 -6.170 -6.290 -6.500 -6.460 -6.500 -6.480 -6.650 -6.550 -6.740 -6.780 -6.570 -6.680 -6.640 -6.670 -6.590 -6.530 -6.530 -6.380 -6.320 -6.200 -6.280 -6.470 -6.590 -6.750 -6.770 -6.810 -6.930 -6.930 -6.940 -7.010 -6.990 -7.060 -7.090 -7.070 -7.030 -7.190 -7.160 -7.220 -7.310 -7.570
