0925_6225/LITTO3D_FRA_0926_6225_20150529_LAMB93_RGF93_IGN69/MNT5m/LITTO3D_FRA_0926_6225_MNT5_20150529_LAMB93_RGF93_IGN69.asc
ncols 200
nrows 200
xllcenter 926000.000
yllcenter 6224005.000
cellsize 5.0000
nodata_value -99999
[rows 93 to 123 of 200, columns 69 to 137 of 200]
0.450 0.540 1.220 1.710 4.410 7.290 8.420 9.020 9.860 9.940 9.830 9.120 8.340 6.890 5.790 4.580 3.320 0.410 -1.400 -1.100 -2.320 -3.780 -3.630 -3.440 -3.530 -3.850 -3.780 -3.570 -3.720 -4.040 -4.210 -4.460 -6.480 -6.560 -6.880 -7.630 -7.040 -5.870 -6.290 -6.960 -7.210 -7.840 -7.550 -7.070 -7.350 -7.600 -7.730 -7.690 -9.480 -10.260 -9.360 -10.110 -11.280 -11.190 -9.830 -9.850 -10.040 -10.360 -10.670 -11.300 -11.750 -11.650 -11.780 -11.800 -12.230 -13.450 -14.030 -14.800 -14.630
0.480 0.830 1.470 5.450 8.520 8.420 9.010 9.810 9.930 9.940 9.730 9.120 8.310 6.390 4.990 3.660 0.940 -0.430 -1.180 -1.440 -2.780 -2.840 -4.370 -3.830 -3.960 -4.010 -3.950 -3.330 -3.510 -3.850 -3.910 -4.320 -4.300 -4.540 -6.290 -6.760 -5.440 -5.490 -5.670 -6.820 -7.120 -7.630 -7.670 -7.160 -7.130 -7.430 -7.690 -7.780 -7.680 -7.450 -7.630 -8.840 -10.000 -10.340 -9.560 -9.560 -9.600 -9.620 -9.790 -10.210 -11.550 -11.470 -11.420 -11.650 -13.090 -12.840 -13.740 -14.960 -14.780
3.400 5.190 6.590 9.370 10.360 9.810 9.900 10.040 10.190 10.110 10.000 9.120 7.900 5.720 3.700 1.820 0.160 -0.780 -1.150 -1.510 -2.740 -2.450 -2.660 -3.270 -3.230 -3.940 -3.920 -3.210 -3.570 -3.670 -3.850 -4.130 -4.190 -4.330 -4.600 -4.690 -5.180 -6.030 -6.350 -6.650 -7.090 -7.280 -7.430 -7.330 -7.230 -7.250 -7.380 -7.580 -7.750 -7.720 -7.400 -8.160 -9.460 -9.670 -9.740 -9.700 -9.480 -9.290 -9.590 -9.780 -10.970 -11.360 -11.460 -11.500 -11.610 -12.090 -13.480 -14.350 -14.220
11.950 10.920 10.630 5.900 11.180 11.050 10.880 10.540 10.480 10.250 10.100 9.320 8.110 6.130 3.570 1.950 0.290 -0.800 -1.290 -1.260 -1.830 -2.400 -2.430 -2.670 -2.570 -3.580 -3.120 -3.210 -3.430 -3.510 -3.840 -3.930 -3.950 -4.010 -4.310 -4.660 -5.280 -6.550 -6.350 -6.530 -7.030 -6.910 -7.550 -7.540 -7.120 -7.070 -7.360 -7.500 -7.670 -7.330 -7.590 -8.720 -9.070 -9.490 -9.310 -9.470 -9.400 -9.150 -9.160 -9.310 -10.810 -11.250 -11.300 -11.760 -11.940 -11.810 -12.950 -13.910 -12.680
12.290 12.060 11.890 11.560 11.640 11.470 11.340 11.150 11.010 10.580 10.460 9.950 8.410 6.440 4.650 1.750 0.910 -0.860 -0.940 -1.530 -2.080 -2.540 -2.690 -2.750 -2.740 -2.870 -3.230 -3.440 -3.420 -3.710 -4.000 -3.920 -3.910 -4.140 -4.240 -4.520 -5.080 -5.970 -6.780 -6.220 -6.500 -6.570 -7.490 -7.490 -7.190 -6.930 -6.870 -7.590 -7.390 -7.280 -7.640 -8.810 -9.190 -9.410 -9.150 -9.210 -9.360 -9.240 -9.350 -9.360 -10.230 -10.740 -11.210 -11.930 -11.140 -11.700 -12.060 -12.650 -11.700
11.590 11.830 11.780 11.890 11.750 11.880 11.930 11.920 11.540 11.000 10.750 10.350 9.060 7.570 5.600 0.310 0.090 -0.810 -1.030 -1.430 -1.940 -2.290 -2.880 -2.670 -3.180 -3.450 -3.160 -3.320 -3.930 -3.960 -3.720 -3.970 -4.040 -4.090 -4.140 -4.450 -5.380 -5.540 -5.410 -6.080 -6.790 -6.400 -7.150 -7.440 -7.300 -6.540 -7.000 -7.270 -7.090 -6.980 -7.630 -8.540 -9.220 -9.310 -9.360 -9.310 -9.140 -9.260 -9.340 -8.370 -9.290 -9.760 -10.080 -11.190 -10.910 -11.210 -9.170 -11.150 -10.990
6.510 8.740 11.190 11.380 11.580 11.960 12.210 12.330 12.180 11.720 11.530 10.550 9.620 8.190 6.610 0.650 -0.350 -1.230 -0.950 -1.480 -2.280 -2.490 -2.480 -2.750 -3.570 -4.150 -3.610 -3.470 -3.930 -4.050 -3.830 -4.030 -4.080 -4.090 -3.990 -4.910 -5.620 -5.620 -5.280 -5.280 -5.940 -5.920 -7.310 -7.480 -7.150 -6.930 -6.830 -7.070 -6.940 -7.530 -7.660 -8.090 -8.820 -9.110 -9.220 -9.430 -9.050 -9.000 -9.180 -7.110 -7.420 -9.140 -9.280 -7.600 -8.150 -8.240 -9.100 -9.580 -10.550
3.470 6.800 9.940 10.580 11.060 11.580 12.000 12.280 12.190 11.860 11.410 10.920 9.730 8.770 3.550 -0.140 -0.760 -1.200 -0.940 -1.290 -2.240 -3.000 -3.090 -2.960 -3.690 -3.940 -3.970 -3.670 -3.930 -4.080 -4.170 -4.140 -4.090 -4.500 -4.150 -4.580 -5.830 -5.350 -5.070 -4.930 -4.970 -5.240 -7.280 -7.300 -7.150 -6.870 -6.890 -6.820 -6.590 -7.520 -7.610 -7.880 -8.660 -8.770 -9.010 -9.040 -9.090 -9.410 -7.790 -6.980 -7.170 -7.190 -7.400 -7.590 -7.680 -7.890 -8.480 -8.840 -11.280
1.600 5.800 8.090 9.400 10.530 11.130 11.480 11.880 11.940 11.740 11.400 10.930 9.970 5.300 0.250 -0.350 -0.860 -1.190 -0.990 -1.210 -1.760 -2.770 -2.450 -1.580 -2.170 -3.950 -2.870 -2.760 -4.270 -4.250 -4.550 -4.340 -4.100 -4.320 -4.460 -4.770 -5.830 -4.780 -4.950 -4.920 -5.110 -5.060 -6.550 -6.910 -6.990 -6.410 -6.850 -6.770 -6.500 -7.890 -7.530 -7.680 -8.250 -8.800 -8.780 -8.690 -9.150 -8.920 -7.080 -6.600 -7.070 -7.060 -7.270 -7.430 -7.390 -7.440 -8.310 -8.350 -9.980
0.880 3.540 7.810 8.520 9.640 10.350 10.980 11.330 11.610 11.430 11.100 10.450 9.580 6.730 0.060 -0.350 -0.980 -1.360 -0.940 -0.830 -1.030 -1.590 -1.860 -1.570 -1.880 -2.240 -2.220 -2.390 -4.400 -4.050 -4.260 -4.320 -4.180 -4.170 -4.250 -4.480 -5.750 -4.980 -5.370 -5.080 -5.060 -5.460 -6.280 -6.530 -6.080 -6.310 -6.550 -6.370 -6.550 -6.680 -7.540 -7.580 -8.400 -8.970 -8.100 -8.230 -8.250 -7.270 -6.250 -6.340 -6.660 -6.970 -7.120 -7.390 -7.280 -7.420 -7.460 -8.330 -8.220
0.440 1.330 0.840 1.950 7.770 9.340 10.210 10.860 11.070 11.390 11.100 10.320 9.570 8.560 0.480 -0.250 -0.650 -0.710 -0.710 -0.570 -1.040 -1.510 -1.610 -1.640 -2.060 -2.380 -2.910 -2.410 -3.400 -3.500 -4.070 -4.220 -4.000 -4.270 -4.530 -4.770 -4.980 -5.250 -5.380 -5.300 -5.250 -5.420 -5.750 -6.450 -5.710 -5.860 -6.400 -6.000 -6.580 -6.820 -7.070 -6.840 -6.440 -7.820 -5.710 -6.040 -6.120 -6.050 -6.290 -6.390 -6.610 -6.710 -6.890 -6.940 -7.080 -7.120 -6.920 -7.060 -7.420
0.260 0.580 0.730 1.520 5.710 7.790 8.660 9.730 10.430 10.910 11.010 10.720 10.220 9.400 5.750 1.330 0.000 -0.890 -0.600 -0.550 -0.760 -1.020 -1.200 -2.570 -2.630 -2.050 -2.280 -2.830 -2.960 -3.370 -3.840 -4.700 -4.490 -4.520 -4.680 -4.960 -5.240 -5.280 -5.560 -5.750 -5.470 -5.650 -6.040 -6.020 -5.680 -5.920 -6.450 -6.270 -6.630 -7.350 -6.510 -5.950 -5.810 -5.860 -5.890 -5.890 -5.950 -6.010 -6.050 -6.170 -6.310 -6.530 -6.720 -6.710 -6.720 -6.930 -6.690 -6.730 -6.970
0.040 0.150 0.400 2.510 5.860 4.460 5.770 7.200 8.690 10.000 10.600 10.850 10.640 10.080 7.790 0.900 -0.150 -0.310 -0.910 -0.540 -0.950 -1.060 -1.000 -1.720 -2.810 -2.350 -2.150 -2.570 -2.830 -3.580 -4.460 -4.910 -5.070 -4.540 -4.780 -5.030 -5.370 -5.140 -5.780 -5.990 -5.950 -5.900 -5.920 -6.270 -6.040 -5.870 -6.030 -6.060 -6.330 -6.300 -5.890 -5.680 -5.890 -5.860 -5.920 -5.860 -5.860 -5.900 -6.020 -6.170 -6.330 -6.260 -6.520 -6.690 -6.500 -6.570 -6.580 -6.470 -6.660
-0.780 0.130 0.180 1.560 0.920 0.580 1.420 1.010 0.780 3.860 8.610 8.570 9.570 10.460 9.130 1.640 0.690 0.050 -0.760 -0.850 -1.570 -0.310 -0.080 -1.390 -2.250 -2.320 -2.740 -2.250 -2.560 -4.060 -4.270 -4.860 -4.870 -4.810 -4.540 -5.020 -5.300 -5.350 -5.780 -5.910 -5.900 -5.960 -6.140 -6.400 -6.130 -6.250 -6.080 -5.950 -6.330 -6.200 -5.890 -5.760 -5.750 -5.950 -6.070 -6.190 -6.030 -5.920 -5.800 -5.910 -6.080 -6.330 -6.410 -6.090 -6.260 -6.280 -6.370 -6.400 -6.580
-0.490 -0.440 0.400 0.420 0.050 0.290 0.200 -0.080 0.440 0.830 6.590 2.490 6.790 9.890 8.180 4.090 1.420 -0.090 -0.320 -0.960 -1.170 0.000 0.240 -1.760 -2.300 -1.830 -1.950 -2.060 -1.970 -2.680 -2.800 -4.350 -4.810 -5.040 -4.480 -4.820 -5.130 -5.480 -5.590 -6.070 -6.180 -6.060 -6.320 -6.330 -6.550 -6.730 -6.690 -6.310 -6.120 -6.030 -5.960 -5.820 -5.640 -5.910 -6.180 -6.360 -6.250 -6.140 -6.040 -5.960 -6.110 -6.210 -6.220 -6.180 -6.160 -6.200 -6.200 -6.350 -6.330
-1.880 -1.720 -0.530 -0.310 -0.040 -0.700 -0.880 -0.130 0.290 1.390 2.430 0.480 0.190 1.890 2.360 3.700 4.320 1.140 0.330 0.130 -0.630 -0.640 -1.350 -1.870 -1.190 -1.800 -2.020 -1.860 -1.910 -2.530 -2.720 -2.560 -2.810 -3.660 -4.200 -4.450 -5.050 -5.500 -6.020 -6.040 -6.120 -6.120 -5.770 -6.890 -7.010 -6.840 -6.560 -6.570 -6.200 -6.300 -6.110 -6.140 -5.630 -5.910 -6.070 -6.470 -6.480 -6.370 -6.230 -6.140 -6.040 -6.130 -5.940 -6.050 -6.030 -6.110 -6.180 -6.230 -6.360
-3.350 -3.470 -2.040 -1.560 -2.050 -3.160 -2.600 -1.480 0.360 0.050 0.390 0.320 0.240 0.090 0.450 1.550 1.190 2.430 1.150 0.460 -0.100 -0.670 -0.960 -1.330 -0.540 -1.540 -1.640 -1.560 -2.980 -3.560 -3.280 -2.550 -2.110 -2.600 -2.750 -2.520 -2.550 -3.220 -3.820 -5.170 -5.570 -4.280 -5.360 -6.390 -6.310 -6.570 -5.160 -4.470 -6.470 -6.160 -6.580 -6.040 -5.790 -5.900 -6.190 -6.470 -6.660 -6.620 -6.580 -6.480 -6.220 -5.840 -5.850 -5.830 -5.930 -5.950 -6.240 -6.100 -6.130
-3.490 -3.550 -2.920 -3.100 -3.190 -3.140 -2.710 -2.910 -2.540 -1.070 -0.070 -0.580 -0.290 0.170 0.300 0.450 0.130 1.450 0.780 0.460 -0.390 -0.650 -0.940 -1.280 -1.030 -1.360 -1.620 -2.780 -2.970 -3.440 -3.580 -3.410 -3.350 -2.340 -2.200 -2.680 -2.930 -2.430 -2.730 -2.860 -2.860 -2.940 -3.170 -3.040 -3.370 -3.900 -4.130 -4.170 -4.400 -4.610 -6.600 -6.090 -6.220 -5.800 -6.240 -6.320 -6.600 -6.570 -6.660 -6.770 -6.480 -6.040 -5.840 -5.930 -5.990 -6.050 -6.100 -6.000 -6.130
-5.010 -4.660 -4.170 -3.700 -1.530 -0.210 0.120 -3.110 -3.020 -2.640 -1.670 -0.760 -0.660 -0.370 -0.520 -0.490 -0.100 -0.270 -0.160 -0.340 -0.560 -0.860 -1.080 -1.400 -1.430 -1.680 -1.690 -1.670 -2.650 -3.160 -3.570 -3.360 -3.060 -2.750 -2.140 -2.050 -2.310 -2.560 -2.990 -2.640 -2.670 -2.940 -2.980 -3.050 -3.310 -3.570 -3.940 -4.060 -4.310 -4.540 -4.730 -5.680 -5.860 -5.910 -6.210 -6.370 -6.440 -6.530 -6.900 -6.860 -6.720 -6.120 -5.910 -5.970 -5.870 -6.030 -6.250 -6.150 -6.100
-5.590 -5.500 -5.160 -2.040 -2.390 -1.340 -0.650 -3.860 -3.010 -1.950 -1.420 -0.890 -1.230 -0.620 -1.010 -1.050 -1.200 -1.060 -0.910 -0.880 -1.310 -1.250 -1.430 -1.370 -1.490 -1.490 -1.750 -1.740 -2.590 -2.720 -2.880 -2.990 -2.680 -2.040 -1.870 -2.030 -2.230 -2.230 -2.530 -2.820 -2.630 -2.850 -2.930 -3.010 -3.200 -3.310 -3.590 -3.710 -4.100 -4.470 -4.930 -5.730 -5.850 -5.840 -6.110 -6.610 -6.480 -6.590 -7.130 -6.870 -6.780 -6.310 -6.140 -6.210 -6.240 -6.370 -6.400 -6.250 -6.130
-6.880 -6.610 -5.210 -4.730 -4.500 -4.780 -3.830 -3.160 -2.650 -2.190 -1.930 -1.730 -0.040 -1.410 -0.730 -2.660 -1.750 -1.520 -1.570 -1.710 -1.660 -1.600 -1.220 -1.190 -1.280 -1.130 -1.470 -1.820 -1.940 -2.000 -1.710 -2.080 -2.810 -2.150 -2.070 -1.940 -1.910 -2.170 -2.380 -2.910 -2.470 -2.700 -2.750 -2.810 -2.990 -3.160 -3.440 -3.870 -3.980 -4.150 -4.890 -6.070 -6.380 -5.860 -6.480 -6.700 -6.460 -6.940 -6.930 -7.140 -6.770 -6.430 -6.310 -6.310 -6.390 -6.660 -6.750 -6.470 -6.370
-7.140 -6.040 -5.730 -3.720 -3.980 -3.170 -3.550 -3.030 -2.880 -1.710 -2.380 -1.760 -0.610 -1.120 -2.140 -2.320 -1.970 -1.690 -1.990 -1.990 -1.820 -1.670 -1.570 -0.980 -1.200 -1.120 -1.340 -1.570 -1.700 -1.470 -1.680 -2.400 -2.320 -2.630 -2.830 -1.820 -2.110 -1.870 -2.020 -2.190 -2.680 -3.000 -2.700 -2.700 -2.890 -2.930 -3.340 -3.610 -3.810 -3.940 -5.110 -6.020 -6.020 -6.100 -6.410 -6.530 -6.840 -7.040 -6.940 -7.000 -6.620 -6.630 -6.690 -6.280 -6.320 -6.420 -7.070 -6.870 -6.500
-7.010 -6.740 -5.670 -4.740 -4.540 -3.890 -3.260 -3.720 -2.940 -2.970 -2.980 -2.720 -1.640 -3.000 -2.470 -2.260 -2.320 -2.370 -2.870 -2.080 -1.860 -1.460 -1.210 0.040 -1.150 -1.040 -0.980 -1.080 -0.740 -1.490 -1.290 -1.410 -2.290 -2.220 -1.600 -2.060 -1.900 -1.750 -1.810 -1.970 -2.330 -2.490 -2.790 -2.550 -2.780 -3.040 -3.190 -3.400 -3.560 -4.140 -5.990 -6.160 -6.680 -6.460 -6.210 -6.570 -6.580 -6.960 -6.960 -6.830 -6.830 -6.780 -6.810 -6.640 -6.670 -6.960 -6.960 -6.940 -6.800
-6.980 -6.890 -6.100 -5.670 -5.460 -4.890 -4.250 -4.610 -4.380 -4.470 -4.080 -3.560 -3.300 -3.020 -2.890 -2.850 -2.920 -2.610 -2.770 -2.520 -1.940 -1.300 -0.490 -0.760 -0.670 -0.700 -0.650 -0.850 -0.660 -1.090 -1.040 -1.170 -1.390 -1.100 -1.560 -2.130 -1.670 -1.370 -1.590 -1.690 -1.810 -2.290 -2.470 -2.240 -2.560 -2.860 -3.180 -3.290 -3.380 -4.190 -6.490 -7.150 -6.790 -6.720 -6.430 -7.000 -6.830 -7.090 -7.030 -6.840 -6.830 -6.970 -6.840 -6.870 -6.840 -6.820 -7.400 -7.130 -6.880
-6.800 -6.750 -6.180 -5.470 -5.810 -5.540 -5.460 -4.890 -5.470 -4.810 -4.620 -4.250 -3.880 -3.670 -3.610 -3.450 -3.090 -2.890 -2.630 -2.500 -1.470 -0.960 -0.150 0.040 -1.070 -0.620 -0.270 0.010 -0.480 -1.010 -0.990 -1.410 -1.210 -1.300 -1.390 -1.710 -1.740 -1.750 -1.480 -1.600 -1.850 -2.090 -2.340 -2.630 -2.850 -2.760 -3.010 -3.210 -3.260 -3.480 -6.150 -6.200 -6.770 -6.570 -6.570 -6.570 -7.230 -7.260 -6.880 -7.360 -7.360 -7.350 -7.070 -6.980 -6.920 -6.870 -7.080 -7.000 -6.920
-6.500 -6.040 -6.620 -5.920 -5.930 -5.530 -5.270 -5.450 -5.620 -5.600 -4.850 -4.650 -4.320 -4.100 -3.630 -3.480 -2.950 -3.240 -2.520 -2.540 -1.500 -0.060 0.120 1.890 4.920 1.580 1.070 0.070 -0.370 -0.720 -0.520 -0.630 -1.040 -1.090 -1.180 -1.430 -1.800 -1.860 -1.610 -1.610 -1.610 -1.960 -2.160 -2.300 -2.890 -2.550 -2.690 -2.950 -3.130 -3.230 -3.510 -4.310 -5.540 -6.590 -6.420 -6.660 -7.250 -7.560 -7.570 -7.650 -7.600 -7.180 -6.830 -7.240 -6.920 -6.710 -6.740 -6.910 -6.970
-7.400 -5.370 -5.410 -5.590 -5.790 -5.750 -5.490 -5.960 -5.750 -5.380 -5.390 -5.080 -5.050 -4.300 -3.960 -3.640 -3.280 -3.850 -2.320 -1.810 -1.410 -0.110 1.200 1.450 2.610 4.690 4.220 0.850 0.070 -0.160 -0.300 -0.890 -0.950 -1.110 -1.290 -1.370 -1.550 -1.840 -1.820 -1.340 -1.380 -1.720 -2.120 -2.190 -2.650 -2.800 -2.730 -2.800 -2.830 -3.170 -3.340 -3.390 -3.490 -3.790 -4.420 -6.100 -6.000 -7.480 -7.500 -7.610 -7.670 -7.600 -7.190 -6.930 -6.910 -6.840 -6.790 -6.960 -6.970
-6.580 -5.570 -5.490 -6.340 -6.120 -6.250 -6.160 -5.780 -5.850 -5.620 -5.390 -5.420 -4.810 -4.300 -4.310 -3.720 -3.760 -4.000 -2.660 -2.260 -0.840 -0.160 1.830 0.720 2.110 4.970 3.430 0.650 0.270 -0.040 -0.280 -0.540 -1.120 -1.560 -1.320 -1.170 -1.570 -1.370 -1.630 -2.400 -1.390 -1.480 -1.830 -2.170 -2.040 -2.450 -2.350 -2.470 -2.710 -2.920 -3.170 -3.220 -3.290 -3.590 -3.780 -4.420 -6.100 -6.380 -6.840 -7.490 -7.640 -7.630 -7.280 -7.060 -6.920 -7.470 -7.260 -6.950 -7.060
-5.870 -5.580 -5.790 -6.400 -6.100 -6.250 -5.910 -5.970 -5.800 -5.660 -5.350 -4.940 -4.850 -4.610 -4.290 -3.900 -3.730 -3.400 -3.250 -1.860 -1.860 -1.100 -0.760 0.680 0.440 0.140 0.290 0.320 0.180 -0.010 -0.120 -0.540 -0.940 -1.050 -0.870 -1.470 -1.530 -1.500 -1.610 -2.450 -1.180 -1.560 -1.800 -1.950 -1.990 -2.070 -2.800 -2.890 -2.550 -2.790 -2.850 -2.920 -2.980 -3.270 -4.000 -4.630 -5.800 -4.930 -4.790 -7.150 -7.010 -7.000 -6.800 -7.340 -7.250 -7.500 -7.400 -7.390 -6.970
-5.830 -5.500 -6.080 -6.110 -5.860 -6.010 -6.240 -6.380 -5.890 -5.560 -6.050 -5.250 -5.020 -4.650 -4.160 -4.330 -4.080 -3.630 -3.100 -3.100 -2.850 -1.470 -2.060 -1.210 -0.250 -0.050 0.030 -0.030 0.010 0.050 -0.070 -0.320 -0.650 -0.500 -0.730 -0.960 -1.020 -1.360 -1.390 -1.250 -1.280 -1.290 -1.650 -1.910 -1.940 -1.950 -2.250 -2.240 -2.400 -2.490 -2.650 -2.870 -2.930 -3.120 -3.860 -4.550 -5.390 -5.000 -4.630 -5.280 -5.290 -5.050 -4.860 -7.420 -7.430 -7.580 -7.600 -7.570 -7.460
-5.730 -5.700 -6.050 -5.940 -6.120 -6.250 -6.790 -6.120 -5.810 -4.760 -5.490 -5.340 -4.700 -4.750 -4.180 -4.650 -4.660 -3.880 -3.810 -3.220 -3.150 -2.150 -2.820 -1.700 -1.370 0.610 1.210 1.210 1.070 -0.100 0.000 -0.130 -0.680 -0.440 -0.610 -1.030 -1.020 -1.130 -2.080 -1.160 -1.250 -1.170 -1.330 -1.740 -2.050 -1.900 -1.960 -2.210 -2.330 -2.510 -2.440 -2.480 -2.710 -2.990 -3.320 -4.270 -4.490 -4.960 -4.610 -4.560 -4.500 -4.750 -4.560 -6.770 -7.010 -7.580 -7.610 -7.470 -7.490
