0925_6225/LITTO3D_FRA_0926_6225_20150529_LAMB93_RGF93_IGN69/MNT5m/LITTO3D_FRA_0926_6225_MNT5_20150529_LAMB93_RGF93_IGN69.asc
ncols 200
nrows 200
xllcenter 926000.000
yllcenter 6224005.000
cellsize 5.0000
nodata_value -99999
[rows 62 to 92 of 200, columns 69 to 137 of 200]
-4.240 -4.920 -4.220 -3.760 -4.260 -4.470 -4.010 -4.810 -5.330 -5.930 -5.910 -5.940 -6.400 -7.260 -8.160 -8.460 -9.010 -8.630 -8.870 -9.470 -9.410 -9.860 -10.020 -10.430 -10.730 -11.130 -11.540 -11.960 -12.350 -12.750 -12.980 -13.150 -13.550 -13.960 -14.290 -14.510 -14.890 -15.070 -15.280 -15.670 -16.050 -16.240 -16.770 -16.980 -17.300 -17.820 -18.020 -18.260 -18.360 -18.570 -18.670 -19.340 -18.480 -18.470 -18.170 -17.890 -17.690 -17.660 -17.840 -18.550 -18.620 -19.070 -19.260 -18.970 -18.950 -18.880 -19.890 -19.710 -18.800
-5.390 -4.420 -3.760 -3.820 -4.060 -4.730 -4.880 -4.070 -4.460 -5.840 -5.800 -6.040 -6.730 -7.490 -8.060 -8.600 -8.730 -8.480 -8.840 -9.060 -9.240 -9.520 -9.800 -10.190 -10.660 -10.810 -11.290 -11.530 -12.050 -12.360 -12.750 -13.060 -13.310 -13.640 -13.840 -14.400 -14.620 -14.750 -15.040 -15.610 -15.630 -16.020 -16.570 -16.680 -17.160 -17.450 -17.680 -17.960 -18.130 -18.320 -18.580 -18.660 -18.620 -18.410 -18.370 -18.170 -18.130 -17.890 -17.810 -17.650 -17.640 -18.280 -18.870 -19.010 -19.040 -19.010 -19.330 -18.600 -18.740
-5.810 -4.460 -4.140 -4.380 -4.450 -3.640 -3.660 -3.630 -4.940 -5.050 -4.970 -5.760 -6.460 -7.030 -7.650 -8.240 -8.620 -8.530 -8.500 -8.710 -8.970 -9.380 -9.370 -9.690 -10.190 -10.640 -10.910 -11.260 -11.610 -12.020 -12.260 -12.900 -13.110 -13.330 -13.700 -13.960 -14.390 -14.610 -14.860 -15.160 -15.530 -15.680 -16.260 -16.560 -16.780 -17.020 -17.130 -17.590 -17.900 -18.140 -18.170 -18.290 -18.320 -18.320 -18.320 -18.350 -18.090 -17.940 -17.900 -17.710 -17.290 -17.730 -18.380 -18.750 -18.900 -19.170 -19.270 -18.720 -18.940
-6.470 -4.820 -4.490 -4.990 -3.970 -3.790 -3.880 -3.940 -4.640 -4.830 -5.280 -5.700 -6.210 -6.800 -7.400 -7.600 -8.380 -8.140 -8.520 -8.720 -8.900 -9.210 -9.060 -9.450 -9.790 -10.320 -10.650 -11.000 -11.360 -11.750 -12.090 -12.430 -12.770 -13.100 -13.490 -13.770 -13.980 -14.400 -14.610 -14.880 -15.150 -15.550 -15.910 -16.210 -16.500 -16.700 -17.040 -17.160 -17.490 -17.680 -17.860 -18.120 -18.140 -18.300 -18.150 -18.250 -18.190 -18.030 -17.960 -17.670 -17.430 -17.350 -17.890 -18.430 -18.500 -18.820 -18.800 -18.240 -18.200
-7.440 -6.350 -5.990 -4.600 -3.590 -4.260 -4.410 -4.170 -4.290 -4.500 -5.330 -5.630 -6.120 -6.850 -7.570 -7.750 -8.140 -8.160 -8.270 -8.510 -8.630 -8.830 -8.920 -9.240 -9.420 -9.960 -10.140 -10.680 -10.930 -11.450 -11.880 -12.190 -12.520 -12.670 -13.170 -13.430 -13.820 -14.000 -14.370 -14.750 -15.150 -15.280 -15.480 -15.970 -16.390 -16.280 -16.560 -16.770 -17.250 -17.300 -17.510 -17.420 -17.660 -18.010 -18.140 -18.140 -18.220 -17.920 -17.740 -17.980 -17.800 -17.450 -17.540 -18.090 -17.870 -18.220 -17.380 -17.460 -17.850
-7.640 -7.530 -6.300 -5.640 -4.480 -5.180 -4.870 -4.740 -4.570 -4.630 -5.200 -5.830 -6.190 -7.610 -7.990 -8.060 -8.710 -8.450 -8.900 -8.650 -8.480 -8.630 -8.750 -9.100 -9.190 -9.700 -9.980 -10.080 -10.470 -11.160 -11.550 -11.880 -12.250 -12.440 -12.570 -12.930 -13.360 -13.810 -14.130 -14.350 -14.880 -14.980 -15.180 -15.510 -15.940 -16.100 -16.250 -16.510 -16.770 -17.010 -17.170 -17.340 -17.290 -17.810 -17.900 -18.280 -17.980 -18.140 -17.840 -17.920 -18.420 -17.780 -17.040 -17.070 -17.300 -17.260 -17.250 -17.410 -17.360
-7.940 -5.920 -5.180 -2.940 -2.890 -2.880 -3.790 -4.140 -4.550 -4.520 -5.460 -5.970 -6.800 -7.630 -7.910 -8.360 -8.020 -8.050 -8.150 -8.160 -8.440 -8.380 -8.580 -8.830 -8.900 -9.400 -9.720 -9.800 -10.190 -10.770 -11.180 -11.590 -12.040 -12.330 -12.420 -12.790 -12.890 -13.290 -13.790 -14.250 -14.570 -14.830 -14.750 -15.130 -15.230 -15.520 -15.940 -16.110 -16.400 -16.780 -17.010 -17.120 -17.130 -17.330 -17.590 -17.700 -17.970 -18.090 -18.080 -18.170 -18.010 -17.560 -16.960 -16.990 -17.220 -17.310 -17.100 -17.170 -17.010
-1.910 -2.370 -3.660 -3.340 -2.400 -2.390 -2.850 -4.220 -4.170 -4.390 -5.050 -6.460 -7.380 -7.770 -7.790 -7.570 -7.830 -7.920 -8.080 -8.330 -8.370 -8.410 -8.590 -8.620 -8.850 -8.990 -9.320 -9.570 -9.830 -9.990 -10.590 -11.180 -11.720 -12.030 -12.190 -12.380 -12.610 -12.890 -13.440 -14.070 -14.070 -14.390 -14.650 -14.640 -14.800 -15.020 -15.370 -15.610 -15.990 -16.260 -16.530 -16.740 -16.870 -17.120 -17.260 -17.470 -17.680 -17.730 -17.850 -18.080 -18.600 -17.320 -17.120 -16.870 -16.760 -16.690 -16.570 -16.310 -16.890
-1.930 -2.720 -2.900 -1.700 -2.300 -2.780 -2.600 -4.030 -4.360 -4.550 -5.110 -6.090 -6.670 -7.020 -7.720 -7.560 -7.540 -7.900 -8.350 -8.310 -8.130 -8.370 -8.420 -8.370 -8.670 -8.740 -9.140 -9.310 -9.610 -9.850 -10.140 -10.500 -10.790 -11.610 -11.960 -12.040 -12.510 -12.800 -13.100 -13.460 -13.750 -13.960 -14.340 -14.360 -14.500 -14.560 -14.790 -15.160 -15.480 -15.790 -15.960 -16.160 -16.580 -16.720 -17.050 -17.340 -17.270 -17.490 -17.540 -17.730 -17.530 -16.690 -16.670 -16.600 -16.860 -16.350 -16.000 -16.050 -16.140
-6.510 -6.600 -6.290 -2.800 -2.380 -2.470 -2.340 -3.790 -4.540 -4.790 -4.330 -5.670 -6.020 -7.080 -7.120 -7.370 -7.540 -7.850 -7.900 -8.040 -8.170 -8.110 -8.380 -8.360 -8.350 -8.500 -8.950 -9.120 -9.260 -9.390 -9.780 -10.330 -10.650 -11.060 -11.410 -11.770 -12.260 -12.600 -12.960 -13.190 -13.400 -13.790 -14.110 -14.220 -14.360 -14.330 -14.460 -14.620 -15.210 -15.320 -15.500 -15.740 -15.840 -16.280 -16.680 -16.980 -17.230 -17.130 -17.360 -17.450 -17.450 -17.270 -16.640 -16.470 -15.490 -15.960 -16.100 -16.110 -16.190
-1.410 -3.700 -4.620 -4.200 -2.710 -2.340 -3.190 -3.490 -4.730 -4.950 -5.200 -6.120 -6.460 -6.650 -6.970 -7.230 -7.340 -7.680 -7.880 -7.820 -8.060 -7.970 -8.230 -8.280 -8.400 -8.580 -8.630 -8.790 -8.910 -9.170 -9.370 -9.820 -9.950 -10.400 -10.970 -11.490 -11.650 -12.530 -12.730 -12.980 -13.160 -13.460 -13.870 -14.030 -14.300 -14.120 -14.330 -14.900 -15.320 -15.210 -15.240 -15.540 -15.770 -15.650 -16.620 -16.690 -16.800 -17.050 -17.130 -17.140 -17.370 -17.300 -17.280 -16.680 -16.480 -16.180 -16.230 -15.240 -15.750
-1.330 -1.430 -1.700 -2.220 -3.270 -2.870 -2.890 -3.720 -5.370 -5.510 -5.190 -6.260 -6.160 -5.970 -6.650 -6.940 -7.370 -7.560 -7.780 -7.870 -7.970 -7.990 -8.080 -8.280 -8.390 -8.330 -8.510 -8.610 -8.750 -8.910 -9.310 -9.450 -9.780 -10.370 -10.840 -11.350 -11.620 -12.310 -12.550 -12.650 -13.000 -13.190 -13.640 -13.830 -13.960 -13.760 -14.130 -14.310 -15.290 -14.920 -14.660 -14.980 -15.170 -15.650 -15.820 -16.100 -16.470 -16.790 -16.960 -17.150 -17.090 -17.210 -17.140 -16.810 -16.770 -16.840 -16.480 -15.790 -15.790
-1.050 -0.480 -0.470 -1.360 -4.420 -3.160 -3.210 -3.780 -5.210 -5.440 -5.380 -5.140 -5.630 -6.060 -6.120 -6.560 -6.900 -7.190 -7.600 -7.640 -7.920 -8.020 -8.080 -8.160 -8.300 -8.390 -8.380 -8.530 -8.500 -8.700 -9.000 -9.340 -9.540 -9.870 -10.280 -10.880 -11.440 -11.940 -12.230 -12.540 -12.840 -13.020 -13.230 -13.390 -13.520 -13.670 -13.770 -13.910 -13.960 -14.130 -14.390 -14.680 -14.930 -15.310 -15.620 -15.630 -15.990 -16.360 -16.700 -16.800 -16.950 -17.030 -17.110 -16.880 -16.950 -16.960 -16.870 -16.770 -16.210
-0.270 -0.930 -1.070 -0.680 -2.370 -3.260 -3.270 -3.860 -4.690 -4.760 -5.010 -4.480 -5.000 -5.400 -5.670 -6.030 -6.580 -7.170 -7.430 -7.670 -7.910 -7.910 -7.980 -7.970 -8.190 -8.470 -8.260 -8.370 -8.440 -8.520 -8.830 -8.780 -9.190 -9.420 -9.890 -10.560 -11.060 -11.630 -11.910 -12.360 -12.480 -12.720 -12.930 -13.210 -13.380 -13.400 -13.330 -13.550 -13.970 -14.090 -14.170 -14.330 -14.610 -14.950 -15.300 -15.500 -15.740 -16.010 -16.260 -16.700 -16.760 -16.850 -16.940 -16.800 -16.790 -16.790 -16.710 -16.890 -16.800
-0.550 -0.780 -0.450 -0.810 -1.820 -3.340 -2.700 -4.180 -3.750 -4.440 -4.350 -4.530 -4.620 -4.730 -5.280 -5.620 -6.190 -6.900 -7.190 -7.420 -7.580 -7.630 -7.690 -7.820 -7.930 -8.150 -7.800 -8.240 -8.190 -8.260 -8.500 -8.590 -8.830 -9.460 -9.820 -10.320 -10.730 -11.560 -11.680 -12.130 -12.490 -12.600 -12.930 -12.800 -13.050 -13.140 -13.060 -13.200 -13.410 -13.670 -14.260 -14.300 -14.470 -14.590 -14.960 -15.070 -15.210 -15.280 -15.760 -16.420 -16.550 -16.450 -16.740 -16.550 -16.680 -16.690 -16.750 -16.810 -16.880
-1.010 -0.280 -0.460 -0.660 -1.570 -2.320 -3.520 -3.660 -3.460 -3.880 -4.140 -4.370 -4.590 -4.570 -4.720 -5.310 -5.710 -6.460 -6.710 -7.130 -7.210 -7.470 -7.650 -7.510 -7.760 -7.760 -7.630 -7.790 -7.760 -8.180 -8.370 -8.360 -8.550 -8.910 -9.400 -9.790 -10.290 -11.340 -11.560 -11.880 -12.040 -12.290 -12.490 -12.510 -12.740 -13.200 -13.100 -12.990 -12.890 -13.240 -13.720 -14.210 -14.310 -14.570 -14.600 -14.520 -14.630 -14.760 -15.440 -15.530 -15.940 -16.460 -16.610 -16.480 -16.640 -16.640 -16.530 -16.520 -16.570
-0.260 -0.070 -0.310 -0.080 -0.960 -1.350 -2.750 -3.010 -3.200 -3.710 -3.990 -4.280 -4.700 -4.360 -4.550 -4.710 -5.220 -5.930 -6.380 -6.800 -6.980 -7.370 -7.410 -7.410 -7.270 -7.340 -7.480 -7.410 -7.710 -7.880 -8.140 -8.230 -8.420 -8.890 -9.120 -9.480 -10.120 -11.000 -11.300 -11.770 -11.700 -11.860 -12.420 -12.410 -12.710 -12.810 -12.880 -12.980 -12.920 -12.900 -13.350 -14.050 -14.230 -14.220 -14.440 -14.370 -14.340 -14.570 -14.940 -14.970 -15.710 -16.390 -16.520 -16.550 -16.760 -16.930 -17.430 -16.170 -16.390
-0.130 0.250 0.000 0.230 -0.720 -2.180 -2.700 -2.910 -2.620 -3.280 -4.020 -4.300 -4.090 -3.730 -4.250 -4.340 -4.890 -5.360 -5.900 -6.570 -6.880 -6.920 -7.190 -7.290 -7.100 -7.160 -7.080 -7.150 -7.490 -7.690 -7.840 -8.120 -8.030 -8.820 -8.970 -9.470 -9.960 -10.400 -11.000 -11.240 -11.560 -11.500 -11.660 -12.310 -12.300 -12.550 -12.740 -12.980 -12.920 -12.600 -13.020 -13.790 -14.140 -14.380 -14.380 -14.400 -14.180 -14.250 -14.610 -14.690 -15.120 -16.090 -16.660 -16.990 -17.140 -17.680 -15.830 -15.490 -15.710
0.120 0.240 0.020 0.180 -0.990 -2.200 -2.790 -2.600 -2.870 -3.250 -3.010 -3.160 -3.070 -3.580 -3.660 -4.120 -4.440 -4.880 -5.500 -6.030 -6.440 -6.970 -7.040 -7.050 -7.020 -7.110 -7.060 -7.000 -7.140 -7.350 -7.520 -8.030 -8.180 -8.370 -8.610 -9.330 -10.010 -10.260 -10.670 -10.720 -10.710 -10.530 -10.920 -11.710 -12.220 -12.270 -12.530 -12.650 -12.700 -12.730 -12.940 -13.410 -13.870 -14.160 -14.310 -14.250 -14.290 -14.280 -14.380 -14.340 -14.690 -14.860 -15.740 -16.600 -16.080 -15.250 -15.240 -15.050 -15.380
-1.460 -0.130 -0.310 -0.820 -2.060 -2.440 -2.720 -2.400 -2.910 -2.990 -2.950 -2.950 -2.880 -3.180 -3.470 -3.700 -4.170 -4.600 -5.100 -5.520 -6.070 -6.380 -6.800 -6.970 -7.000 -6.840 -7.020 -6.980 -6.980 -7.020 -7.130 -7.460 -8.030 -8.260 -8.660 -9.060 -9.560 -9.870 -10.190 -10.400 -10.120 -10.230 -10.220 -10.790 -11.510 -12.250 -12.370 -12.450 -12.530 -12.370 -12.520 -12.660 -13.410 -13.940 -14.130 -14.390 -14.280 -14.310 -14.260 -14.210 -14.320 -14.530 -15.180 -15.390 -15.040 -14.890 -14.650 -14.840 -14.940
-0.690 -1.580 -1.120 -0.920 -0.960 -1.530 -1.830 -1.760 -2.570 -3.010 -3.170 -2.850 -2.750 -2.770 -3.020 -3.350 -3.820 -4.350 -4.510 -4.930 -5.450 -5.840 -6.260 -6.680 -6.930 -6.820 -7.000 -7.020 -6.760 -6.960 -6.870 -7.190 -7.840 -8.120 -8.320 -8.560 -9.210 -9.650 -9.870 -10.040 -9.950 -10.010 -9.690 -10.420 -11.010 -11.910 -12.050 -12.340 -12.130 -12.140 -12.150 -12.040 -13.030 -13.630 -13.840 -14.080 -14.420 -14.380 -14.250 -14.250 -14.170 -14.230 -14.680 -15.330 -15.190 -14.670 -14.380 -14.100 -14.820
0.430 0.940 0.400 -1.010 -1.240 -1.500 -1.460 -2.020 -2.420 -3.140 -2.950 -2.840 -2.860 -2.840 -2.830 -3.140 -3.350 -3.780 -4.050 -4.320 -4.690 -5.080 -5.650 -6.330 -6.590 -6.760 -7.030 -6.850 -6.490 -6.540 -6.700 -7.090 -7.320 -7.400 -7.930 -8.290 -8.700 -9.190 -9.590 -9.730 -9.670 -9.500 -9.420 -9.970 -10.210 -11.250 -11.680 -12.280 -12.150 -12.180 -11.740 -12.100 -12.480 -12.840 -13.590 -13.830 -14.240 -14.320 -14.140 -14.190 -14.310 -14.240 -14.440 -15.070 -15.120 -14.570 -14.240 -14.240 -14.250
0.400 0.370 -1.600 -1.930 -1.290 -1.750 -1.970 -2.590 -2.320 -2.690 -2.490 -2.810 -2.660 -2.960 -2.880 -3.050 -3.080 -3.300 -3.590 -3.940 -4.140 -4.600 -5.250 -5.780 -6.300 -6.670 -6.730 -6.850 -6.300 -6.400 -6.650 -6.980 -7.210 -7.130 -7.910 -8.110 -8.290 -8.780 -9.310 -9.720 -9.360 -9.270 -9.250 -9.460 -9.880 -10.860 -11.660 -11.920 -12.100 -11.950 -11.750 -11.550 -11.640 -11.940 -12.910 -13.400 -13.850 -14.170 -14.200 -14.130 -14.350 -14.310 -14.310 -14.760 -14.970 -14.480 -14.230 -14.220 -14.290
-1.110 -2.830 -2.070 -1.940 -1.970 -2.280 -2.300 -2.100 -2.100 -1.880 -3.070 -2.970 -2.450 -1.220 -2.550 -2.650 -2.920 -3.080 -3.670 -3.140 -3.520 -4.060 -4.590 -5.740 -6.110 -6.410 -6.440 -5.860 -6.060 -6.200 -6.460 -7.030 -7.080 -6.920 -7.010 -8.680 -8.190 -8.420 -8.900 -9.360 -9.290 -9.410 -9.550 -9.220 -9.650 -10.280 -11.040 -11.780 -11.970 -11.600 -11.600 -11.540 -11.590 -11.690 -12.360 -12.820 -13.200 -13.840 -14.240 -14.110 -14.100 -14.280 -14.270 -14.530 -14.680 -14.480 -14.270 -14.240 -14.240
-2.820 -2.900 -1.860 -0.230 -2.380 -2.570 -2.330 -1.040 -1.100 -0.700 -2.250 -2.570 -1.970 -1.740 -2.810 -2.850 -1.530 -2.680 -3.290 -2.900 -3.020 -3.750 -4.020 -5.660 -5.840 -6.060 -5.490 -5.340 -6.140 -6.150 -6.260 -6.930 -7.280 -6.940 -7.080 -7.340 -8.810 -8.920 -8.840 -9.200 -9.510 -9.530 -9.410 -8.510 -8.980 -9.690 -10.850 -11.370 -11.610 -11.640 -11.440 -11.810 -11.550 -11.460 -11.930 -12.580 -13.100 -13.470 -13.800 -14.150 -14.150 -13.990 -14.240 -14.410 -14.250 -14.210 -14.400 -14.400 -14.650
-2.900 -2.940 -1.970 -2.020 -1.710 -0.470 -0.860 0.530 0.470 -0.260 -2.480 -1.860 -1.270 -0.900 -2.240 -2.560 -2.690 -2.660 -2.990 -2.500 -2.600 -3.030 -3.310 -3.710 -5.010 -4.330 -4.670 -4.820 -5.400 -5.880 -6.030 -6.470 -7.120 -7.080 -7.080 -7.010 -6.860 -6.760 -8.690 -9.340 -9.710 -9.440 -9.600 -8.190 -8.560 -9.240 -10.850 -11.150 -11.220 -11.530 -11.550 -11.640 -11.670 -11.550 -11.320 -12.180 -12.320 -12.730 -13.450 -13.750 -14.050 -13.960 -14.150 -14.240 -14.380 -14.110 -14.360 -14.750 -14.940
-3.040 -1.970 -2.400 -1.700 -1.350 0.610 1.990 3.600 2.150 0.190 -0.470 -1.080 -0.460 -0.160 -1.930 -1.760 -1.220 -2.400 -2.030 -2.920 -2.750 -3.110 -3.090 -3.650 -4.140 -4.080 -4.380 -4.460 -4.860 -5.360 -5.830 -6.410 -7.160 -7.080 -6.960 -7.090 -6.950 -6.650 -6.770 -8.420 -9.460 -9.360 -7.860 -8.070 -7.830 -8.810 -10.180 -11.130 -11.320 -11.830 -11.910 -11.730 -11.830 -11.900 -11.340 -11.720 -11.590 -12.220 -12.390 -13.070 -13.320 -14.040 -14.250 -14.150 -14.320 -14.100 -14.480 -15.170 -14.870
-1.170 1.800 1.780 1.450 0.810 1.030 4.660 6.420 7.100 0.480 0.250 0.520 -0.340 0.620 4.460 1.990 0.560 -1.040 -2.360 -3.140 -2.570 -2.610 -2.790 -3.770 -3.720 -4.080 -3.770 -4.110 -4.600 -5.510 -5.730 -6.110 -6.870 -7.000 -7.090 -6.970 -6.740 -6.810 -6.850 -7.110 -7.470 -7.630 -7.630 -7.770 -7.760 -8.090 -10.350 -10.760 -11.120 -11.640 -11.720 -11.660 -11.750 -11.080 -11.030 -11.360 -11.410 -11.820 -12.430 -12.540 -12.920 -13.850 -14.200 -14.670 -14.130 -14.050 -14.760 -14.890 -14.820
-3.450 3.750 5.150 3.960 3.550 2.200 4.370 7.090 7.680 3.610 6.010 2.070 -0.200 1.490 5.060 5.170 3.280 1.220 0.040 -1.510 -2.140 -2.640 -3.680 -3.700 -3.490 -3.690 -3.780 -3.920 -4.310 -4.730 -5.580 -5.850 -6.200 -6.890 -6.920 -6.980 -6.870 -6.750 -6.600 -7.250 -7.710 -7.580 -7.650 -7.590 -7.570 -7.830 -10.450 -10.660 -10.700 -11.540 -11.970 -11.590 -11.850 -11.470 -10.590 -11.290 -11.400 -11.610 -11.970 -12.340 -12.440 -12.520 -13.200 -13.230 -14.160 -14.170 -14.280 -14.790 -14.840
-3.510 5.820 6.970 5.870 5.620 4.010 5.890 7.730 8.820 8.420 8.960 1.000 0.380 1.300 5.750 5.870 2.810 0.440 -1.040 -2.180 -1.940 -2.500 -3.510 -3.230 -3.500 -3.550 -3.640 -3.860 -4.110 -4.270 -5.700 -5.940 -6.120 -6.520 -7.300 -7.100 -6.730 -6.840 -6.600 -7.030 -7.700 -7.640 -7.600 -7.480 -7.240 -7.460 -9.560 -10.470 -10.960 -10.880 -11.290 -11.500 -11.480 -11.550 -10.350 -11.250 -11.610 -11.280 -11.550 -11.940 -12.390 -12.220 -12.120 -12.750 -13.500 -14.320 -14.140 -14.870 -14.940
-0.370 5.660 7.890 7.560 5.880 6.340 6.790 8.480 9.350 9.860 10.100 7.860 2.850 1.440 5.200 5.330 2.820 0.610 -0.670 -1.720 -1.920 -2.670 -3.500 -3.400 -3.640 -3.550 -3.630 -3.790 -3.740 -4.110 -4.460 -6.590 -6.200 -6.640 -7.100 -7.520 -7.220 -6.450 -6.790 -6.930 -7.520 -7.540 -7.510 -7.330 -7.420 -7.710 -7.740 -10.170 -10.850 -10.780 -10.680 -11.400 -11.180 -11.430 -10.020 -9.960 -10.340 -10.990 -11.190 -11.640 -12.180 -11.970 -11.890 -12.150 -12.600 -13.690 -14.420 -14.880 -15.020
