0925_6225/LITTO3D_FRA_0926_6225_20150529_LAMB93_RGF93_IGN69/MNT5m/LITTO3D_FRA_0926_6225_MNT5_20150529_LAMB93_RGF93_IGN69.asc
ncols 200
nrows 200
xllcenter 926000.000
yllcenter 6224005.000
cellsize 5.0000
nodata_value -99999
[rows 124 to 154 of 200, columns 0 to 68 of 200]
-17.680 -17.650 -17.450 -17.850 -17.760 -17.510 -17.270 -16.950 -16.760 -16.570 -16.110 -15.570 -15.410 -15.270 -15.070 -15.100 -15.130 -15.360 -15.070 -14.900 -14.810 -14.830 -14.720 -14.310 -13.740 -13.670 -13.620 -13.490 -13.310 -13.340 -13.230 -13.780 -13.620 -13.680 -13.100 -12.900 -12.440 -12.470 -12.050 -11.490 -11.170 -10.890 -11.420 -11.070 -10.600 -10.620 -10.430 -10.200 -10.230 -10.690 -10.080 -9.590 -9.860 -10.060 -9.700 -8.360 -8.480 -8.700 -8.240 -7.900 -7.850 -7.650 -7.720 -7.860 -7.750 -7.790 -7.620 -7.210 -6.120
-18.000 -17.940 -17.640 -17.760 -17.660 -17.480 -17.420 -16.980 -16.530 -16.130 -15.820 -15.340 -15.160 -15.070 -14.930 -14.790 -14.580 -14.830 -14.720 -14.650 -14.690 -14.700 -14.550 -14.600 -13.870 -13.600 -13.630 -13.720 -13.800 -13.380 -13.370 -13.440 -13.770 -13.800 -13.280 -13.120 -13.040 -12.430 -12.020 -11.520 -11.340 -11.150 -11.180 -10.910 -10.680 -10.510 -10.430 -10.250 -10.190 -10.110 -9.710 -9.870 -10.070 -9.940 -10.080 -8.090 -8.300 -8.390 -8.350 -7.950 -7.650 -7.680 -7.590 -7.900 -7.640 -7.610 -7.360 -6.620 -6.550
-18.090 -17.770 -17.690 -17.730 -17.280 -17.360 -17.400 -16.710 -16.290 -15.920 -15.450 -15.250 -15.040 -14.870 -14.910 -14.730 -14.440 -14.400 -14.120 -14.320 -14.410 -14.600 -14.630 -14.470 -14.060 -14.010 -13.600 -13.790 -13.680 -13.570 -13.270 -13.350 -14.110 -13.820 -13.890 -13.140 -13.090 -12.820 -12.280 -12.390 -11.690 -11.320 -11.160 -10.870 -10.550 -10.520 -10.520 -10.240 -9.910 -9.820 -9.800 -9.930 -10.130 -10.090 -10.040 -8.070 -8.010 -8.230 -7.930 -8.050 -7.850 -7.980 -7.870 -7.730 -7.670 -7.420 -7.460 -7.120 -6.830
-17.850 -17.710 -17.660 -17.700 -17.140 -16.880 -16.860 -16.610 -16.260 -15.540 -15.340 -15.090 -14.950 -14.800 -14.720 -14.550 -14.470 -14.310 -14.080 -14.140 -14.470 -14.330 -14.330 -14.540 -14.330 -14.080 -14.130 -13.610 -13.530 -13.820 -13.330 -13.310 -13.910 -13.970 -13.790 -13.110 -13.360 -12.900 -12.760 -12.580 -12.760 -12.290 -11.430 -10.980 -10.740 -10.410 -10.230 -10.080 -9.910 -9.990 -10.090 -10.030 -10.120 -9.960 -10.110 -7.900 -7.870 -8.550 -8.000 -7.860 -7.840 -7.950 -8.080 -7.910 -7.760 -7.480 -7.430 -7.470 -7.040
-17.980 -17.800 -17.700 -17.400 -17.010 -16.580 -16.510 -16.260 -16.000 -15.570 -15.450 -15.150 -14.920 -14.650 -14.500 -14.400 -14.190 -14.210 -14.070 -14.120 -14.180 -14.140 -14.070 -13.860 -13.960 -14.010 -13.920 -13.770 -13.530 -13.450 -13.450 -13.290 -13.710 -13.930 -13.440 -13.220 -13.550 -13.500 -12.930 -12.330 -12.830 -12.360 -12.200 -11.860 -10.820 -10.470 -10.260 -10.010 -9.940 -10.100 -10.190 -10.150 -10.060 -10.100 -10.260 -8.000 -7.850 -8.170 -8.150 -7.890 -7.870 -7.920 -7.910 -7.820 -7.970 -7.510 -7.500 -7.280 -7.310
-17.520 -17.380 -17.390 -17.310 -16.930 -16.610 -16.390 -16.190 -15.800 -15.550 -15.310 -15.350 -15.680 -14.760 -14.360 -14.190 -14.130 -13.950 -13.990 -13.890 -13.810 -13.860 -13.540 -13.550 -13.570 -13.630 -13.550 -13.510 -13.270 -13.500 -13.350 -13.320 -13.350 -13.400 -13.860 -13.240 -13.850 -13.720 -12.960 -12.460 -12.610 -11.860 -12.260 -11.920 -10.930 -10.420 -10.330 -10.140 -9.950 -9.950 -10.140 -9.870 -10.000 -9.620 -8.100 -8.180 -8.170 -8.020 -7.770 -7.750 -7.770 -8.080 -7.970 -7.750 -7.590 -7.500 -7.550 -7.390 -7.110
-17.350 -17.160 -17.040 -16.780 -16.630 -16.460 -16.550 -16.250 -15.810 -15.460 -15.210 -16.000 -15.610 -15.360 -14.300 -14.080 -13.900 -13.930 -13.800 -13.590 -13.650 -13.550 -13.440 -13.640 -13.260 -13.340 -13.400 -13.260 -13.140 -13.220 -13.210 -13.170 -13.180 -13.390 -13.580 -13.650 -13.780 -13.590 -13.810 -12.510 -12.650 -11.610 -10.930 -10.470 -11.040 -10.230 -10.030 -9.960 -9.830 -9.700 -9.740 -9.440 -10.010 -8.660 -7.830 -8.280 -8.070 -8.100 -7.870 -7.930 -7.880 -7.780 -7.740 -7.660 -7.700 -7.490 -7.260 -7.210 -6.940
-17.900 -17.250 -16.630 -16.430 -16.460 -16.490 -16.450 -16.340 -16.050 -15.400 -16.100 -15.550 -15.550 -14.690 -13.930 -13.840 -13.670 -13.760 -13.690 -13.570 -13.550 -13.410 -13.390 -13.050 -12.970 -13.190 -13.230 -13.160 -13.180 -13.030 -12.850 -13.120 -13.160 -13.190 -13.150 -13.590 -13.620 -13.370 -13.420 -12.530 -12.570 -11.190 -10.710 -10.450 -10.280 -9.940 -9.910 -9.750 -9.710 -9.400 -9.360 -9.290 -10.020 -9.980 -8.700 -8.030 -8.130 -7.990 -7.800 -7.810 -7.870 -7.870 -7.750 -7.690 -7.590 -7.460 -7.400 -7.210 -7.000
-17.690 -16.600 -16.360 -16.420 -16.120 -16.250 -16.260 -16.070 -15.790 -15.440 -15.740 -15.810 -15.600 -14.850 -13.890 -13.800 -13.650 -13.480 -13.330 -13.390 -13.330 -13.250 -13.290 -12.660 -12.770 -13.040 -13.120 -13.130 -12.690 -12.670 -12.650 -12.760 -12.880 -13.000 -13.100 -12.960 -13.040 -12.730 -12.500 -12.230 -11.320 -10.900 -10.250 -10.430 -10.110 -10.260 -9.960 -9.940 -9.660 -9.420 -9.310 -9.830 -9.660 -9.680 -9.870 -8.240 -8.800 -8.500 -7.590 -7.800 -7.590 -7.490 -7.560 -7.650 -7.520 -7.230 -7.200 -7.100 -6.950
-16.440 -16.210 -16.210 -16.090 -16.200 -16.000 -16.070 -15.970 -15.790 -15.430 -15.350 -15.250 -15.740 -15.230 -13.660 -13.780 -13.640 -13.350 -13.120 -13.260 -13.110 -13.080 -13.020 -12.780 -12.890 -13.050 -12.960 -12.890 -12.830 -12.470 -12.690 -12.430 -12.630 -12.410 -12.510 -12.620 -12.640 -12.300 -12.120 -11.460 -10.970 -10.490 -10.230 -10.280 -10.440 -10.500 -10.430 -10.420 -9.600 -9.320 -9.300 -9.660 -9.070 -9.690 -9.600 -8.800 -8.380 -8.810 -7.510 -7.470 -7.710 -7.660 -7.550 -7.490 -7.560 -7.300 -7.210 -7.100 -6.820
-16.370 -16.940 -16.490 -16.170 -15.930 -15.960 -15.500 -15.490 -15.520 -15.330 -15.480 -14.880 -14.630 -13.680 -13.660 -13.640 -13.430 -13.330 -13.090 -13.050 -13.090 -13.140 -12.960 -12.820 -12.820 -12.790 -12.820 -12.620 -12.500 -12.420 -12.310 -12.280 -12.030 -12.160 -12.040 -12.000 -13.000 -12.580 -12.440 -11.410 -11.140 -10.470 -10.370 -10.620 -10.430 -10.410 -10.440 -10.110 -9.820 -9.530 -9.350 -9.550 -9.180 -9.530 -9.640 -9.520 -9.340 -8.270 -8.990 -7.750 -7.980 -7.640 -7.550 -7.430 -7.450 -7.260 -7.210 -7.140 -6.630
-16.570 -17.260 -17.070 -16.980 -16.450 -15.700 -15.380 -15.320 -15.250 -15.050 -14.780 -14.570 -14.150 -13.700 -13.660 -13.440 -13.370 -13.220 -12.970 -12.940 -12.880 -13.000 -12.900 -12.690 -12.750 -12.670 -12.490 -12.480 -12.260 -12.090 -12.100 -12.080 -11.850 -11.810 -11.710 -11.770 -12.710 -12.620 -12.420 -11.760 -10.830 -10.920 -10.590 -10.460 -9.500 -8.900 -9.020 -8.700 -9.080 -9.010 -8.980 -9.550 -9.470 -9.570 -9.380 -9.410 -8.450 -8.230 -8.280 -7.910 -7.600 -7.790 -7.370 -7.250 -7.190 -7.280 -7.230 -6.610 -6.360
-16.640 -17.100 -17.040 -16.950 -16.710 -15.640 -15.220 -15.230 -15.090 -14.930 -14.770 -14.630 -14.300 -13.930 -13.810 -13.390 -13.130 -13.040 -12.780 -12.760 -12.880 -12.680 -12.820 -12.620 -12.510 -12.530 -12.420 -12.340 -12.330 -12.070 -11.920 -11.870 -11.750 -11.680 -11.690 -11.470 -11.720 -12.310 -11.830 -11.020 -10.670 -10.860 -10.950 -9.660 -9.570 -8.960 -8.770 -8.400 -8.320 -8.300 -8.620 -8.330 -9.390 -9.410 -9.700 -8.610 -8.260 -7.970 -8.040 -7.750 -7.790 -7.660 -7.510 -6.940 -7.160 -7.000 -6.860 -7.180 -6.190
-16.550 -16.840 -17.130 -16.750 -16.910 -15.530 -15.230 -15.110 -15.060 -14.790 -14.790 -14.610 -14.400 -14.030 -13.750 -13.430 -13.150 -12.860 -12.610 -12.420 -12.630 -12.630 -12.520 -12.470 -12.360 -12.310 -12.410 -12.170 -12.280 -12.050 -11.850 -11.880 -11.810 -11.610 -11.780 -11.610 -11.500 -11.190 -11.390 -11.120 -11.280 -11.170 -10.200 -9.810 -10.070 -9.090 -8.900 -8.030 -8.190 -8.470 -8.420 -8.170 -8.840 -8.920 -9.290 -9.080 -8.080 -7.810 -7.990 -7.990 -8.030 -7.640 -7.770 -6.810 -5.970 -5.840 -5.820 -6.240 -5.760
-16.370 -16.930 -16.980 -16.880 -16.330 -15.270 -15.100 -15.000 -14.830 -14.810 -14.650 -14.560 -14.280 -14.030 -13.450 -13.260 -12.830 -12.300 -12.300 -12.390 -12.240 -12.420 -12.300 -12.310 -12.200 -12.200 -12.150 -12.290 -12.000 -11.910 -11.970 -12.010 -11.690 -11.560 -11.430 -11.450 -11.550 -11.340 -11.550 -11.480 -11.220 -11.240 -10.050 -9.590 -9.550 -9.480 -8.980 -8.240 -8.180 -8.150 -7.840 -7.800 -7.630 -6.700 -7.720 -8.580 -8.740 -7.620 -7.650 -7.110 -6.130 -6.600 -6.270 -4.940 -4.400 -4.580 -4.940 -5.190 -4.970
-16.350 -16.190 -16.210 -15.770 -15.350 -15.050 -14.940 -14.770 -14.650 -14.550 -14.490 -14.240 -13.980 -13.850 -13.520 -13.100 -12.530 -12.340 -12.220 -12.340 -12.400 -12.230 -12.200 -12.150 -12.120 -12.080 -11.980 -12.040 -11.840 -11.670 -12.070 -11.990 -11.860 -11.840 -11.850 -11.530 -11.640 -11.620 -11.610 -11.570 -11.490 -10.910 -10.420 -9.740 -9.490 -9.370 -8.970 -8.840 -8.430 -8.480 -8.150 -6.680 -6.190 -6.080 -6.510 -7.870 -7.310 -7.080 -5.650 -6.100 -5.860 -5.640 -5.700 -4.430 -4.510 -4.530 -4.940 -4.590 -4.560
-15.960 -16.450 -16.830 -15.980 -15.080 -14.750 -14.650 -14.530 -14.550 -14.320 -14.270 -14.120 -13.990 -13.710 -13.420 -13.040 -12.690 -12.880 -12.270 -12.240 -12.260 -12.200 -12.000 -12.000 -11.870 -11.940 -11.910 -11.790 -11.760 -12.010 -11.650 -12.060 -11.440 -11.790 -12.270 -11.850 -11.590 -11.610 -11.690 -11.640 -11.450 -10.740 -9.830 -9.940 -9.480 -8.990 -9.180 -8.880 -8.370 -7.330 -6.350 -6.210 -5.770 -5.550 -6.550 -6.570 -5.760 -5.580 -5.100 -5.370 -5.960 -5.510 -4.900 -5.230 -4.440 -4.450 -3.220 -2.670 -2.510
-16.020 -16.420 -16.550 -16.120 -15.080 -14.620 -14.410 -14.100 -14.180 -14.340 -14.260 -14.150 -13.930 -13.650 -13.370 -13.100 -12.990 -12.580 -12.350 -12.260 -12.250 -12.160 -12.190 -12.000 -11.950 -11.730 -11.780 -11.630 -11.720 -11.250 -11.410 -11.190 -11.200 -11.050 -11.940 -11.800 -11.070 -11.730 -11.540 -11.630 -11.470 -11.160 -10.750 -10.250 -10.430 -9.960 -8.980 -7.930 -7.540 -6.400 -6.000 -5.600 -5.430 -5.050 -5.250 -5.960 -4.690 -4.250 -4.700 -4.920 -5.920 -5.450 -5.350 -3.960 -3.160 -2.590 -2.310 -2.140 -2.050
-16.030 -16.760 -16.420 -15.990 -15.030 -14.600 -14.140 -13.710 -13.770 -14.020 -14.040 -14.060 -13.810 -13.640 -13.310 -13.180 -12.970 -12.560 -12.640 -12.430 -12.270 -12.150 -12.080 -11.930 -11.880 -11.710 -11.590 -11.560 -11.450 -11.080 -11.210 -11.150 -11.020 -11.140 -10.870 -10.910 -10.940 -11.610 -10.410 -9.940 -10.740 -9.870 -9.820 -9.580 -9.920 -9.400 -7.760 -7.570 -7.270 -6.720 -6.490 -5.700 -5.480 -4.880 -6.490 -4.800 -5.010 -4.190 -4.590 -2.440 -2.170 -2.150 -1.670 -2.600 -1.450 -2.680 -2.220 -1.800 -1.650
-16.050 -16.150 -16.220 -15.380 -14.900 -14.620 -14.160 -13.750 -13.610 -13.640 -13.510 -13.680 -13.620 -13.430 -13.160 -13.100 -12.960 -12.760 -12.500 -12.480 -12.330 -12.240 -12.020 -12.060 -12.010 -11.780 -11.630 -11.640 -11.330 -11.240 -10.660 -11.420 -10.860 -10.920 -10.810 -10.650 -10.740 -11.060 -11.090 -9.880 -9.990 -9.620 -9.640 -9.580 -10.260 -9.370 -8.400 -8.400 -7.540 -6.820 -6.360 -6.280 -5.020 -4.940 -6.310 -5.180 -4.360 -4.120 -4.910 -2.240 -2.560 -2.450 -1.250 -0.830 -0.170 0.460 -2.510 -0.700 -0.770
-16.250 -15.710 -15.100 -14.950 -14.810 -14.590 -14.100 -13.830 -13.660 -13.500 -13.210 -13.120 -13.240 -13.090 -12.830 -12.660 -12.740 -12.730 -12.550 -12.470 -12.280 -12.180 -12.110 -12.050 -12.010 -11.620 -11.530 -11.480 -11.240 -11.230 -10.680 -10.700 -10.960 -10.700 -10.710 -10.710 -10.660 -10.590 -10.600 -10.640 -9.920 -9.600 -9.430 -10.000 -10.200 -9.620 -8.910 -8.060 -7.010 -6.200 -5.710 -5.530 -5.090 -5.130 -6.020 -5.000 -4.840 -4.360 -4.050 -1.880 -2.300 -0.460 -1.270 -0.480 -0.300 -0.610 -0.480 -0.460 -0.060
-15.210 -15.330 -14.940 -14.710 -14.640 -14.380 -13.700 -13.600 -13.460 -13.250 -13.120 -13.120 -13.120 -12.980 -12.600 -12.360 -12.520 -12.500 -12.490 -12.350 -12.260 -12.170 -12.030 -12.000 -12.090 -11.420 -11.470 -11.330 -11.290 -11.040 -10.850 -10.390 -10.980 -10.700 -10.620 -11.090 -10.920 -10.390 -10.840 -10.590 -9.840 -9.780 -9.560 -10.680 -10.250 -10.110 -9.580 -8.390 -7.610 -6.760 -6.000 -5.540 -4.570 -4.900 -6.280 -5.940 -5.470 -4.060 -2.250 -1.280 -2.980 -1.030 -1.230 -0.630 -0.910 -0.680 -0.160 0.220 0.550
-14.900 -14.930 -15.020 -14.690 -14.500 -14.170 -13.780 -13.570 -13.450 -13.200 -13.150 -13.030 -13.110 -12.850 -12.610 -12.250 -12.220 -12.350 -12.420 -12.320 -12.270 -11.910 -11.910 -11.810 -11.620 -11.490 -11.420 -11.320 -11.270 -11.440 -10.570 -10.450 -10.530 -10.800 -10.710 -10.660 -10.660 -9.810 -9.520 -9.810 -9.590 -9.560 -9.880 -10.600 -10.330 -10.220 -9.650 -9.700 -7.870 -7.230 -6.570 -5.850 -5.250 -5.000 -6.210 -6.210 -5.320 -3.350 -1.890 -1.840 -1.200 -2.230 -0.660 0.740 0.780 0.630 0.430 0.750 1.840
-14.510 -14.480 -14.730 -14.530 -14.230 -13.970 -13.810 -13.530 -13.390 -13.330 -13.050 -13.020 -12.970 -12.900 -12.510 -12.300 -12.210 -12.340 -12.400 -12.430 -12.220 -12.000 -11.790 -11.790 -11.680 -11.550 -11.490 -11.220 -11.160 -11.110 -11.040 -10.530 -10.400 -10.670 -10.860 -10.530 -11.040 -9.750 -9.650 -9.740 -9.670 -9.570 -9.610 -10.570 -10.380 -10.250 -9.690 -9.240 -7.580 -7.020 -7.070 -6.190 -6.080 -5.880 -6.390 -5.610 -5.940 -2.550 -3.140 -4.440 -2.110 0.360 0.790 1.320 0.140 0.530 0.690 5.590 5.230
-14.390 -14.330 -14.190 -14.100 -13.930 -13.700 -13.650 -13.480 -13.450 -13.380 -13.160 -12.750 -12.840 -12.700 -12.720 -12.540 -12.490 -12.260 -12.390 -12.230 -12.230 -11.980 -11.900 -11.820 -11.720 -11.600 -11.540 -11.290 -11.200 -10.990 -11.200 -10.340 -10.470 -10.590 -10.430 -10.350 -10.430 -9.710 -9.740 -9.620 -9.560 -9.980 -10.280 -10.520 -10.460 -10.270 -9.810 -9.120 -8.180 -7.450 -6.690 -6.570 -6.170 -6.150 -6.160 -5.250 -5.580 -4.680 -3.300 -3.170 -1.230 -0.440 -1.610 -0.420 -0.340 0.440 2.880 4.540 6.820
-13.870 -14.110 -14.120 -14.070 -13.850 -13.620 -13.490 -13.480 -13.290 -13.220 -13.050 -12.800 -12.840 -12.790 -12.790 -12.810 -12.630 -12.200 -12.240 -12.260 -12.320 -11.950 -11.800 -11.800 -11.630 -11.540 -11.420 -11.430 -11.390 -11.270 -11.290 -10.680 -10.580 -10.510 -10.530 -10.390 -10.240 -9.680 -9.550 -9.560 -9.620 -9.480 -10.470 -10.360 -10.570 -10.420 -9.950 -9.520 -8.980 -7.830 -7.270 -6.650 -6.200 -6.210 -6.060 -5.330 -3.800 -3.300 -3.360 -2.770 -2.830 -1.470 -2.740 0.570 -0.400 -0.110 0.540 1.340 7.330
-13.270 -13.040 -13.300 -13.490 -13.510 -13.260 -13.300 -13.530 -13.220 -13.110 -12.970 -12.810 -12.820 -12.850 -12.840 -12.740 -12.710 -12.400 -12.400 -12.320 -12.170 -11.950 -11.750 -11.560 -11.570 -11.550 -11.360 -11.370 -11.210 -11.190 -11.020 -11.180 -10.750 -10.380 -10.470 -10.470 -10.580 -9.820 -9.790 -9.730 -9.520 -9.630 -10.230 -10.610 -10.760 -10.500 -10.390 -10.090 -9.230 -8.460 -7.780 -7.090 -7.270 -6.740 -6.080 -4.940 -4.200 -3.310 -3.190 -2.760 -1.190 -1.050 -0.910 0.570 -0.550 -0.710 0.440 1.390 4.050
-13.060 -12.810 -12.870 -13.040 -13.190 -13.000 -12.910 -13.400 -13.300 -13.020 -13.090 -12.860 -12.680 -12.630 -12.840 -12.700 -12.670 -12.500 -12.360 -12.270 -12.150 -11.880 -11.500 -11.370 -11.430 -11.510 -11.390 -11.270 -11.290 -11.150 -11.120 -11.150 -10.970 -10.270 -10.190 -10.330 -10.330 -10.040 -10.310 -9.800 -9.610 -10.200 -10.520 -10.810 -10.650 -10.540 -10.300 -10.070 -9.300 -9.370 -8.970 -8.290 -7.810 -7.050 -6.480 -5.550 -4.300 -3.690 -3.800 -2.480 -1.860 -0.930 -1.270 -0.950 -2.150 -0.350 0.040 0.520 4.340
-12.730 -12.720 -12.820 -12.860 -12.740 -12.490 -12.560 -12.710 -12.680 -12.570 -12.430 -12.890 -12.790 -12.290 -12.380 -12.520 -12.600 -12.260 -12.260 -12.050 -12.050 -11.900 -11.740 -11.500 -11.360 -11.320 -11.340 -11.140 -11.130 -10.920 -10.930 -10.890 -11.150 -10.960 -10.360 -10.330 -10.200 -10.080 -10.210 -9.750 -9.550 -9.640 -9.960 -10.020 -10.470 -9.940 -9.920 -9.830 -9.410 -8.910 -8.860 -8.830 -8.000 -7.240 -6.920 -5.840 -4.090 -4.940 -3.530 -3.080 -2.650 -2.050 -2.360 -1.420 -1.810 -0.430 -0.160 -0.470 0.210
-12.340 -12.370 -12.120 -12.230 -12.210 -11.980 -12.170 -12.130 -12.390 -12.140 -12.210 -12.650 -12.570 -12.100 -12.190 -12.350 -12.310 -12.320 -12.160 -11.940 -11.890 -11.730 -11.740 -11.620 -11.390 -11.290 -11.250 -11.090 -10.820 -10.970 -10.830 -11.180 -11.260 -10.950 -10.250 -10.400 -10.240 -10.230 -9.790 -9.790 -9.790 -9.640 -9.670 -9.610 -9.670 -9.600 -9.610 -9.510 -9.010 -8.800 -8.830 -8.700 -8.030 -7.150 -6.690 -5.790 -4.550 -5.290 -4.810 -3.700 -3.140 -2.100 -2.430 -2.600 -2.280 -1.080 -1.020 -1.060 -0.190
-11.950 -11.790 -12.000 -11.860 -11.790 -11.650 -11.610 -11.640 -11.900 -12.070 -11.430 -12.090 -11.830 -11.720 -11.980 -12.170 -12.090 -12.200 -12.030 -11.840 -11.730 -11.590 -11.550 -11.310 -11.280 -11.050 -11.150 -10.880 -10.750 -10.950 -10.140 -10.050 -10.320 -10.160 -10.190 -10.550 -10.240 -9.770 -9.370 -9.560 -9.550 -9.570 -9.250 -9.360 -9.290 -9.320 -9.120 -8.500 -8.310 -7.910 -8.560 -7.730 -7.750 -7.360 -6.760 -6.270 -5.800 -5.710 -4.800 -3.670 -2.820 -3.080 -2.910 -3.290 -3.030 -1.830 -1.690 -1.420 -0.810
