0925_6225/LITTO3D_FRA_0926_6225_20150529_LAMB93_RGF93_IGN69/MNT5m/LITTO3D_FRA_0926_6225_MNT5_20150529_LAMB93_RGF93_IGN69.asc
ncols 200
nrows 200
xllcenter 926000.000
yllcenter 6224005.000
cellsize 5.0000
nodata_value -99999
[rows 0 to 30 of 200, columns 0 to 68 of 200]
-25.650 -25.600 -24.830 -24.540 -24.570 -24.490 -24.080 -23.720 -23.550 -23.450 -23.240 -23.110 -23.060 -22.900 -22.520 -22.560 -22.330 -22.080 -21.560 -21.540 -21.420 -21.260 -21.130 -21.010 -20.840 -20.740 -20.260 -20.220 -19.100 -18.880 -18.720 -18.510 -18.480 -19.030 -18.920 -19.120 -18.650 -18.620 -18.900 -18.630 -18.660 -18.790 -19.060 -18.430 -18.380 -17.740 -16.530 -16.520 -16.190 -15.950 -16.160 -16.110 -16.510 -16.900 -17.270 -17.700 -18.180 -18.550 -19.030 -19.120 -19.260 -19.450 -19.630 -19.740 -19.820 -20.340 -20.800 -20.880 -21.260
-25.770 -25.240 -24.810 -24.520 -24.390 -24.380 -24.170 -23.980 -23.620 -23.370 -23.450 -23.120 -22.940 -23.040 -22.790 -22.410 -22.340 -21.920 -21.870 -21.550 -21.630 -21.350 -21.210 -21.100 -20.910 -20.740 -20.530 -20.030 -19.510 -18.840 -18.800 -18.320 -18.940 -19.140 -19.060 -18.810 -18.770 -18.600 -18.500 -18.650 -18.170 -18.320 -18.580 -18.480 -16.810 -16.130 -15.920 -16.320 -16.430 -16.100 -16.010 -16.060 -16.340 -16.550 -16.910 -17.400 -17.700 -18.310 -18.610 -18.700 -19.100 -19.240 -19.180 -19.510 -19.670 -20.040 -20.520 -21.060 -21.460
-25.810 -25.340 -24.870 -24.350 -24.480 -24.180 -24.340 -23.920 -23.800 -23.440 -23.300 -23.050 -23.080 -22.910 -22.560 -22.330 -22.070 -22.240 -21.830 -21.550 -21.600 -21.420 -21.290 -20.940 -21.030 -20.640 -20.690 -20.220 -19.810 -19.300 -19.030 -19.090 -19.200 -19.130 -19.040 -18.670 -18.670 -18.560 -18.520 -18.230 -18.050 -18.000 -17.850 -17.450 -16.400 -16.020 -15.320 -15.870 -15.750 -15.680 -15.550 -16.260 -16.550 -16.640 -16.670 -16.970 -17.430 -17.950 -18.130 -18.330 -18.540 -18.940 -19.270 -19.310 -19.170 -19.630 -19.970 -20.520 -20.330
-25.370 -25.230 -24.850 -24.570 -24.640 -24.350 -24.020 -24.020 -23.560 -23.800 -23.300 -23.380 -23.110 -22.960 -22.630 -22.460 -22.290 -21.990 -21.910 -21.790 -21.620 -21.300 -21.170 -21.040 -20.820 -20.680 -20.440 -20.200 -20.080 -19.800 -19.680 -19.550 -19.260 -19.200 -19.160 -17.870 -18.400 -18.400 -18.200 -17.880 -17.860 -17.820 -17.840 -17.750 -16.690 -16.430 -15.380 -16.280 -15.570 -14.970 -15.300 -16.080 -16.500 -16.660 -16.530 -16.800 -16.970 -17.340 -17.570 -17.970 -18.250 -18.260 -18.550 -18.920 -19.000 -19.310 -19.710 -19.960 -20.290
-25.070 -25.120 -24.640 -24.560 -24.610 -24.390 -24.160 -24.160 -23.850 -23.360 -23.480 -23.120 -23.210 -23.340 -22.490 -22.440 -22.310 -22.100 -21.870 -21.860 -21.620 -21.430 -21.240 -21.060 -20.870 -20.680 -20.520 -20.410 -20.180 -19.850 -19.760 -19.640 -19.370 -19.120 -19.120 -18.610 -18.790 -18.430 -18.040 -17.880 -17.900 -17.980 -17.550 -18.070 -17.020 -16.150 -15.990 -14.610 -14.010 -14.250 -15.090 -16.280 -16.300 -16.640 -16.840 -17.000 -16.590 -16.750 -17.010 -17.360 -17.630 -17.810 -18.250 -18.600 -18.830 -19.110 -19.160 -19.360 -19.980
-24.990 -25.110 -24.850 -24.480 -24.470 -24.160 -24.240 -23.950 -23.530 -23.580 -23.200 -23.150 -23.240 -22.880 -22.870 -22.450 -22.230 -22.210 -21.950 -21.640 -21.800 -21.520 -21.380 -21.250 -20.930 -20.560 -20.660 -20.430 -20.070 -19.930 -19.710 -19.660 -19.510 -19.360 -18.980 -19.130 -18.700 -18.700 -18.350 -18.030 -17.980 -17.720 -17.530 -17.330 -16.610 -16.810 -16.570 -15.410 -14.660 -15.020 -16.040 -16.600 -15.780 -16.410 -16.530 -16.900 -16.920 -16.640 -16.730 -16.960 -17.320 -17.680 -18.110 -18.460 -18.710 -18.640 -18.830 -18.950 -19.370
-24.910 -24.790 -24.870 -24.260 -24.290 -24.110 -24.090 -23.900 -23.680 -23.440 -23.290 -23.280 -23.070 -23.100 -22.790 -22.480 -22.400 -21.840 -22.080 -21.690 -21.620 -21.450 -21.200 -21.190 -21.050 -20.690 -20.340 -20.290 -20.120 -19.810 -19.810 -19.570 -19.420 -19.260 -19.150 -19.100 -18.790 -18.690 -18.240 -18.230 -17.810 -17.520 -17.140 -17.270 -16.340 -16.610 -16.460 -16.360 -15.950 -15.870 -16.070 -15.590 -15.830 -16.460 -16.800 -16.730 -16.380 -16.440 -16.710 -16.950 -17.300 -17.540 -17.920 -18.220 -18.260 -18.480 -18.480 -18.960 -18.980
-25.070 -24.870 -24.590 -24.330 -24.320 -24.250 -23.990 -23.920 -23.610 -23.530 -23.100 -23.430 -23.080 -22.860 -22.630 -22.470 -22.240 -21.970 -21.850 -21.850 -21.620 -21.500 -21.470 -21.260 -20.970 -20.650 -20.560 -20.420 -20.220 -19.820 -19.740 -19.520 -19.280 -19.250 -19.220 -19.060 -18.900 -18.780 -18.270 -18.190 -17.920 -17.820 -17.540 -17.540 -17.290 -17.330 -17.290 -16.890 -16.530 -16.300 -15.630 -15.540 -15.930 -16.650 -16.650 -16.590 -16.560 -16.550 -16.700 -16.900 -17.130 -17.350 -17.640 -17.800 -17.980 -18.330 -18.480 -18.830 -18.980
-25.010 -24.880 -24.660 -24.230 -24.230 -24.020 -23.800 -23.770 -23.560 -23.580 -23.180 -23.150 -22.950 -22.650 -22.550 -22.540 -22.240 -22.080 -21.800 -21.840 -21.700 -21.400 -21.330 -21.350 -20.990 -20.720 -20.460 -20.380 -20.160 -19.830 -19.700 -19.060 -19.370 -19.190 -19.190 -18.950 -18.930 -18.870 -18.490 -18.210 -17.850 -17.590 -17.650 -17.710 -17.770 -17.530 -17.690 -17.690 -17.300 -16.460 -16.170 -15.980 -15.510 -16.330 -16.420 -16.440 -16.370 -16.350 -16.650 -16.750 -17.070 -17.370 -17.420 -17.510 -17.850 -18.000 -18.230 -18.600 -18.860
-24.940 -25.140 -24.730 -24.400 -24.120 -23.730 -24.010 -23.720 -23.410 -23.160 -23.220 -23.040 -23.180 -22.660 -22.580 -22.500 -22.140 -22.040 -21.940 -21.560 -21.580 -21.490 -21.330 -21.110 -20.890 -20.800 -20.320 -20.460 -20.070 -19.950 -19.630 -19.570 -19.450 -19.130 -19.180 -19.110 -18.990 -18.710 -18.430 -18.230 -18.050 -17.730 -17.760 -17.720 -17.480 -17.700 -17.500 -17.040 -16.780 -16.700 -16.130 -14.830 -15.600 -15.960 -16.090 -16.270 -16.220 -16.420 -16.510 -16.840 -16.910 -17.100 -17.200 -17.420 -17.570 -17.690 -17.930 -18.460 -18.550
-24.950 -24.840 -24.670 -24.420 -24.260 -24.000 -23.910 -23.710 -23.320 -23.450 -23.300 -23.020 -22.890 -22.770 -22.550 -22.450 -22.250 -22.020 -21.930 -21.770 -21.480 -21.290 -21.240 -21.190 -20.940 -20.560 -20.350 -20.350 -20.040 -19.830 -19.820 -19.570 -19.310 -19.420 -19.010 -19.020 -18.940 -18.580 -18.520 -18.310 -18.130 -18.030 -17.780 -17.690 -17.790 -17.440 -17.330 -17.190 -16.800 -16.000 -16.100 -15.580 -16.290 -16.240 -16.120 -16.160 -16.130 -16.200 -16.410 -16.460 -16.930 -16.990 -17.060 -17.160 -17.290 -17.570 -17.940 -18.140 -18.280
-24.830 -24.840 -24.490 -24.230 -24.100 -24.180 -23.850 -23.540 -23.430 -23.380 -23.200 -23.120 -22.860 -22.590 -22.430 -22.360 -22.350 -22.100 -22.010 -21.710 -21.580 -21.390 -21.180 -21.110 -20.920 -20.610 -20.480 -20.090 -20.250 -19.840 -19.790 -19.660 -19.560 -19.320 -19.190 -18.970 -18.930 -18.540 -18.570 -18.320 -18.220 -18.090 -17.770 -17.840 -17.540 -17.550 -17.350 -17.050 -16.930 -16.610 -16.660 -16.370 -16.340 -16.330 -16.260 -16.280 -16.370 -16.200 -16.080 -16.440 -16.610 -16.660 -16.910 -17.120 -17.110 -17.220 -17.680 -18.510 -18.030
-24.770 -24.870 -24.460 -24.240 -24.270 -23.770 -23.890 -23.740 -23.420 -23.270 -23.210 -23.190 -22.700 -22.570 -22.560 -22.280 -22.310 -22.090 -21.970 -21.750 -21.430 -21.300 -21.230 -21.160 -20.820 -20.450 -20.330 -20.230 -19.980 -20.170 -19.630 -19.710 -19.490 -19.470 -19.160 -18.980 -18.690 -18.570 -18.390 -18.390 -18.100 -18.000 -17.750 -17.770 -17.750 -17.500 -17.100 -17.120 -17.040 -16.890 -16.720 -16.510 -16.310 -16.350 -16.270 -16.210 -16.450 -16.020 -15.940 -16.200 -16.260 -16.350 -16.590 -16.590 -16.690 -16.930 -17.150 -18.110 -17.980
-24.870 -24.610 -24.450 -24.330 -24.190 -23.980 -23.630 -23.530 -23.440 -23.240 -23.170 -22.960 -22.820 -22.570 -22.510 -22.200 -22.280 -21.950 -21.910 -21.750 -21.600 -21.280 -21.350 -20.990 -20.830 -20.720 -20.400 -20.200 -20.140 -19.960 -19.890 -19.630 -19.640 -19.270 -19.250 -18.970 -18.650 -18.460 -18.430 -18.140 -18.170 -17.910 -17.830 -17.610 -17.620 -17.360 -17.070 -16.820 -17.230 -16.950 -16.890 -16.830 -16.610 -16.320 -16.100 -16.170 -15.990 -16.020 -15.910 -15.890 -16.220 -16.150 -16.270 -16.420 -16.460 -16.660 -16.870 -17.300 -17.830
-24.950 -24.490 -24.210 -24.180 -23.920 -23.980 -23.660 -23.240 -23.210 -23.070 -23.030 -22.940 -22.860 -22.670 -22.260 -22.200 -22.040 -21.830 -21.720 -21.540 -21.550 -21.360 -21.200 -20.940 -20.640 -20.690 -20.420 -20.230 -20.060 -20.040 -20.000 -19.610 -19.610 -19.410 -19.080 -19.030 -18.700 -18.480 -18.390 -18.110 -17.960 -17.950 -18.080 -17.710 -17.420 -17.410 -16.960 -16.880 -16.780 -16.580 -16.490 -16.610 -16.370 -16.100 -16.140 -15.870 -15.870 -15.750 -15.990 -15.960 -16.040 -15.840 -16.210 -16.000 -16.100 -16.210 -16.280 -16.550 -16.710
-24.820 -24.450 -24.350 -24.040 -23.880 -23.720 -23.580 -23.500 -23.390 -22.880 -22.990 -22.650 -22.720 -22.350 -22.170 -22.190 -21.960 -21.820 -21.800 -21.410 -21.420 -21.130 -20.920 -20.950 -20.720 -20.660 -20.240 -20.060 -20.130 -19.890 -19.880 -19.670 -19.460 -19.290 -19.040 -18.910 -18.740 -18.490 -18.410 -18.180 -17.780 -17.660 -17.530 -17.740 -17.390 -17.280 -16.890 -16.810 -16.630 -16.150 -16.330 -15.960 -15.780 -15.780 -15.790 -15.780 -15.620 -15.650 -15.730 -15.740 -15.740 -15.930 -15.930 -15.730 -15.950 -15.930 -15.860 -15.890 -16.140
-24.530 -24.290 -24.150 -24.040 -23.810 -23.530 -23.620 -23.100 -23.240 -22.960 -23.040 -22.730 -22.480 -22.440 -22.280 -21.970 -21.950 -21.780 -21.870 -21.600 -21.120 -21.100 -20.840 -20.710 -20.240 -20.360 -20.230 -20.170 -20.150 -19.860 -19.790 -19.680 -19.410 -19.330 -18.930 -18.850 -18.730 -18.300 -18.380 -17.970 -17.770 -17.610 -17.820 -17.470 -17.390 -17.030 -16.910 -17.390 -16.520 -16.220 -15.680 -15.340 -15.450 -15.580 -15.640 -15.440 -15.340 -15.460 -15.440 -15.640 -15.490 -15.690 -15.560 -15.780 -15.500 -15.520 -15.440 -15.540 -15.940
-24.360 -24.080 -24.100 -23.920 -23.960 -23.670 -23.320 -23.270 -23.170 -22.720 -22.790 -22.360 -22.410 -22.350 -22.230 -21.940 -21.830 -21.760 -21.600 -21.290 -21.050 -21.170 -20.590 -20.760 -20.320 -20.340 -20.050 -20.150 -19.900 -19.770 -19.650 -19.450 -19.170 -19.150 -18.720 -18.840 -18.590 -18.180 -18.210 -17.930 -17.760 -17.640 -17.490 -17.310 -16.800 -16.870 -16.740 -16.730 -16.420 -16.270 -15.730 -15.590 -15.380 -15.300 -15.350 -15.280 -15.210 -15.100 -15.170 -15.270 -15.450 -15.320 -15.400 -15.370 -15.500 -15.400 -15.410 -15.410 -15.530
-24.250 -24.120 -23.760 -23.960 -23.660 -23.390 -23.360 -23.030 -23.060 -22.860 -22.550 -22.500 -22.570 -22.340 -22.040 -21.710 -21.750 -21.610 -21.240 -21.070 -21.060 -20.870 -20.590 -20.780 -20.300 -20.130 -20.210 -19.840 -19.880 -19.770 -19.330 -19.460 -19.300 -19.110 -18.860 -18.650 -18.270 -18.310 -18.060 -17.810 -17.590 -17.560 -17.270 -16.940 -16.740 -16.750 -15.940 -15.760 -16.600 -15.840 -15.470 -15.060 -14.400 -15.210 -15.410 -15.080 -14.970 -15.050 -14.670 -14.800 -15.070 -15.500 -15.350 -15.410 -15.520 -15.430 -15.490 -15.910 -15.400
-24.440 -24.000 -23.780 -23.730 -23.530 -23.390 -23.260 -23.270 -22.920 -22.890 -22.570 -22.470 -22.200 -22.360 -22.160 -21.850 -21.660 -21.420 -21.390 -21.310 -20.870 -20.550 -20.570 -20.360 -20.090 -19.960 -19.800 -19.940 -19.610 -19.560 -19.170 -19.290 -19.090 -19.040 -18.820 -18.550 -18.390 -18.030 -17.870 -17.520 -17.680 -17.350 -16.970 -17.060 -16.110 -16.290 -14.920 -15.670 -16.120 -14.640 -13.360 -13.760 -13.660 -14.880 -14.250 -14.250 -14.590 -14.510 -14.670 -14.220 -14.350 -14.500 -14.870 -14.740 -14.800 -15.240 -15.040 -15.100 -15.230
-24.580 -23.960 -23.970 -23.650 -23.560 -23.450 -23.130 -23.250 -22.980 -22.650 -22.610 -22.290 -22.140 -22.230 -21.870 -21.850 -21.600 -21.520 -21.060 -21.010 -20.610 -20.360 -20.150 -19.850 -20.080 -19.960 -19.820 -19.640 -19.520 -19.280 -19.300 -19.220 -18.980 -18.780 -18.590 -18.450 -18.110 -17.990 -17.570 -17.580 -17.370 -17.060 -17.090 -16.980 -17.040 -16.650 -15.870 -15.860 -15.330 -14.130 -12.800 -12.430 -12.200 -13.220 -13.910 -14.010 -14.770 -14.040 -13.890 -13.820 -13.770 -13.910 -14.000 -14.060 -14.290 -14.310 -14.390 -14.610 -14.520
-24.120 -23.870 -23.940 -23.520 -23.550 -23.330 -23.160 -23.120 -22.770 -22.630 -22.580 -22.430 -22.210 -22.180 -21.850 -21.620 -21.500 -21.210 -21.100 -20.740 -20.500 -20.190 -19.670 -19.570 -19.650 -19.660 -19.810 -19.450 -19.310 -19.400 -18.950 -18.820 -18.690 -18.630 -18.400 -18.290 -17.960 -17.920 -17.510 -17.270 -17.290 -17.040 -17.080 -16.810 -15.610 -15.810 -15.000 -15.960 -13.500 -13.930 -12.810 -13.030 -11.270 -11.680 -12.260 -11.870 -12.170 -13.250 -13.230 -13.260 -12.950 -13.080 -13.200 -13.590 -13.740 -13.780 -13.770 -13.920 -14.080
-24.020 -23.830 -23.750 -23.540 -23.440 -23.070 -22.880 -22.900 -22.890 -22.640 -22.450 -22.400 -22.120 -21.810 -21.750 -21.570 -21.290 -21.240 -21.020 -20.740 -20.260 -19.890 -19.550 -19.450 -19.370 -19.290 -19.240 -19.320 -19.190 -19.230 -18.880 -18.780 -18.580 -18.290 -17.990 -17.940 -17.850 -17.560 -17.590 -17.210 -17.430 -16.990 -16.640 -16.690 -15.900 -15.680 -15.780 -15.580 -14.090 -14.000 -13.100 -11.440 -11.350 -11.150 -11.140 -11.630 -12.760 -13.250 -12.940 -12.990 -12.860 -12.600 -12.930 -13.010 -13.150 -13.280 -13.270 -13.530 -13.560
-23.960 -24.060 -23.540 -23.340 -23.360 -22.830 -23.060 -22.780 -22.690 -22.410 -22.410 -22.350 -22.010 -21.790 -21.710 -21.680 -21.360 -21.080 -20.910 -20.610 -20.220 -20.040 -19.570 -19.380 -19.410 -19.100 -19.020 -18.730 -18.790 -18.800 -18.740 -18.380 -18.250 -18.260 -17.840 -17.710 -17.570 -17.430 -17.400 -17.250 -16.880 -16.510 -16.380 -16.120 -16.040 -15.860 -16.100 -15.600 -14.450 -14.320 -13.100 -11.750 -12.240 -12.000 -11.570 -12.100 -13.110 -13.090 -12.920 -12.690 -12.930 -12.540 -12.530 -12.640 -13.040 -13.410 -13.150 -13.060 -13.360
-24.060 -23.690 -23.770 -23.250 -23.320 -22.900 -22.880 -22.760 -22.650 -22.480 -22.440 -21.980 -22.020 -21.770 -21.680 -21.550 -21.240 -20.810 -20.550 -20.570 -20.280 -19.850 -19.720 -19.570 -19.200 -19.040 -18.840 -18.470 -18.440 -18.280 -18.300 -18.110 -18.000 -17.750 -17.680 -17.330 -17.520 -17.440 -17.080 -16.860 -16.570 -16.390 -16.010 -16.020 -15.830 -15.950 -15.460 -15.320 -14.370 -14.460 -12.840 -12.180 -12.290 -12.310 -12.630 -13.250 -13.170 -13.180 -13.430 -13.240 -13.000 -12.360 -12.170 -12.560 -12.700 -12.530 -13.030 -13.070 -12.860
-23.630 -23.630 -23.570 -23.300 -22.980 -22.870 -22.930 -22.780 -22.780 -22.530 -22.070 -22.040 -21.900 -21.690 -21.320 -21.230 -21.170 -20.980 -20.640 -20.540 -20.290 -19.700 -19.410 -19.410 -19.060 -18.810 -18.840 -18.510 -18.210 -18.170 -18.140 -17.700 -17.810 -17.490 -17.410 -17.180 -17.430 -17.130 -16.820 -16.920 -16.550 -16.200 -15.990 -15.700 -15.720 -15.550 -15.610 -15.160 -14.820 -13.990 -13.360 -13.190 -13.210 -13.230 -13.750 -13.040 -11.540 -13.210 -13.310 -11.820 -10.570 -10.660 -11.550 -12.020 -12.030 -12.170 -12.090 -11.940 -12.120
-23.470 -23.600 -23.510 -23.170 -23.190 -22.950 -22.810 -22.770 -22.500 -22.390 -22.220 -22.060 -21.900 -21.640 -21.470 -21.370 -21.210 -20.830 -20.830 -20.410 -20.220 -19.750 -19.640 -19.060 -19.050 -18.710 -18.260 -18.050 -17.660 -17.750 -17.530 -17.390 -17.370 -17.380 -17.080 -17.000 -17.400 -17.230 -17.250 -16.850 -16.780 -16.250 -16.270 -15.680 -15.940 -15.940 -15.560 -14.700 -15.060 -14.230 -13.920 -13.610 -13.520 -13.340 -11.790 -12.970 -10.360 -12.600 -10.170 -8.950 -9.300 -10.510 -11.710 -12.120 -11.470 -11.570 -11.440 -11.570 -11.580
-23.440 -23.350 -23.200 -23.220 -23.000 -23.360 -22.790 -22.790 -22.750 -22.380 -21.940 -21.820 -21.810 -21.720 -21.470 -21.360 -21.000 -20.900 -20.560 -20.330 -19.960 -19.660 -19.490 -19.080 -18.810 -18.460 -18.130 -17.950 -17.570 -17.360 -17.620 -17.500 -17.300 -17.110 -16.160 -15.860 -16.290 -17.110 -17.360 -17.060 -17.440 -16.660 -16.310 -15.990 -15.680 -15.700 -15.090 -15.080 -14.610 -14.290 -14.290 -14.350 -13.150 -12.610 -11.880 -10.950 -10.640 -11.470 -10.850 -8.210 -7.120 -7.620 -11.200 -11.080 -11.200 -11.280 -10.950 -11.070 -11.330
-23.350 -23.210 -23.360 -23.070 -23.010 -22.730 -22.640 -22.560 -22.510 -22.320 -22.040 -21.900 -21.740 -21.580 -21.270 -21.250 -21.020 -20.630 -20.610 -20.240 -20.100 -19.780 -19.500 -18.960 -18.440 -18.060 -17.850 -17.480 -17.390 -17.630 -17.550 -17.470 -17.440 -16.150 -14.990 -14.470 -14.460 -15.500 -17.150 -17.470 -17.500 -16.920 -15.980 -15.820 -15.310 -15.410 -15.240 -14.660 -15.030 -14.470 -14.590 -13.310 -12.660 -11.030 -11.720 -10.880 -10.910 -10.690 -10.450 -8.450 -7.960 -8.330 -9.200 -10.100 -8.070 -7.950 -10.570 -10.620 -10.720
-23.520 -23.320 -23.270 -22.960 -22.990 -22.700 -22.590 -22.360 -22.380 -22.450 -22.220 -21.780 -21.580 -21.420 -21.290 -21.190 -20.980 -21.040 -20.410 -20.120 -20.050 -19.650 -19.350 -18.970 -18.580 -18.010 -17.570 -17.400 -17.490 -17.530 -17.360 -17.290 -16.400 -16.070 -14.630 -13.600 -12.950 -13.580 -15.980 -16.700 -15.290 -15.790 -15.350 -15.270 -15.220 -15.090 -15.060 -15.000 -15.100 -14.200 -13.930 -13.430 -12.860 -9.630 -9.570 -9.410 -10.560 -10.430 -9.550 -8.970 -8.310 -8.680 -8.700 -9.460 -7.920 -8.490 -9.780 -10.100 -10.280
-23.280 -23.170 -22.910 -22.880 -22.760 -22.840 -22.530 -22.520 -22.300 -22.400 -22.080 -21.820 -21.740 -21.500 -21.370 -20.970 -21.280 -20.620 -20.420 -19.990 -20.000 -19.800 -19.290 -18.750 -18.630 -18.070 -17.800 -17.670 -17.740 -17.680 -17.570 -17.010 -15.940 -15.270 -13.970 -13.290 -12.950 -12.430 -14.970 -14.120 -14.420 -15.360 -14.900 -14.880 -14.980 -14.730 -15.060 -15.440 -14.420 -13.920 -13.350 -12.930 -11.330 -8.910 -8.420 -8.770 -10.490 -9.900 -9.350 -6.490 -5.760 -5.300 -6.230 -7.970 -8.480 -8.180 -8.810 -9.230 -9.650
