0925_6225/LITTO3D_FRA_0925_6224_20150529_LAMB93_RGF93_IGN69/MNT5m/LITTO3D_FRA_0925_6224_MNT5_20150529_LAMB93_RGF93_IGN69.asc
ncols 200
nrows 200
xllcenter 925000.000
yllcenter 6223005.000
cellsize 5.0000
nodata_value -99999
[rows 29 to 57 of 200, columns 67 to 133 of 200]
-6.490 -5.470 -7.630 -8.510 -8.830 -8.970 -9.040 -9.240 -8.940 -8.480 -8.300 -7.730 -8.910 -8.120 -8.860 -9.200 -8.980 -8.920 -4.580 -6.730 -9.050 -8.590 -8.620 -8.630 -8.130 -6.930 -8.520 -7.160 -7.750 -8.250 -6.620 -7.050 -5.440 -6.310 -6.950 -7.560 -6.770 -6.820 -8.420 -8.430 -8.980 -9.450 -9.350 -9.130 -8.810 -8.210 -7.560 -8.180 -8.010 -8.410 -8.680 -8.860 -9.040 -9.030 -8.840 -7.660 -7.420 -8.810 -9.370 -8.970 -10.060 -9.500 -9.810 -10.120 -9.660 -9.170 -8.730
-5.870 -6.110 -8.190 -9.260 -8.970 -9.640 -9.040 -8.880 -9.500 -9.380 -7.880 -8.490 -7.860 -9.080 -9.130 -9.540 -9.430 -9.640 -7.460 -9.350 -9.520 -9.310 -9.320 -9.000 -8.380 -9.140 -8.880 -7.740 -9.540 -9.990 -8.180 -7.770 -7.330 -8.550 -8.670 -7.370 -5.700 -7.540 -6.590 -7.160 -8.080 -9.460 -9.210 -9.350 -8.850 -7.230 -8.360 -6.620 -8.070 -9.220 -9.210 -9.120 -9.260 -9.330 -9.120 -7.550 -8.830 -9.380 -9.710 -9.770 -9.660 -9.820 -9.950 -10.250 -10.060 -9.780 -9.960
-9.070 -9.000 -7.780 -9.580 -9.820 -9.450 -9.800 -9.340 -9.940 -9.330 -7.740 -9.640 -9.640 -9.860 -9.410 -10.020 -10.030 -10.230 -9.910 -10.050 -9.840 -8.990 -9.460 -9.370 -9.290 -9.480 -9.250 -7.900 -7.030 -9.660 -10.560 -10.720 -10.010 -8.580 -9.020 -8.600 -8.990 -7.490 -6.880 -6.550 -7.250 -8.750 -9.260 -9.000 -8.780 -7.920 -7.810 -8.060 -7.260 -8.580 -9.240 -8.830 -9.340 -9.500 -9.480 -9.630 -9.620 -10.150 -9.750 -10.320 -9.950 -10.140 -9.750 -10.600 -10.730 -9.830 -10.940
-8.660 -8.760 -8.140 -10.040 -10.040 -9.750 -9.890 -9.880 -10.360 -10.120 -8.200 -10.630 -9.840 -10.250 -10.620 -10.320 -10.240 -10.490 -10.200 -10.230 -9.870 -9.730 -8.840 -8.470 -9.790 -9.610 -9.740 -10.160 -11.450 -9.960 -10.310 -10.500 -9.690 -10.490 -10.680 -8.270 -8.500 -7.340 -7.020 -6.220 -8.150 -9.240 -9.290 -9.000 -8.740 -7.720 -7.090 -9.030 -8.100 -9.020 -9.440 -9.450 -9.760 -9.930 -10.160 -9.470 -10.020 -10.420 -10.440 -10.980 -10.500 -10.080 -10.490 -10.650 -10.890 -11.070 -11.080
-8.950 -10.030 -10.560 -10.530 -10.250 -10.700 -10.640 -10.850 -10.340 -10.770 -10.840 -10.990 -9.670 -10.980 -10.920 -10.710 -10.710 -10.600 -10.350 -10.310 -10.490 -9.590 -7.420 -8.470 -9.950 -9.670 -11.440 -10.860 -11.440 -10.980 -9.360 -10.370 -9.550 -11.070 -10.720 -8.330 -9.190 -9.170 -8.790 -6.620 -7.700 -8.590 -9.780 -9.080 -9.140 -9.530 -9.630 -9.720 -8.750 -9.770 -9.510 -9.940 -10.520 -10.590 -10.480 -10.710 -10.120 -10.850 -10.790 -10.990 -10.850 -11.000 -10.820 -11.210 -11.400 -11.550 -11.260
-8.640 -8.840 -10.530 -10.860 -10.510 -10.670 -11.250 -9.810 -10.230 -11.090 -11.070 -11.150 -11.220 -11.500 -10.760 -11.210 -10.910 -11.080 -11.020 -10.680 -10.490 -9.910 -9.900 -8.770 -9.840 -10.100 -10.540 -11.450 -11.390 -11.060 -11.780 -11.440 -11.390 -10.930 -10.970 -10.500 -10.300 -9.480 -9.320 -7.280 -7.680 -7.060 -9.940 -9.760 -9.910 -9.910 -10.230 -10.380 -10.040 -10.570 -10.640 -10.790 -11.110 -11.410 -10.790 -11.090 -11.130 -11.150 -10.550 -11.410 -11.130 -11.300 -11.530 -11.400 -11.760 -11.600 -12.050
-10.400 -9.480 -11.320 -10.750 -10.770 -11.140 -11.540 -11.330 -11.210 -11.390 -11.680 -11.530 -11.770 -11.630 -11.650 -11.550 -11.530 -11.560 -11.180 -11.320 -11.220 -10.720 -10.150 -8.560 -10.170 -10.890 -11.320 -11.280 -11.490 -10.840 -10.990 -11.130 -11.750 -11.500 -11.530 -10.620 -9.460 -10.290 -8.620 -6.800 -8.130 -9.040 -10.550 -10.420 -10.090 -10.430 -10.730 -10.590 -10.880 -10.990 -11.140 -11.360 -11.620 -11.210 -11.440 -11.830 -11.660 -11.480 -10.980 -11.650 -11.560 -11.550 -11.410 -11.540 -12.050 -12.340 -12.330
-10.750 -11.170 -11.530 -10.690 -11.540 -11.920 -11.580 -10.710 -11.730 -11.630 -11.700 -12.270 -12.370 -12.030 -11.940 -11.930 -11.980 -11.660 -11.740 -11.870 -12.270 -12.090 -10.770 -10.380 -9.950 -11.410 -11.150 -8.780 -10.770 -10.130 -10.530 -10.220 -11.570 -10.180 -11.060 -10.580 -9.860 -9.740 -9.060 -9.170 -9.710 -10.240 -10.730 -10.480 -11.380 -11.390 -11.630 -11.760 -11.510 -11.760 -11.740 -11.890 -12.010 -10.470 -11.740 -12.020 -11.960 -11.910 -12.040 -11.930 -11.900 -12.020 -12.140 -11.890 -12.150 -12.840 -12.570
-11.840 -11.940 -11.970 -11.700 -12.280 -12.050 -11.800 -12.920 -12.800 -12.780 -12.910 -12.750 -10.690 -11.770 -12.530 -11.900 -12.150 -12.170 -12.320 -12.380 -12.410 -12.260 -12.010 -11.190 -11.340 -11.250 -11.240 -9.500 -11.120 -10.520 -10.820 -10.860 -11.280 -10.970 -11.460 -10.610 -11.040 -10.880 -10.860 -9.300 -9.680 -10.620 -11.210 -11.500 -11.830 -12.340 -12.230 -12.200 -12.270 -12.060 -12.160 -12.470 -12.310 -11.730 -11.950 -10.320 -12.350 -11.860 -11.890 -11.890 -11.930 -12.520 -12.630 -12.430 -12.700 -13.530 -11.010
-12.950 -12.730 -12.370 -12.720 -12.520 -12.280 -12.410 -13.230 -13.140 -13.080 -13.130 -12.970 -12.480 -12.170 -12.290 -11.890 -12.540 -12.320 -12.790 -12.250 -12.160 -11.410 -11.510 -11.450 -11.160 -11.920 -11.280 -11.580 -11.060 -11.230 -11.050 -11.530 -8.910 -10.690 -11.270 -11.500 -11.560 -11.880 -11.150 -11.380 -11.420 -11.230 -12.400 -11.990 -12.120 -12.640 -12.730 -12.360 -12.550 -12.670 -12.430 -12.710 -12.330 -12.300 -11.930 -11.050 -12.430 -11.070 -11.390 -11.870 -11.660 -12.710 -12.640 -13.080 -13.360 -13.370 -12.950
-11.300 -13.020 -13.110 -13.130 -11.580 -13.070 -13.020 -13.320 -12.890 -12.990 -12.990 -12.010 -10.160 -12.950 -12.790 -13.460 -12.450 -13.150 -12.770 -12.540 -11.820 -12.020 -11.690 -11.520 -12.160 -12.270 -11.810 -11.310 -10.460 -11.910 -11.280 -11.670 -10.550 -11.110 -10.530 -12.130 -12.130 -11.880 -13.300 -12.390 -12.230 -13.220 -13.140 -13.250 -13.040 -13.130 -13.160 -13.440 -12.790 -13.050 -12.970 -12.760 -12.220 -12.430 -12.090 -12.410 -12.370 -11.930 -12.770 -12.360 -12.990 -13.000 -12.520 -11.560 -13.520 -13.760 -13.050
-12.740 -12.970 -13.050 -13.060 -12.400 -12.930 -13.300 -12.500 -10.800 -12.690 -13.390 -11.840 -10.500 -12.950 -13.630 -12.930 -12.890 -13.360 -12.820 -12.560 -12.520 -11.790 -10.110 -10.790 -12.290 -13.050 -12.600 -12.940 -12.190 -12.140 -12.360 -12.240 -12.300 -11.280 -11.120 -12.680 -12.550 -11.620 -14.210 -14.380 -14.260 -14.110 -13.970 -14.240 -13.830 -13.570 -13.500 -13.360 -13.250 -13.170 -12.990 -11.730 -12.270 -12.600 -12.570 -11.870 -12.970 -12.360 -10.390 -12.610 -12.230 -13.140 -12.980 -11.790 -12.510 -14.280 -14.090
-12.990 -13.700 -13.170 -12.850 -13.150 -13.480 -13.610 -11.160 -8.660 -13.480 -13.340 -12.430 -12.230 -13.130 -13.090 -12.880 -12.580 -13.600 -13.130 -13.180 -12.550 -12.460 -12.980 -11.970 -13.670 -13.190 -13.180 -13.070 -12.400 -13.210 -13.120 -13.050 -11.930 -12.090 -13.440 -13.210 -13.290 -13.740 -14.040 -14.830 -14.430 -14.380 -14.780 -14.540 -14.170 -13.870 -13.660 -13.750 -13.410 -13.500 -13.260 -12.560 -13.210 -12.640 -12.610 -13.020 -13.230 -11.280 -11.900 -12.870 -11.950 -13.830 -13.380 -11.610 -11.330 -12.190 -14.210
-13.760 -13.820 -13.600 -13.270 -13.530 -13.130 -12.610 -9.710 -8.500 -13.160 -12.810 -13.130 -13.350 -13.280 -13.630 -12.220 -14.140 -13.950 -13.370 -11.580 -13.650 -13.000 -11.850 -13.100 -14.020 -13.770 -13.620 -13.130 -12.180 -13.100 -13.410 -13.650 -13.430 -13.600 -14.160 -14.120 -13.990 -14.440 -15.410 -14.540 -14.950 -14.610 -14.750 -14.800 -14.470 -14.440 -14.570 -14.100 -13.520 -14.180 -13.710 -14.180 -11.490 -13.330 -13.450 -13.800 -13.650 -12.180 -12.970 -12.740 -11.250 -11.540 -13.380 -13.230 -11.640 -11.610 -14.140
-14.270 -14.050 -14.010 -13.590 -13.820 -14.040 -12.980 -10.630 -12.310 -12.590 -13.240 -13.430 -13.790 -14.020 -13.840 -14.220 -14.150 -13.670 -14.240 -14.060 -13.240 -14.740 -14.520 -14.250 -12.780 -11.770 -13.990 -14.190 -14.100 -13.790 -14.440 -13.420 -14.070 -13.520 -14.660 -14.660 -15.190 -15.340 -15.440 -15.080 -15.080 -15.040 -15.090 -15.060 -14.830 -14.990 -14.870 -14.710 -14.700 -14.880 -14.100 -13.870 -13.880 -13.440 -13.370 -13.790 -14.080 -13.500 -13.800 -12.990 -11.190 -11.760 -13.740 -13.660 -12.920 -12.140 -14.540
-14.320 -14.330 -14.160 -13.730 -14.100 -14.350 -11.990 -10.750 -13.130 -14.020 -13.870 -13.680 -14.080 -14.420 -14.410 -14.450 -14.360 -14.800 -14.490 -13.980 -14.480 -14.480 -14.700 -13.450 -11.750 -11.190 -15.240 -14.560 -15.260 -13.790 -14.540 -13.370 -13.940 -13.400 -15.690 -15.740 -15.890 -15.800 -15.540 -15.470 -15.870 -15.680 -15.660 -15.520 -15.550 -15.370 -15.220 -15.380 -15.660 -14.970 -14.680 -14.440 -14.060 -13.610 -14.290 -14.090 -13.980 -14.380 -13.750 -11.220 -11.080 -12.570 -13.660 -13.920 -12.800 -13.820 -13.240
-14.560 -14.320 -14.520 -14.580 -14.560 -14.580 -13.920 -14.380 -14.640 -14.110 -14.160 -13.480 -13.710 -14.900 -14.920 -14.860 -14.720 -14.830 -14.520 -14.310 -13.170 -11.960 -14.340 -14.260 -13.550 -12.390 -15.740 -15.220 -15.200 -14.720 -14.600 -15.010 -13.550 -14.440 -16.390 -16.140 -16.640 -16.090 -16.050 -16.030 -15.790 -15.750 -15.980 -16.270 -15.890 -15.630 -15.870 -15.880 -15.710 -15.560 -15.130 -14.590 -14.510 -14.520 -14.460 -14.220 -13.840 -14.580 -13.490 -12.150 -13.360 -14.280 -13.740 -14.280 -14.540 -14.010 -13.130
-14.540 -14.800 -14.800 -14.910 -14.950 -14.850 -14.950 -15.110 -15.050 -13.960 -14.640 -14.930 -15.050 -15.290 -15.340 -15.250 -15.160 -15.170 -14.500 -13.390 -12.420 -10.740 -14.810 -14.950 -14.920 -15.290 -15.540 -15.470 -15.460 -15.620 -14.320 -13.700 -14.000 -16.010 -16.640 -16.740 -16.640 -16.280 -16.620 -16.490 -16.110 -16.320 -16.470 -16.450 -15.750 -15.960 -15.910 -15.810 -15.640 -15.250 -15.330 -14.900 -14.720 -14.920 -11.140 -11.190 -13.960 -15.040 -14.710 -14.440 -13.990 -14.170 -14.430 -15.420 -15.020 -14.590 -14.670
-15.550 -15.140 -14.890 -15.680 -15.480 -15.880 -15.390 -13.660 -15.010 -15.410 -15.430 -15.150 -15.370 -16.220 -15.590 -15.220 -15.530 -15.060 -14.410 -13.860 -12.740 -11.970 -13.730 -14.940 -15.810 -15.850 -15.780 -15.730 -16.040 -15.580 -14.190 -12.710 -15.300 -14.900 -16.900 -16.660 -16.920 -16.770 -17.020 -16.470 -16.690 -16.940 -16.480 -16.800 -16.610 -15.970 -16.000 -16.350 -15.690 -15.870 -15.610 -14.740 -14.200 -14.700 -14.900 -15.310 -14.800 -14.800 -15.150 -15.020 -13.970 -14.690 -14.300 -15.510 -14.260 -14.840 -15.770
-15.680 -15.710 -15.450 -15.580 -15.620 -16.000 -15.620 -15.420 -15.980 -15.760 -15.530 -16.180 -16.030 -16.270 -16.050 -16.080 -15.550 -14.210 -15.310 -16.010 -15.460 -14.810 -15.980 -15.380 -16.180 -15.310 -16.550 -16.280 -16.160 -15.490 -15.860 -15.170 -13.580 -16.870 -17.140 -17.090 -16.940 -17.140 -17.090 -17.060 -16.880 -16.840 -16.900 -17.020 -16.830 -17.190 -16.660 -16.380 -16.390 -16.350 -15.760 -14.710 -15.060 -14.780 -14.090 -15.630 -12.880 -14.450 -15.190 -15.590 -15.380 -15.160 -14.770 -15.770 -14.810 -15.070 -16.200
-15.870 -15.910 -16.370 -16.110 -16.040 -16.240 -16.130 -16.350 -16.210 -15.500 -16.250 -16.280 -16.560 -16.320 -16.260 -16.300 -16.140 -15.780 -16.070 -16.390 -16.820 -16.440 -16.820 -16.830 -16.810 -16.620 -16.720 -16.670 -15.500 -14.490 -17.270 -14.010 -14.590 -17.440 -17.560 -17.460 -17.820 -17.450 -17.470 -17.150 -17.300 -17.070 -17.090 -16.830 -17.400 -17.260 -17.170 -16.700 -16.860 -16.390 -16.780 -15.090 -14.980 -14.730 -15.930 -14.840 -12.290 -12.430 -14.590 -16.430 -15.910 -15.060 -15.980 -16.270 -15.190 -15.950 -16.340
-16.450 -16.170 -16.260 -16.620 -16.530 -16.700 -16.780 -16.670 -16.610 -16.520 -16.590 -16.330 -16.630 -16.540 -16.790 -16.710 -15.430 -14.910 -16.300 -17.550 -17.450 -17.280 -17.440 -17.540 -17.190 -17.140 -17.100 -17.220 -15.310 -15.120 -16.400 -15.290 -14.590 -17.510 -17.480 -18.140 -17.880 -17.740 -17.400 -17.860 -17.230 -17.370 -17.460 -17.150 -17.640 -17.420 -17.460 -17.080 -17.040 -17.170 -15.740 -15.590 -15.300 -16.310 -13.620 -12.860 -12.900 -13.050 -13.890 -16.390 -16.560 -15.310 -16.410 -16.600 -16.470 -16.790 -16.760
-16.440 -16.420 -16.470 -16.470 -16.740 -16.660 -16.900 -16.710 -16.590 -16.410 -16.070 -14.860 -16.800 -16.930 -17.230 -16.900 -16.400 -15.970 -15.290 -17.620 -17.600 -17.540 -17.590 -17.490 -17.230 -17.250 -17.210 -17.590 -17.560 -16.250 -14.300 -13.100 -17.770 -17.260 -17.540 -18.160 -18.060 -17.960 -17.790 -17.750 -17.510 -17.760 -17.410 -17.530 -17.460 -17.600 -17.500 -17.400 -17.650 -17.480 -16.360 -16.170 -16.470 -15.650 -14.890 -13.650 -14.720 -15.020 -15.730 -16.650 -16.420 -16.690 -17.090 -17.190 -16.310 -16.860 -16.720
-17.070 -16.720 -16.650 -17.070 -17.280 -16.850 -16.830 -16.800 -14.770 -16.140 -15.170 -14.470 -17.100 -17.570 -17.260 -17.170 -16.690 -16.030 -16.170 -17.500 -18.090 -17.990 -17.890 -17.700 -17.410 -17.470 -17.640 -18.010 -15.650 -14.180 -14.460 -13.430 -17.680 -17.980 -16.640 -18.350 -18.180 -17.870 -18.020 -17.640 -17.630 -17.660 -17.480 -17.400 -17.500 -17.480 -17.790 -17.620 -17.590 -17.560 -16.670 -17.190 -16.320 -15.680 -15.470 -15.440 -15.940 -15.410 -17.170 -15.560 -14.890 -16.940 -16.920 -17.090 -16.440 -16.520 -16.660
-17.070 -17.250 -17.320 -17.220 -16.910 -16.890 -16.960 -15.870 -15.450 -15.390 -14.340 -14.910 -17.520 -17.630 -17.450 -17.730 -17.130 -16.090 -15.680 -14.720 -18.140 -18.270 -18.250 -18.230 -17.870 -17.880 -18.090 -18.540 -17.090 -14.520 -15.160 -17.520 -18.370 -17.910 -18.250 -18.030 -18.130 -18.110 -17.870 -17.880 -17.460 -17.680 -17.520 -17.390 -18.090 -17.790 -17.750 -17.640 -17.840 -17.660 -17.620 -16.770 -16.200 -16.190 -16.170 -16.940 -16.810 -17.330 -16.260 -15.120 -15.440 -17.030 -17.070 -17.220 -17.090 -16.510 -16.750
-17.660 -17.590 -17.530 -17.420 -17.290 -17.320 -17.040 -16.720 -15.460 -16.280 -17.010 -17.620 -17.670 -17.590 -17.660 -17.400 -16.520 -18.020 -17.450 -15.790 -18.680 -18.520 -18.580 -18.540 -18.440 -18.580 -18.160 -18.310 -17.380 -16.820 -16.390 -18.470 -18.170 -18.620 -18.440 -18.500 -18.220 -17.970 -18.590 -18.100 -17.530 -18.200 -17.890 -17.400 -17.950 -17.550 -17.750 -17.820 -17.790 -17.750 -17.500 -17.310 -17.150 -16.490 -16.620 -17.160 -17.340 -16.900 -15.960 -15.430 -17.080 -17.570 -17.280 -17.120 -16.950 -16.740 -16.790
-17.890 -17.700 -17.720 -17.650 -17.510 -17.540 -17.270 -17.210 -17.310 -17.350 -17.540 -17.300 -18.040 -18.150 -17.850 -17.590 -17.080 -18.050 -18.270 -18.770 -17.490 -19.010 -19.320 -18.940 -19.000 -18.450 -18.950 -17.650 -16.720 -17.520 -18.530 -18.070 -18.130 -18.540 -18.540 -18.360 -17.880 -18.050 -18.210 -17.670 -18.210 -17.900 -18.090 -17.780 -17.830 -18.160 -17.760 -18.220 -17.870 -17.890 -17.720 -17.330 -17.260 -16.730 -17.040 -17.820 -17.620 -17.380 -17.390 -17.390 -17.190 -17.610 -17.220 -17.050 -17.100 -17.160 -16.920
-18.730 -18.250 -18.190 -17.920 -18.080 -17.670 -17.610 -17.130 -15.950 -16.220 -17.280 -17.620 -17.880 -17.730 -17.760 -18.150 -18.020 -18.460 -18.260 -18.290 -18.160 -19.060 -19.680 -19.430 -19.170 -19.260 -19.030 -18.460 -16.920 -18.860 -18.530 -18.650 -18.320 -18.390 -18.760 -18.450 -18.230 -17.970 -18.100 -18.350 -17.750 -17.950 -17.660 -17.710 -18.160 -18.090 -18.140 -17.970 -18.050 -17.880 -17.750 -17.940 -17.870 -17.620 -18.270 -17.850 -17.700 -17.480 -17.540 -17.640 -17.210 -17.500 -17.570 -17.080 -17.180 -17.660 -16.910
-18.160 -18.240 -18.460 -18.170 -18.240 -18.230 -17.630 -16.160 -16.060 -16.740 -17.160 -18.400 -17.660 -17.510 -17.900 -18.450 -18.650 -18.700 -18.650 -18.930 -19.410 -19.950 -19.600 -19.630 -19.500 -19.290 -19.610 -17.580 -19.100 -19.170 -18.810 -18.680 -18.800 -18.600 -18.660 -18.290 -18.100 -18.080 -18.340 -18.100 -18.120 -17.870 -18.030 -18.390 -17.860 -18.360 -18.110 -18.120 -18.000 -17.980 -18.090 -18.040 -17.960 -18.090 -18.020 -17.890 -17.810 -17.350 -17.400 -17.390 -17.310 -17.640 -17.630 -17.510 -17.110 -17.470 -17.130
