0925_6225/LITTO3D_FRA_0925_6224_20150529_LAMB93_RGF93_IGN69/MNT5m/LITTO3D_FRA_0925_6224_MNT5_20150529_LAMB93_RGF93_IGN69.asc
ncols 200
nrows 200
xllcenter 925000.000
yllcenter 6223005.000
cellsize 5.0000
nodata_value -99999
[rows 0 to 28 of 200, columns 0 to 66 of 200]
0.560 2.000 5.070 6.520 5.850 0.480 0.090 -1.270 -1.800 -1.900 -1.400 -2.730 -2.250 -2.350 -1.810 -2.570 -3.050 -3.090 -3.090 -2.710 -2.150 -2.330 -3.150 -3.290 -5.200 -5.750 -7.750 -8.220 -8.340 -8.600 -9.020 -9.050 -9.790 -9.790 -10.220 -10.160 -11.080 -10.650 -10.710 -10.240 -10.230 -9.810 -9.720 -9.900 -9.710 -9.880 -9.630 -9.640 -9.550 -9.720 -9.760 -9.620 -9.530 -9.200 -9.140 -8.500 -6.940 -5.870 -5.030 -3.690 -4.330 -3.040 -2.290 0.030 0.160 -2.710 -3.380
0.950 1.390 2.860 5.570 0.540 0.310 -0.150 -1.440 -1.770 -2.040 0.030 -2.190 -2.130 -2.980 -2.220 -2.330 -3.420 -3.390 -3.270 -3.210 -2.960 -3.210 -3.440 -4.910 -5.250 -6.600 -8.180 -8.140 -8.430 -8.590 -8.860 -9.440 -9.650 -9.900 -9.740 -9.570 -9.850 -10.570 -10.270 -10.410 -9.910 -9.740 -9.360 -9.320 -9.630 -9.440 -9.320 -9.710 -9.130 -9.150 -9.410 -9.210 -9.520 -9.300 -9.220 -8.410 -6.870 -6.130 -5.690 -3.910 -5.890 -3.320 -3.550 -5.540 -1.190 -3.930 -4.380
3.230 0.670 1.000 2.420 -1.160 -0.620 -1.810 -2.150 -2.130 -2.080 -1.790 -2.220 -2.760 -3.300 -3.790 -3.560 -4.360 -4.150 -3.900 -3.940 -3.580 -4.090 -4.620 -5.350 -6.550 -6.950 -7.860 -7.980 -8.270 -8.620 -8.680 -9.040 -9.280 -9.790 -9.750 -9.410 -9.470 -9.700 -9.660 -10.020 -9.780 -9.380 -9.200 -9.340 -9.970 -9.610 -9.460 -9.310 -9.030 -9.040 -9.080 -9.460 -9.610 -9.360 -9.220 -8.170 -7.180 -6.760 -6.190 -5.470 -5.810 -5.250 -5.560 -5.370 -3.420 -4.610 -4.480
1.930 -0.380 -0.420 -3.220 -3.200 -2.850 -2.650 -2.400 -2.260 -2.210 -2.010 -2.320 -2.490 -3.460 -3.890 -4.320 -4.480 -5.050 -5.270 -5.660 -5.540 -5.860 -6.030 -6.770 -6.200 -8.280 -7.920 -7.890 -8.320 -8.590 -8.850 -8.750 -9.190 -9.170 -9.330 -9.040 -9.350 -9.810 -10.030 -9.810 -9.820 -9.640 -9.480 -9.710 -9.790 -9.400 -9.150 -9.600 -9.250 -9.280 -9.750 -9.490 -9.580 -9.410 -9.110 -8.790 -7.780 -7.550 -6.900 -6.230 -6.000 -5.820 -6.230 -5.700 -5.730 -5.110 -4.900
-2.180 -4.380 -3.920 -3.030 -3.230 -2.830 -2.380 -2.210 -2.350 -2.060 -2.600 -2.200 -2.370 -3.240 -3.820 -4.430 -4.900 -5.790 -6.000 -6.500 -6.780 -6.840 -7.000 -7.010 -6.890 -8.120 -8.130 -8.120 -8.100 -8.240 -8.570 -8.890 -8.800 -8.780 -8.740 -8.830 -8.880 -9.290 -9.570 -9.580 -9.600 -9.700 -9.530 -9.340 -9.850 -9.520 -9.390 -9.760 -9.550 -9.490 -9.470 -9.290 -9.440 -9.250 -9.120 -8.980 -8.900 -8.380 -7.540 -6.920 -7.100 -6.770 -6.700 -6.270 -5.710 -5.270 -4.970
-3.200 -3.850 -4.360 -3.970 -3.120 -2.730 -2.090 -2.350 -2.160 -2.720 -2.190 -2.240 -2.670 -3.210 -3.680 -4.230 -5.040 -5.750 -6.270 -6.530 -6.880 -6.930 -7.110 -7.080 -7.380 -7.860 -7.910 -8.070 -8.080 -8.150 -8.460 -8.500 -8.250 -8.080 -8.130 -8.300 -9.250 -9.350 -9.460 -9.460 -9.590 -9.290 -9.630 -9.830 -9.590 -9.780 -9.630 -9.630 -9.710 -9.490 -9.310 -9.610 -9.520 -9.250 -9.230 -8.910 -8.800 -8.650 -8.600 -7.740 -7.380 -7.780 -7.700 -7.480 -6.170 -5.510 -5.020
-3.780 -4.890 -4.120 -3.240 -2.590 -2.300 -2.480 -2.400 -2.640 -2.210 -2.320 -2.190 -2.550 -3.220 -3.690 -3.980 -4.950 -5.930 -6.400 -6.620 -7.000 -7.100 -7.160 -7.190 -7.390 -7.580 -7.740 -7.890 -8.000 -7.820 -8.070 -7.920 -7.620 -7.590 -7.690 -8.630 -8.240 -8.880 -9.470 -9.350 -9.450 -9.350 -9.920 -9.670 -9.510 -9.620 -9.700 -9.610 -9.620 -9.490 -9.540 -9.620 -9.500 -9.260 -9.110 -9.070 -8.870 -8.610 -8.540 -8.370 -8.160 -8.040 -7.730 -7.760 -6.250 -5.150 -5.000
2.370 1.190 -1.700 -2.060 -2.440 -2.720 -2.450 -2.240 -2.290 -2.490 -2.550 -2.330 -2.580 -3.320 -3.510 -4.040 -4.640 -5.830 -6.490 -6.770 -7.180 -7.150 -7.290 -7.340 -7.460 -7.740 -7.650 -7.750 -7.810 -7.900 -7.390 -7.300 -7.220 -7.440 -7.330 -7.780 -5.850 -5.290 -8.330 -9.370 -9.480 -9.490 -9.390 -9.680 -9.630 -9.640 -9.750 -9.750 -9.630 -9.610 -9.690 -9.540 -9.580 -9.400 -8.960 -8.920 -8.740 -8.720 -8.440 -8.370 -8.060 -8.110 -7.840 -7.740 -8.100 -5.960 -5.670
3.170 0.670 -2.990 -3.470 -3.510 -2.430 -2.130 -1.940 -2.550 -2.520 -2.360 -2.390 -2.800 -3.120 -3.720 -4.110 -4.670 -5.940 -6.680 -6.970 -7.190 -7.120 -7.410 -7.430 -7.620 -7.550 -7.660 -7.690 -7.610 -7.650 -7.410 -7.080 -7.130 -7.610 -7.880 -7.240 -5.650 -4.740 -7.140 -9.620 -9.430 -9.370 -9.790 -9.580 -9.570 -9.700 -9.530 -9.690 -9.530 -9.420 -9.660 -9.340 -9.610 -9.510 -9.050 -8.520 -8.610 -8.630 -8.400 -8.370 -8.150 -7.970 -7.880 -7.660 -7.780 -6.070 -5.810
3.290 1.180 -1.000 -3.490 -4.010 -2.760 -2.040 -2.390 -2.500 -2.470 -2.150 -2.640 -2.880 -3.300 -3.740 -4.150 -5.570 -6.410 -6.680 -7.090 -7.210 -7.230 -7.240 -7.320 -7.540 -7.490 -7.610 -7.590 -7.530 -7.260 -7.290 -7.060 -7.150 -8.020 -7.970 -7.770 -6.260 -6.420 -8.020 -9.770 -9.460 -9.380 -9.380 -9.710 -9.580 -9.730 -9.640 -9.490 -9.530 -8.990 -9.580 -9.210 -9.290 -9.490 -9.190 -8.550 -8.480 -8.470 -8.690 -8.390 -8.130 -8.010 -7.880 -7.650 -7.400 -6.750 -5.730
2.440 1.860 0.680 -3.520 -3.170 -2.390 -2.290 -2.570 -2.340 -2.170 -2.290 -2.710 -2.970 -3.020 -3.690 -4.160 -5.620 -6.240 -6.670 -6.900 -7.010 -7.190 -7.150 -7.430 -7.420 -7.530 -7.590 -7.440 -7.440 -7.310 -7.200 -7.100 -7.100 -8.140 -7.940 -7.840 -7.380 -7.940 -8.910 -8.970 -9.680 -9.610 -9.410 -9.400 -9.710 -9.640 -9.650 -9.440 -9.480 -10.020 -9.450 -9.130 -9.250 -9.230 -9.150 -9.000 -8.410 -8.210 -8.640 -8.310 -8.290 -8.010 -7.840 -7.710 -7.200 -6.650 -5.930
2.490 0.890 -0.210 -4.080 -2.740 -3.510 -2.370 -2.500 -2.160 -2.470 -2.700 -2.660 -3.410 -3.150 -3.740 -4.180 -5.140 -6.220 -6.460 -6.800 -6.850 -6.830 -7.110 -7.000 -7.390 -7.490 -7.440 -7.310 -7.360 -7.290 -7.530 -7.200 -7.200 -7.840 -7.950 -8.030 -8.160 -8.270 -8.500 -8.910 -9.130 -9.510 -9.560 -9.230 -9.920 -9.670 -9.470 -9.710 -9.480 -9.300 -9.200 -9.130 -9.230 -9.180 -9.160 -9.470 -8.330 -8.310 -8.850 -8.390 -8.240 -7.970 -7.620 -6.960 -6.600 -6.280 -5.710
2.700 0.470 -1.960 -2.230 -3.830 -2.770 -2.440 -2.630 -2.400 -2.460 -2.640 -3.350 -3.370 -3.340 -3.570 -4.230 -5.180 -5.840 -6.520 -6.590 -6.560 -6.690 -6.860 -7.150 -7.230 -7.410 -7.370 -7.390 -7.370 -7.350 -7.380 -7.430 -7.490 -7.940 -8.090 -8.100 -8.320 -8.700 -9.000 -9.140 -9.190 -9.290 -9.400 -9.280 -9.430 -9.700 -9.420 -9.930 -9.270 -10.050 -9.710 -9.690 -9.650 -9.370 -9.610 -9.470 -8.550 -8.430 -8.400 -8.490 -8.170 -7.910 -6.870 -6.750 -6.770 -6.180 -5.950
2.350 -2.810 -2.310 -1.510 -3.810 -3.080 -2.460 -2.530 -2.220 -2.440 -2.620 -2.960 -2.980 -3.340 -3.470 -3.720 -4.690 -5.730 -6.100 -6.430 -6.570 -6.440 -6.800 -6.880 -7.000 -7.280 -7.260 -7.330 -7.450 -7.340 -7.430 -7.600 -7.610 -7.880 -8.280 -8.220 -7.890 -8.640 -8.800 -9.300 -9.030 -9.220 -9.340 -9.450 -9.620 -9.690 -9.600 -9.560 -9.230 -9.960 -9.870 -9.890 -9.880 -9.740 -10.040 -9.360 -8.570 -8.560 -8.520 -8.360 -8.050 -7.460 -6.940 -6.890 -6.670 -5.860 -5.150
2.690 0.030 -0.790 -3.040 -3.470 -2.880 -2.550 -2.330 -2.170 -2.460 -3.250 -3.500 -2.940 -3.080 -3.500 -3.910 -4.080 -5.280 -6.060 -6.130 -6.400 -6.480 -6.530 -6.660 -6.890 -6.810 -7.270 -7.260 -7.260 -7.380 -7.470 -7.740 -7.840 -7.940 -7.980 -7.310 -7.700 -8.360 -9.120 -8.980 -9.220 -9.350 -9.240 -9.430 -9.530 -9.470 -9.230 -9.900 -10.030 -9.650 -9.970 -9.870 -9.960 -9.840 -9.700 -9.470 -8.560 -8.180 -8.750 -8.540 -8.040 -7.170 -6.950 -6.940 -6.320 -5.370 -4.730
2.980 -0.220 -1.990 -2.420 -2.790 -2.560 -1.720 -1.850 -2.230 -2.390 -2.940 -3.040 -3.080 -3.370 -3.230 -3.320 -3.370 -3.890 -5.590 -6.170 -6.140 -6.340 -6.450 -6.750 -6.700 -7.050 -6.960 -7.070 -7.250 -7.340 -7.470 -7.660 -6.990 -6.880 -6.240 -6.400 -7.330 -7.710 -9.130 -9.190 -8.950 -9.100 -9.290 -9.360 -9.420 -9.560 -9.370 -9.720 -9.720 -10.090 -9.980 -9.910 -9.930 -9.800 -9.650 -9.390 -8.900 -9.210 -8.790 -8.550 -8.120 -7.410 -7.090 -6.990 -6.290 -5.270 -4.750
2.430 1.450 -1.150 -3.100 -2.360 -2.310 -1.720 -1.770 -2.200 -2.520 -2.980 -2.970 -3.180 -3.030 -3.210 -3.230 -3.220 -3.350 -4.630 -5.820 -6.230 -6.270 -6.390 -6.370 -6.820 -6.700 -6.880 -7.150 -7.140 -7.250 -7.360 -7.160 -6.850 -5.760 -4.860 -5.300 -6.210 -6.970 -8.940 -9.280 -9.160 -9.070 -9.120 -9.320 -9.590 -9.490 -9.790 -9.580 -9.950 -9.830 -9.900 -9.860 -9.670 -9.820 -9.630 -9.390 -9.220 -8.700 -8.680 -8.460 -8.120 -7.570 -7.180 -7.100 -6.620 -5.520 -5.300
3.230 2.800 -0.070 -2.430 -3.620 -1.980 -1.260 -1.930 -2.420 -2.710 -2.910 -3.000 -3.240 -3.180 -3.360 -3.270 -3.260 -3.290 -3.510 -5.240 -5.910 -6.160 -6.430 -6.390 -6.390 -6.630 -6.960 -6.950 -7.010 -7.080 -7.050 -6.970 -6.680 -5.140 -3.810 -3.760 -5.030 -6.860 -8.170 -9.350 -9.220 -9.290 -9.010 -9.330 -9.430 -9.480 -9.630 -9.570 -9.720 -9.760 -9.710 -9.780 -9.780 -9.760 -9.560 -9.290 -9.080 -8.130 -7.370 -8.560 -8.130 -7.550 -7.120 -7.170 -6.870 -6.420 -6.050
1.700 3.180 -1.620 -2.930 -1.930 -2.250 -1.920 -2.290 -2.310 -2.500 -3.470 -3.260 -3.220 -3.300 -3.340 -3.100 -3.150 -3.480 -3.310 -3.900 -5.010 -5.870 -6.030 -6.290 -6.360 -6.380 -6.590 -6.830 -6.960 -6.880 -6.940 -6.840 -6.540 -5.210 -3.770 -3.190 -4.200 -6.600 -8.290 -9.480 -9.430 -9.170 -9.170 -9.340 -9.350 -9.440 -9.590 -9.580 -9.630 -9.590 -9.490 -9.700 -9.770 -9.650 -9.490 -9.270 -8.930 -8.830 -8.480 -8.240 -8.220 -7.880 -7.450 -7.160 -7.040 -6.700 -6.300
0.860 2.100 -1.740 -2.020 -1.110 -1.730 -2.280 -2.470 -2.990 -2.040 -2.670 -3.170 -3.300 -3.370 -3.260 -3.450 -2.800 -3.110 -3.120 -3.530 -4.100 -5.040 -5.680 -5.930 -6.340 -6.370 -6.510 -6.640 -6.810 -6.850 -6.730 -6.710 -6.430 -5.150 -3.380 -2.880 -4.090 -6.270 -8.080 -8.850 -9.420 -9.350 -9.360 -9.330 -9.310 -9.320 -9.420 -9.440 -9.750 -9.680 -9.640 -9.640 -9.730 -9.680 -9.420 -9.150 -8.980 -8.700 -8.430 -7.840 -8.170 -7.850 -7.300 -7.550 -7.660 -7.060 -7.410
3.020 0.890 -1.130 -0.630 0.490 -0.410 -2.000 -3.150 -3.020 -2.680 -2.590 -3.580 -3.430 -3.160 -3.440 -3.050 -3.220 -3.420 -3.390 -3.580 -3.840 -4.210 -5.040 -5.730 -5.820 -5.900 -6.280 -6.520 -6.610 -6.670 -6.990 -6.700 -6.370 -4.880 -3.790 -4.740 -5.740 -5.730 -6.950 -8.160 -9.450 -9.450 -9.350 -9.440 -9.350 -9.450 -9.510 -9.370 -9.460 -9.590 -10.230 -9.720 -9.600 -9.640 -9.320 -9.110 -8.910 -8.710 -8.440 -7.860 -7.300 -7.500 -8.200 -8.260 -7.930 -7.910 -7.540
1.550 -1.200 0.250 -0.290 0.400 -0.050 -3.040 -3.460 -3.410 -3.420 -2.760 -3.050 -3.070 -3.140 -2.980 -3.490 -3.610 -3.740 -4.140 -4.160 -4.060 -4.400 -4.630 -5.510 -5.620 -5.700 -5.760 -6.420 -6.650 -6.530 -6.560 -6.430 -6.050 -5.440 -4.940 -4.480 -4.070 -4.650 -6.510 -7.220 -8.590 -9.510 -9.370 -9.100 -9.290 -9.570 -9.340 -9.510 -9.430 -9.550 -9.030 -9.700 -9.690 -9.450 -9.220 -9.130 -8.860 -8.580 -8.370 -8.010 -7.230 -7.120 -7.070 -8.210 -8.000 -7.780 -7.160
1.170 0.750 0.060 -0.830 0.100 -3.090 -0.180 -0.720 -3.400 -3.460 -3.110 -3.220 -3.130 -3.450 -3.850 -3.840 -4.500 -4.340 -4.400 -4.820 -4.440 -4.640 -4.750 -4.930 -5.500 -5.680 -5.710 -6.020 -6.320 -6.600 -6.510 -6.320 -6.120 -5.370 -4.770 -3.960 -4.060 -4.520 -6.100 -6.820 -7.950 -9.700 -9.470 -9.360 -9.270 -9.510 -9.580 -9.400 -9.430 -9.660 -9.570 -9.610 -9.490 -9.360 -9.260 -9.040 -8.810 -8.550 -8.480 -7.970 -7.150 -6.910 -6.870 -6.830 -6.670 -7.370 -6.820
0.590 2.010 1.310 -0.280 0.370 0.280 0.270 0.320 -3.270 -3.600 -3.430 -3.450 -3.690 -3.860 -4.140 -4.110 -3.180 -3.000 -3.330 -3.840 -3.870 -4.530 -4.630 -5.060 -5.240 -5.340 -5.530 -6.210 -6.400 -6.550 -6.450 -6.310 -6.050 -5.560 -4.930 -3.970 -4.060 -5.410 -5.620 -6.380 -7.900 -8.930 -9.470 -9.500 -9.280 -9.470 -9.530 -9.520 -9.540 -9.500 -9.690 -9.420 -9.420 -9.360 -9.140 -8.980 -8.700 -8.490 -8.150 -7.900 -7.610 -7.630 -7.370 -7.150 -6.800 -6.720 -6.070
2.430 1.150 1.070 -0.040 -0.260 0.100 0.470 0.560 -1.390 -3.680 -3.780 -3.900 -4.450 -4.310 -3.210 -2.910 -1.790 -3.050 -2.370 -2.890 -2.980 -2.720 -3.950 -4.880 -5.000 -5.270 -5.640 -6.120 -6.320 -6.290 -6.340 -6.420 -6.040 -5.910 -5.140 -4.150 -4.560 -5.100 -5.730 -6.180 -7.590 -8.910 -9.440 -9.430 -9.520 -9.480 -9.480 -9.450 -9.510 -9.630 -9.600 -9.520 -9.440 -9.170 -9.100 -8.820 -8.680 -8.480 -7.920 -8.030 -8.190 -7.590 -7.270 -6.790 -6.490 -6.360 -5.690
1.070 0.100 -0.090 -0.990 -1.850 -0.210 0.000 -0.390 -3.200 -4.200 -4.200 -4.560 -5.550 -3.090 -0.330 -1.610 -0.430 0.280 -0.060 -2.380 -2.510 -3.040 -3.500 -4.150 -5.190 -5.260 -5.410 -6.040 -6.140 -6.320 -6.390 -6.320 -6.250 -5.470 -3.720 -2.990 -4.540 -5.230 -5.850 -6.480 -7.330 -8.490 -9.240 -9.240 -9.430 -9.450 -8.650 -9.410 -9.510 -9.200 -9.580 -9.550 -9.330 -9.240 -8.980 -8.850 -8.570 -8.410 -8.620 -8.290 -7.820 -7.710 -7.290 -6.610 -6.830 -6.020 -5.730
0.550 -0.070 -2.110 -1.760 -3.070 -1.660 -0.980 -2.240 -3.370 -4.430 -4.580 -4.680 -1.410 -0.490 0.180 0.260 0.180 0.240 0.080 -1.010 -1.400 -2.510 -2.900 -2.960 -4.720 -5.590 -5.580 -5.800 -5.990 -6.350 -6.090 -6.250 -5.880 -4.620 -3.080 -3.280 -5.160 -5.870 -6.010 -6.210 -7.000 -7.490 -8.560 -9.020 -8.990 -9.070 -7.120 -8.030 -8.820 -9.650 -9.520 -9.420 -9.370 -9.130 -9.020 -8.740 -8.790 -8.510 -8.410 -7.830 -7.660 -7.040 -6.630 -6.020 -6.210 -5.410 -6.140
0.800 -1.240 -1.920 -2.440 -4.080 -3.160 -3.320 -2.600 -4.540 -4.510 -4.880 -1.950 -1.200 0.280 0.420 0.370 0.490 0.520 0.280 -0.980 -1.800 -2.050 -2.970 -2.980 -3.970 -4.780 -5.400 -5.940 -5.480 -5.470 -5.570 -6.050 -5.890 -5.100 -3.660 -3.890 -4.960 -5.950 -6.510 -6.620 -6.730 -7.420 -8.090 -8.490 -8.390 -8.420 -7.440 -7.870 -8.590 -9.940 -9.410 -9.390 -9.270 -9.270 -9.020 -8.990 -8.640 -8.470 -7.900 -7.650 -7.610 -7.360 -6.550 -5.950 -5.620 -5.740 -6.270
-0.930 -1.830 -2.670 -2.840 -3.670 -3.580 -3.980 -3.640 -4.250 -4.580 -3.960 -1.830 -1.820 -0.060 0.470 0.070 0.080 -0.270 -0.530 -1.740 -2.520 -2.690 -3.190 -3.580 -4.280 -4.710 -5.000 -5.070 -4.720 -4.460 -4.970 -5.290 -5.390 -5.140 -4.750 -4.720 -6.170 -5.980 -6.460 -6.560 -6.740 -6.840 -7.190 -7.270 -7.600 -7.960 -7.860 -8.110 -8.500 -9.220 -9.550 -9.400 -9.300 -9.140 -9.070 -8.800 -8.640 -8.330 -8.020 -7.560 -7.500 -6.740 -5.900 -5.570 -5.560 -6.040 -5.920
