0925_6225/LITTO3D_FRA_0925_6224_20150529_LAMB93_RGF93_IGN69/MNT5m/LITTO3D_FRA_0925_6224_MNT5_20150529_LAMB93_RGF93_IGN69.asc
ncols 200
nrows 200
xllcenter 925000.000
yllcenter 6223005.000
cellsize 5.0000
nodata_value -99999
[rows 58 to 86 of 200, columns 0 to 66 of 200]
-15.310 -15.370 -16.080 -16.740 -16.650 -16.850 -15.860 -15.790 -16.630 -16.780 -16.940 -17.600 -17.440 -17.290 -17.610 -17.720 -17.630 -17.580 -17.600 -17.380 -17.580 -16.830 -15.910 -15.320 -14.950 -12.600 -12.270 -11.590 -12.430 -11.510 -12.100 -11.980 -11.610 -8.770 -8.460 -11.670 -13.240 -14.450 -14.830 -15.610 -15.960 -16.270 -16.220 -16.010 -16.570 -16.380 -14.830 -14.070 -14.670 -11.160 -11.170 -10.320 -9.300 -12.800 -14.770 -15.500 -15.320 -14.850 -15.610 -17.810 -18.710 -18.820 -19.250 -18.540 -18.670 -18.530 -18.800
-15.340 -16.010 -16.580 -15.970 -15.000 -15.330 -14.420 -16.670 -16.740 -17.340 -17.400 -17.640 -17.940 -18.010 -18.010 -18.110 -17.880 -18.250 -18.160 -18.100 -17.940 -17.570 -16.620 -16.130 -15.620 -14.660 -14.320 -13.750 -12.720 -12.810 -12.880 -11.430 -11.450 -8.840 -9.260 -10.750 -13.100 -14.830 -15.620 -16.240 -16.410 -16.530 -16.570 -16.620 -16.910 -16.850 -16.350 -13.890 -13.110 -13.150 -11.650 -10.870 -11.290 -12.960 -15.280 -15.800 -15.280 -15.910 -17.210 -18.350 -18.810 -18.770 -18.700 -19.060 -18.880 -18.930 -19.210
-15.780 -16.540 -16.970 -16.610 -16.120 -15.310 -16.480 -15.760 -17.600 -17.860 -17.980 -18.070 -18.340 -18.500 -18.590 -18.460 -18.630 -18.370 -18.430 -18.650 -18.090 -18.150 -17.460 -16.930 -15.860 -15.580 -13.460 -10.780 -11.450 -11.200 -13.630 -11.310 -11.910 -11.180 -11.150 -12.060 -13.520 -15.350 -16.180 -16.740 -17.240 -17.160 -17.330 -17.150 -17.380 -17.190 -17.230 -17.090 -13.870 -13.380 -13.200 -12.680 -13.790 -14.030 -16.550 -16.610 -15.240 -16.750 -17.010 -18.560 -19.170 -18.940 -19.260 -19.340 -19.330 -19.260 -19.360
-16.130 -16.880 -16.950 -15.320 -14.910 -15.260 -16.080 -15.700 -15.690 -18.090 -18.700 -18.700 -18.910 -18.890 -18.990 -19.180 -18.820 -18.700 -18.670 -18.790 -18.480 -18.440 -17.950 -17.370 -16.650 -13.270 -11.860 -12.540 -12.890 -12.600 -9.610 -9.800 -14.550 -13.660 -13.730 -14.460 -14.920 -15.540 -14.660 -15.950 -17.940 -17.860 -17.940 -17.930 -17.970 -18.160 -18.460 -17.750 -15.390 -14.990 -14.130 -14.800 -14.410 -15.020 -17.560 -15.920 -16.230 -16.720 -17.000 -18.900 -19.360 -19.550 -19.540 -19.530 -19.370 -19.320 -19.710
-15.680 -15.870 -16.380 -15.790 -14.930 -16.250 -16.840 -16.600 -16.750 -17.720 -19.430 -19.190 -19.280 -19.250 -19.320 -19.430 -19.440 -19.190 -19.080 -19.100 -19.130 -18.600 -18.560 -17.820 -17.090 -13.310 -13.740 -14.310 -11.480 -11.280 -9.570 -9.800 -11.030 -14.070 -15.100 -14.890 -15.520 -14.650 -15.100 -16.600 -18.640 -18.980 -18.790 -18.640 -18.870 -19.010 -18.420 -17.100 -17.420 -16.020 -15.800 -16.350 -17.360 -16.450 -17.980 -16.290 -16.320 -17.370 -18.360 -19.540 -19.540 -19.700 -19.790 -20.120 -19.270 -19.720 -19.650
-15.190 -15.910 -16.660 -17.150 -16.030 -16.400 -17.090 -16.670 -17.340 -17.270 -19.700 -19.520 -19.750 -19.770 -19.930 -19.750 -19.690 -19.630 -19.550 -19.480 -19.020 -19.010 -18.450 -18.320 -16.130 -15.880 -15.490 -12.250 -11.250 -11.210 -10.160 -11.040 -11.630 -15.110 -15.180 -15.340 -15.540 -16.580 -16.290 -17.770 -19.440 -19.400 -19.450 -19.200 -19.410 -19.410 -18.760 -17.780 -17.890 -17.790 -17.880 -16.700 -16.310 -17.430 -17.600 -17.280 -17.470 -18.200 -19.580 -19.460 -19.630 -19.770 -19.680 -19.840 -19.630 -19.870 -19.840
-16.380 -16.100 -17.420 -17.680 -16.620 -16.560 -17.330 -17.280 -18.240 -19.820 -20.030 -20.040 -20.630 -20.590 -20.210 -20.100 -19.760 -19.930 -19.740 -19.280 -19.520 -19.370 -18.130 -16.610 -16.400 -16.280 -14.650 -13.080 -12.800 -11.650 -10.970 -12.790 -12.900 -16.300 -16.200 -16.540 -16.250 -17.580 -17.650 -19.030 -20.070 -19.800 -19.730 -19.810 -19.680 -19.910 -19.740 -20.090 -19.980 -19.210 -17.400 -17.390 -17.290 -17.530 -18.160 -19.340 -19.420 -19.690 -19.820 -20.240 -19.520 -19.720 -20.470 -19.820 -20.030 -19.850 -19.850
-17.100 -16.550 -17.910 -17.840 -18.220 -16.930 -17.680 -18.100 -19.550 -19.440 -20.190 -20.520 -20.710 -20.540 -20.550 -20.610 -20.350 -20.170 -19.890 -19.850 -19.530 -19.470 -18.930 -17.770 -17.920 -16.120 -15.020 -14.060 -13.540 -12.410 -12.150 -13.520 -14.230 -15.760 -17.290 -17.610 -17.890 -18.120 -18.430 -19.770 -19.830 -20.050 -19.970 -19.860 -20.100 -20.100 -20.200 -20.020 -20.290 -18.540 -18.220 -17.940 -18.400 -19.120 -18.660 -20.190 -20.050 -20.070 -20.030 -19.800 -19.800 -20.100 -20.090 -19.800 -20.250 -20.070 -20.240
-17.250 -17.680 -17.970 -18.420 -18.980 -19.250 -19.530 -19.950 -19.930 -20.150 -19.550 -20.140 -20.800 -20.560 -20.660 -20.610 -20.250 -20.220 -19.980 -20.050 -19.730 -19.500 -19.130 -18.930 -17.800 -16.720 -16.180 -15.180 -14.330 -14.220 -13.000 -14.400 -15.320 -15.560 -18.570 -18.450 -18.840 -19.300 -20.150 -20.210 -20.000 -20.040 -20.090 -20.180 -20.210 -20.210 -20.350 -20.600 -19.260 -19.430 -18.820 -18.950 -19.610 -19.610 -19.830 -19.990 -19.700 -20.240 -20.010 -20.340 -20.040 -20.460 -19.950 -19.670 -19.640 -19.650 -19.750
-17.900 -17.940 -18.790 -18.790 -19.530 -19.290 -19.370 -19.550 -19.520 -19.170 -19.260 -20.780 -20.800 -20.660 -20.650 -20.710 -20.430 -20.130 -20.200 -20.350 -19.910 -19.880 -19.790 -19.240 -18.600 -17.230 -16.530 -15.900 -15.530 -15.660 -14.920 -15.190 -16.410 -16.200 -18.190 -19.520 -20.130 -20.150 -20.350 -20.180 -20.170 -20.350 -20.420 -20.260 -20.310 -20.420 -20.560 -20.460 -19.940 -20.130 -19.670 -19.980 -20.450 -19.880 -19.980 -20.390 -20.240 -20.540 -20.230 -20.190 -20.110 -20.290 -20.520 -19.780 -19.630 -19.970 -20.200
-18.170 -18.500 -19.140 -19.100 -19.900 -19.880 -19.930 -18.100 -18.490 -19.580 -20.110 -20.640 -20.850 -20.830 -20.680 -20.870 -20.540 -20.200 -20.600 -20.350 -20.190 -19.940 -19.790 -19.370 -18.220 -17.770 -17.270 -17.350 -16.500 -18.600 -16.770 -16.490 -17.720 -17.940 -19.210 -20.390 -19.760 -20.290 -20.940 -20.590 -20.450 -20.300 -20.300 -20.540 -20.330 -20.530 -20.490 -20.490 -20.890 -20.850 -20.300 -20.660 -20.410 -20.480 -20.550 -20.430 -20.660 -20.220 -20.200 -20.240 -20.430 -20.770 -19.990 -19.900 -19.960 -20.020 -19.880
-18.530 -19.310 -19.420 -19.900 -20.410 -19.970 -20.450 -19.930 -19.630 -18.770 -20.170 -20.460 -20.520 -20.450 -20.780 -20.850 -20.680 -20.800 -20.810 -20.260 -20.400 -20.200 -20.140 -19.650 -18.940 -18.610 -18.710 -17.580 -17.520 -18.750 -17.880 -19.270 -19.050 -18.490 -19.140 -20.390 -20.010 -20.810 -20.790 -20.480 -20.700 -20.530 -20.630 -20.660 -20.550 -20.770 -20.610 -20.820 -20.610 -20.630 -20.660 -20.760 -20.860 -20.790 -20.590 -20.610 -20.420 -20.310 -20.320 -20.210 -20.420 -20.010 -20.190 -20.020 -19.990 -20.100 -20.150
-19.020 -19.110 -19.840 -20.330 -20.140 -20.390 -20.600 -20.660 -20.430 -19.880 -20.750 -20.320 -20.470 -20.270 -20.560 -20.750 -20.710 -20.890 -20.840 -20.660 -20.340 -20.260 -20.240 -20.130 -19.520 -19.380 -19.890 -19.850 -19.680 -19.560 -18.780 -18.030 -17.900 -18.460 -19.190 -20.980 -20.830 -21.270 -20.650 -20.830 -20.790 -20.810 -20.810 -20.770 -20.790 -20.750 -20.800 -20.850 -20.800 -20.740 -21.100 -20.840 -20.780 -20.580 -20.610 -20.540 -20.490 -20.580 -20.740 -20.550 -20.130 -20.210 -20.120 -19.960 -20.210 -20.270 -20.190
-19.220 -19.310 -19.700 -20.960 -20.360 -20.700 -20.670 -20.860 -20.830 -20.710 -21.190 -20.350 -20.590 -20.580 -20.260 -20.670 -20.430 -20.760 -20.880 -20.610 -20.260 -20.500 -20.660 -20.400 -20.510 -20.140 -20.160 -19.920 -19.980 -19.900 -18.900 -18.550 -18.220 -20.390 -21.520 -21.100 -21.070 -20.780 -21.090 -21.090 -20.960 -20.920 -20.930 -20.720 -20.980 -20.770 -20.900 -20.870 -20.830 -20.790 -21.150 -21.060 -20.880 -20.790 -20.670 -20.850 -20.840 -20.620 -20.920 -21.070 -20.470 -20.490 -20.270 -20.350 -20.400 -20.400 -20.320
-19.330 -19.480 -19.940 -20.170 -20.540 -20.760 -21.080 -21.110 -21.110 -21.330 -20.800 -21.020 -20.540 -20.610 -20.530 -20.650 -20.760 -20.750 -20.620 -20.430 -20.430 -20.690 -20.570 -20.880 -20.570 -20.520 -20.620 -20.290 -20.350 -20.010 -19.710 -19.230 -19.780 -21.450 -21.140 -21.250 -20.950 -21.150 -21.070 -20.920 -21.060 -20.900 -20.940 -20.950 -21.070 -20.890 -20.830 -20.940 -20.880 -20.970 -20.960 -20.930 -21.320 -21.100 -20.660 -20.880 -20.610 -20.880 -21.140 -20.540 -20.450 -20.560 -20.770 -20.600 -20.410 -20.400 -20.160
-19.460 -19.490 -20.330 -20.440 -20.520 -20.910 -21.010 -21.340 -21.450 -21.240 -21.010 -21.140 -21.130 -21.340 -20.660 -20.790 -20.770 -20.450 -20.430 -20.410 -20.550 -20.900 -20.620 -20.620 -20.740 -20.670 -20.600 -20.550 -20.750 -21.060 -20.970 -21.050 -21.200 -21.170 -21.160 -21.080 -21.260 -21.450 -21.030 -21.250 -21.010 -20.960 -21.020 -21.220 -21.180 -21.040 -21.150 -21.170 -20.930 -21.130 -21.180 -21.080 -21.000 -21.030 -20.620 -20.770 -20.670 -21.240 -20.820 -20.570 -21.030 -21.210 -20.640 -20.640 -20.830 -20.530 -20.680
-19.200 -19.930 -19.780 -19.650 -19.500 -20.990 -20.790 -21.280 -21.490 -21.090 -21.770 -21.430 -21.730 -21.410 -21.360 -20.860 -20.650 -20.980 -20.600 -20.540 -20.450 -20.670 -20.670 -20.700 -20.780 -20.690 -21.060 -20.810 -21.390 -21.430 -21.410 -21.620 -21.300 -21.300 -21.270 -21.060 -21.310 -21.390 -20.960 -20.830 -21.270 -21.140 -21.220 -21.370 -21.350 -21.270 -21.320 -21.090 -21.200 -21.150 -20.790 -20.970 -21.210 -20.720 -21.040 -21.010 -20.940 -21.150 -21.140 -21.370 -20.660 -21.010 -20.580 -20.700 -20.920 -20.620 -20.670
-19.530 -19.670 -19.600 -18.890 -18.380 -20.790 -21.720 -21.300 -21.710 -21.550 -21.560 -21.580 -21.590 -21.470 -21.480 -21.050 -21.000 -20.910 -21.440 -20.690 -21.030 -20.770 -20.870 -20.930 -21.200 -20.930 -21.020 -21.410 -21.310 -21.520 -21.490 -21.580 -21.500 -21.220 -21.380 -21.230 -21.370 -21.480 -21.250 -21.210 -21.370 -21.110 -21.140 -21.290 -21.320 -21.220 -21.130 -21.430 -21.320 -21.210 -21.270 -21.080 -21.170 -21.330 -21.050 -20.780 -20.740 -20.870 -21.240 -21.540 -20.780 -20.920 -20.870 -20.740 -20.730 -20.920 -20.650
-19.480 -19.190 -20.070 -18.860 -20.030 -19.460 -21.800 -21.510 -21.340 -21.540 -21.270 -21.480 -21.590 -21.640 -21.540 -21.370 -21.320 -21.440 -21.350 -21.080 -21.260 -21.060 -21.280 -21.080 -21.340 -21.370 -21.630 -21.390 -21.560 -21.720 -21.560 -21.520 -21.400 -21.550 -21.560 -21.450 -21.420 -21.350 -21.370 -21.340 -21.570 -21.480 -21.190 -21.350 -21.480 -21.120 -21.320 -21.350 -21.510 -21.180 -21.160 -21.060 -21.090 -21.100 -21.210 -20.930 -21.110 -21.050 -21.300 -21.270 -21.000 -20.880 -20.920 -20.790 -20.820 -20.680 -20.650
-19.930 -19.660 -20.480 -20.410 -20.130 -20.160 -21.360 -21.430 -21.450 -21.270 -21.140 -22.030 -21.460 -21.690 -21.520 -21.440 -21.700 -21.620 -21.420 -21.480 -21.390 -21.360 -21.340 -21.890 -21.750 -21.420 -21.500 -21.410 -21.640 -21.560 -21.450 -21.800 -21.750 -21.520 -21.710 -21.600 -21.470 -21.790 -21.540 -21.470 -21.500 -21.280 -21.320 -21.590 -21.610 -21.520 -21.490 -21.580 -21.470 -21.500 -21.330 -21.600 -21.120 -21.340 -21.210 -21.100 -21.090 -20.980 -20.910 -21.510 -21.130 -21.260 -20.930 -20.770 -20.890 -20.760 -20.780
-19.740 -19.250 -20.370 -21.030 -21.000 -20.860 -21.470 -21.320 -21.490 -21.370 -21.820 -21.710 -21.690 -21.680 -21.700 -21.830 -21.850 -21.670 -21.740 -21.540 -21.540 -21.710 -21.420 -21.480 -21.730 -21.310 -21.690 -21.540 -21.600 -21.610 -21.860 -21.640 -21.630 -21.890 -22.010 -21.640 -21.540 -21.820 -21.580 -21.560 -21.850 -21.640 -21.720 -21.420 -21.380 -21.550 -21.460 -21.670 -21.380 -21.480 -21.200 -21.530 -21.600 -21.570 -21.330 -21.180 -21.150 -21.010 -21.290 -21.340 -21.370 -21.060 -21.250 -21.030 -21.080 -20.530 -21.050
-19.770 -20.200 -20.500 -20.970 -20.880 -21.010 -21.570 -21.380 -21.340 -21.540 -21.750 -21.490 -21.820 -21.800 -21.530 -21.830 -21.710 -21.610 -21.690 -21.620 -21.710 -21.750 -21.850 -21.760 -22.040 -21.840 -21.900 -21.870 -21.710 -21.930 -21.930 -21.630 -21.690 -21.920 -21.970 -21.770 -21.770 -21.870 -21.870 -21.870 -22.010 -21.670 -21.850 -21.610 -21.790 -21.740 -21.790 -21.470 -21.460 -21.550 -21.640 -21.650 -21.530 -21.430 -21.490 -21.580 -21.450 -21.250 -21.360 -21.750 -21.600 -21.160 -21.260 -20.930 -20.970 -21.080 -21.110
-18.570 -19.760 -20.400 -21.010 -21.070 -21.350 -21.290 -21.630 -21.400 -21.560 -21.770 -21.860 -21.610 -21.720 -21.810 -21.790 -21.770 -22.030 -21.550 -22.020 -21.950 -21.970 -21.940 -21.890 -21.940 -21.900 -21.650 -21.760 -21.790 -21.740 -22.180 -22.100 -21.900 -21.930 -21.730 -21.820 -21.960 -21.760 -22.130 -21.820 -21.790 -21.830 -21.830 -21.820 -22.420 -21.960 -21.820 -21.790 -21.640 -21.410 -22.180 -21.850 -21.880 -21.650 -21.500 -21.450 -21.670 -21.480 -21.720 -21.730 -22.300 -21.390 -21.160 -21.480 -21.290 -21.240 -21.320
-18.570 -20.370 -20.040 -21.420 -21.770 -21.330 -21.670 -21.690 -21.420 -21.960 -21.690 -21.590 -21.700 -21.600 -22.100 -21.860 -22.180 -21.810 -22.310 -22.260 -21.980 -22.000 -21.920 -21.830 -21.860 -21.930 -21.940 -21.850 -21.930 -21.920 -22.060 -21.910 -22.140 -22.120 -22.480 -21.900 -22.020 -22.020 -22.000 -21.900 -22.080 -21.930 -21.750 -22.080 -22.390 -22.300 -21.570 -21.900 -21.940 -21.760 -21.650 -21.780 -22.440 -22.050 -21.720 -21.770 -21.660 -21.450 -21.720 -21.690 -21.830 -21.250 -21.440 -21.700 -21.570 -21.500 -21.280
-19.340 -19.830 -21.630 -21.470 -21.340 -21.980 -21.870 -22.060 -21.740 -21.820 -21.630 -21.820 -21.960 -22.030 -22.060 -21.920 -21.700 -22.030 -22.020 -22.070 -21.760 -21.840 -22.270 -22.380 -21.890 -22.080 -22.150 -22.200 -21.860 -22.520 -22.050 -22.120 -21.920 -21.990 -22.320 -22.160 -22.160 -22.060 -21.930 -22.190 -22.310 -21.770 -21.930 -22.190 -22.450 -22.140 -22.150 -22.240 -21.900 -21.900 -21.770 -21.850 -21.870 -22.120 -21.810 -21.860 -21.730 -21.940 -21.470 -22.290 -21.400 -21.640 -21.740 -21.730 -21.710 -21.260 -21.570
-19.790 -21.850 -21.180 -21.170 -22.030 -22.060 -22.090 -21.820 -21.920 -22.130 -21.970 -21.740 -21.960 -22.310 -22.020 -21.560 -22.520 -22.020 -22.120 -22.210 -22.050 -22.120 -22.030 -22.090 -22.050 -22.170 -21.980 -22.150 -22.210 -22.360 -22.200 -22.000 -22.260 -21.990 -22.450 -22.340 -22.180 -22.230 -22.140 -22.220 -22.330 -22.050 -22.190 -22.400 -22.200 -22.080 -22.450 -22.270 -22.160 -22.070 -21.880 -21.990 -21.950 -21.710 -22.180 -21.960 -22.010 -21.550 -21.890 -21.720 -21.650 -21.620 -21.590 -21.690 -21.470 -21.820 -21.530
-21.190 -21.410 -21.440 -21.250 -22.060 -22.310 -22.130 -21.900 -22.020 -21.970 -21.860 -22.250 -22.230 -22.030 -22.030 -22.320 -22.340 -22.470 -22.470 -22.190 -22.140 -22.290 -22.220 -22.370 -22.320 -22.530 -22.250 -22.570 -22.470 -22.430 -22.570 -22.030 -22.190 -22.540 -22.150 -22.380 -22.020 -22.350 -22.380 -22.100 -22.250 -22.220 -22.190 -22.510 -22.660 -22.230 -22.270 -22.040 -22.610 -22.180 -22.060 -21.960 -21.890 -22.030 -22.090 -22.080 -21.720 -21.890 -22.090 -21.780 -21.710 -21.840 -21.770 -21.890 -21.980 -21.870 -21.750
-21.390 -21.910 -21.480 -22.400 -22.530 -22.200 -22.110 -22.330 -22.270 -22.100 -22.160 -22.210 -22.410 -22.150 -22.520 -22.460 -22.270 -22.420 -22.240 -22.330 -22.460 -22.310 -22.250 -22.530 -22.450 -22.370 -22.510 -22.330 -22.400 -22.580 -22.490 -22.820 -22.330 -22.320 -22.240 -22.520 -22.490 -22.340 -22.550 -22.550 -22.930 -22.520 -22.530 -22.170 -22.600 -22.800 -22.120 -22.310 -22.680 -22.200 -21.960 -22.230 -22.220 -22.280 -22.360 -21.870 -22.160 -21.990 -22.090 -22.140 -21.920 -21.640 -21.900 -22.170 -22.220 -21.600 -21.830
-21.910 -21.580 -22.080 -22.370 -22.270 -22.370 -22.400 -22.300 -22.090 -22.260 -22.160 -22.240 -22.150 -22.450 -22.460 -22.470 -22.660 -22.520 -22.580 -22.540 -22.740 -22.640 -22.630 -22.460 -22.480 -22.510 -22.540 -22.720 -22.810 -22.640 -22.490 -22.520 -22.810 -22.620 -22.520 -22.780 -22.580 -22.610 -22.270 -22.560 -22.800 -22.400 -22.280 -22.730 -22.300 -22.240 -22.570 -22.300 -22.620 -22.870 -22.100 -21.860 -22.180 -22.250 -22.210 -22.240 -22.380 -22.080 -22.140 -21.970 -22.150 -22.210 -21.810 -22.010 -22.110 -21.810 -21.990
