0925_6225/LITTO3D_FRA_0925_6224_20150529_LAMB93_RGF93_IGN69/MNT5m/LITTO3D_FRA_0925_6224_MNT5_20150529_LAMB93_RGF93_IGN69.asc
ncols 200
nrows 200
xllcenter 925000.000
yllcenter 6223005.000
cellsize 5.0000
nodata_value -99999
[rows 29 to 57 of 200, columns 0 to 66 of 200]
-2.890 -2.950 -3.840 -4.050 -4.070 -2.380 -3.480 -4.510 -4.450 -4.810 -2.200 -1.660 -4.030 -1.100 -0.250 -1.760 -1.400 -1.480 -1.730 -2.890 -3.670 -3.890 -4.380 -4.670 -4.890 -4.950 -4.450 -4.680 -4.540 -4.530 -4.690 -4.690 -4.930 -5.030 -4.720 -5.020 -5.140 -4.810 -6.290 -7.200 -6.870 -6.610 -6.640 -6.730 -7.020 -7.670 -7.630 -7.920 -8.350 -9.030 -9.520 -9.370 -9.090 -8.980 -8.850 -8.690 -8.450 -7.980 -7.640 -7.480 -7.230 -6.310 -5.510 -5.320 -6.840 -7.140 -6.900
-2.900 -3.600 -4.340 -4.580 -4.150 -3.590 -4.560 -4.880 -4.750 -4.450 -3.480 -2.730 -3.980 -1.620 -0.940 -2.010 -1.890 -2.420 -2.530 -3.640 -4.140 -5.410 -5.920 -6.070 -5.580 -4.950 -4.990 -4.630 -4.730 -5.260 -4.960 -4.830 -4.730 -4.670 -4.640 -3.530 -3.840 -4.360 -4.920 -6.510 -6.570 -6.380 -6.640 -7.010 -7.610 -7.500 -7.630 -7.730 -8.080 -8.300 -8.940 -8.820 -8.620 -8.700 -8.230 -8.470 -8.100 -7.700 -7.500 -7.310 -7.190 -6.400 -5.330 -6.390 -9.000 -7.680 -6.210
-3.840 -2.150 -2.990 -4.450 -4.380 -4.990 -5.080 -5.070 -5.310 -4.870 -3.870 -5.100 -5.640 -2.880 -1.830 -2.980 -2.710 -3.510 -4.000 -4.760 -5.790 -6.660 -6.740 -6.780 -7.110 -6.500 -5.460 -5.390 -5.650 -5.830 -6.050 -5.760 -6.000 -4.790 -4.500 -3.570 -5.180 -3.600 -4.460 -6.050 -5.940 -6.420 -6.980 -7.570 -7.670 -7.480 -7.410 -7.870 -7.810 -8.240 -9.660 -8.600 -8.030 -7.910 -7.840 -8.530 -7.900 -7.620 -7.230 -6.900 -6.810 -6.800 -6.220 -7.280 -6.260 -5.300 -6.060
-4.470 -2.740 -4.890 -5.050 -5.050 -5.260 -5.760 -5.720 -5.370 -5.210 -4.670 -4.560 -6.160 -5.860 -2.480 -3.620 -3.700 -4.420 -5.940 -6.560 -7.340 -8.500 -8.470 -7.740 -7.800 -7.150 -6.510 -6.560 -7.040 -7.420 -7.070 -6.900 -6.480 -5.840 -4.200 -3.160 -3.350 -4.400 -4.380 -5.490 -6.150 -6.980 -7.710 -7.190 -7.290 -7.460 -7.440 -7.860 -7.730 -7.920 -8.830 -8.710 -8.060 -7.720 -7.270 -7.160 -7.170 -7.240 -6.780 -6.890 -7.860 -8.380 -7.240 -7.250 -7.480 -7.350 -6.630
-4.500 -5.130 -5.310 -4.950 -5.510 -5.440 -5.810 -5.940 -5.820 -5.730 -4.610 -6.160 -6.530 -6.340 -6.250 -6.210 -5.400 -6.040 -5.690 -6.150 -9.120 -9.220 -9.200 -9.070 -7.260 -6.940 -6.930 -7.280 -7.420 -7.890 -7.830 -7.510 -6.520 -5.020 -4.000 -2.940 -2.220 -2.260 -4.490 -5.180 -6.710 -6.930 -7.060 -6.670 -6.260 -6.650 -6.790 -7.600 -7.470 -8.400 -8.760 -8.180 -7.270 -7.710 -7.490 -7.150 -6.730 -6.700 -7.630 -9.190 -8.660 -8.140 -8.990 -7.270 -6.870 -7.700 -7.360
-5.140 -5.580 -5.400 -5.420 -5.810 -5.800 -5.690 -6.110 -6.160 -6.090 -6.020 -6.360 -6.580 -6.940 -6.280 -6.800 -4.500 -5.660 -5.570 -6.210 -8.580 -9.530 -7.640 -6.090 -6.440 -6.400 -6.360 -7.210 -6.560 -6.900 -7.980 -7.400 -5.910 -5.270 -4.350 -3.330 -2.490 -4.450 -4.860 -6.190 -6.020 -5.730 -6.200 -6.170 -5.750 -6.660 -7.020 -7.300 -7.920 -8.100 -8.070 -7.810 -7.500 -7.510 -8.150 -8.270 -7.390 -8.950 -8.140 -7.090 -8.060 -7.440 -7.530 -6.890 -7.550 -7.280 -8.520
-5.890 -5.640 -5.810 -5.860 -6.500 -6.410 -6.310 -6.310 -6.600 -6.560 -6.490 -6.650 -6.610 -6.980 -7.140 -4.440 -4.580 -4.770 -6.600 -6.060 -3.470 -6.250 -4.370 -6.090 -4.780 -5.490 -6.300 -5.900 -6.390 -6.860 -6.520 -6.460 -7.050 -6.540 -6.950 -8.270 -4.830 -8.080 -6.570 -6.050 -6.440 -4.620 -5.730 -4.960 -6.420 -4.920 -5.500 -7.040 -7.300 -7.820 -7.710 -7.710 -7.470 -8.210 -8.080 -8.740 -8.820 -6.780 -6.850 -7.590 -7.560 -7.740 -9.890 -7.940 -9.560 -10.430 -10.030
-6.620 -5.800 -4.820 -6.250 -6.840 -6.440 -6.520 -6.700 -6.900 -6.780 -7.190 -7.260 -7.540 -7.660 -7.600 -6.750 -5.870 -6.250 -4.050 -2.760 -4.750 -5.720 -3.350 -3.720 -4.910 -4.260 -5.200 -6.170 -5.720 -6.150 -5.110 -5.760 -5.400 -5.290 -6.950 -7.060 -6.570 -7.690 -7.080 -6.460 -6.030 -4.360 -6.070 -4.410 -6.270 -4.690 -5.170 -6.770 -7.260 -8.110 -7.990 -8.450 -8.180 -6.590 -8.840 -8.650 -8.600 -8.680 -8.460 -7.640 -8.230 -9.110 -8.340 -9.830 -8.600 -10.130 -10.940
-6.830 -7.770 -4.800 -6.530 -4.600 -6.340 -6.970 -7.180 -7.210 -6.450 -7.630 -7.660 -8.140 -7.910 -7.660 -7.280 -6.860 -6.310 -4.670 -3.420 -2.620 -3.120 -3.970 -2.280 -2.480 -5.890 -6.480 -4.800 -4.970 -6.660 -8.030 -7.130 -7.640 -6.360 -4.530 -4.530 -5.950 -5.520 -4.460 -6.860 -6.310 -6.080 -6.950 -5.950 -4.620 -4.790 -5.720 -7.380 -7.650 -7.680 -7.490 -8.020 -8.110 -8.240 -8.090 -7.830 -8.560 -8.200 -7.630 -8.020 -7.690 -7.110 -11.110 -10.510 -9.390 -10.760 -11.540
-6.730 -6.410 -4.990 -6.450 -5.560 -6.080 -7.210 -7.500 -7.600 -7.730 -8.070 -8.070 -8.430 -8.250 -8.100 -7.910 -7.700 -7.550 -5.950 -5.300 -5.750 -5.130 -4.740 -4.290 -4.570 -5.500 -5.690 -3.730 -3.560 -3.340 -5.710 -7.520 -7.450 -4.680 -4.600 -3.090 -2.930 -3.050 -4.490 -6.580 -7.110 -7.000 -7.300 -7.510 -7.720 -7.700 -8.480 -8.330 -7.930 -7.640 -7.470 -7.630 -7.730 -7.920 -7.740 -7.760 -8.250 -8.400 -8.640 -9.140 -9.180 -10.330 -10.760 -11.210 -10.940 -11.140 -11.770
-6.590 -6.370 -6.040 -7.240 -7.030 -6.930 -7.490 -7.920 -8.270 -8.240 -8.210 -8.520 -8.710 -8.760 -8.540 -8.550 -7.450 -7.890 -7.890 -7.310 -7.830 -7.660 -7.150 -6.590 -6.470 -6.540 -6.290 -5.320 -3.370 -3.900 -4.820 -5.040 -4.780 -3.930 -3.210 -2.730 -2.330 -5.170 -7.100 -6.970 -6.920 -7.530 -7.400 -7.740 -7.720 -7.930 -8.940 -8.690 -8.080 -7.880 -8.210 -8.520 -8.680 -8.510 -8.130 -8.270 -8.020 -8.070 -8.580 -9.500 -10.090 -10.720 -11.150 -11.820 -11.810 -11.160 -12.130
-6.360 -7.340 -6.530 -6.890 -7.540 -7.280 -7.920 -8.540 -8.960 -8.820 -8.690 -8.820 -8.780 -8.920 -8.910 -7.710 -4.860 -6.450 -7.250 -7.330 -7.880 -8.170 -8.090 -5.710 -7.190 -5.820 -6.080 -5.760 -3.530 -2.320 -2.930 -5.770 -4.310 -5.240 -4.040 -3.710 -6.620 -7.250 -6.730 -7.240 -7.490 -7.800 -8.030 -8.170 -8.040 -9.050 -9.270 -8.990 -8.330 -8.270 -8.990 -9.680 -10.320 -10.030 -10.000 -9.420 -9.020 -8.750 -8.700 -9.240 -9.780 -10.490 -11.230 -10.740 -10.670 -11.670 -12.150
-4.210 -7.300 -8.170 -7.520 -7.580 -8.080 -8.980 -9.110 -9.220 -9.120 -9.200 -9.250 -8.780 -9.560 -9.620 -6.930 -6.720 -8.130 -8.130 -9.070 -8.260 -7.500 -8.990 -5.630 -7.460 -6.970 -6.650 -5.510 -5.620 -3.550 -4.250 -8.080 -6.690 -7.730 -7.520 -7.350 -7.830 -7.540 -7.820 -7.940 -8.010 -8.060 -8.160 -8.910 -9.380 -9.890 -9.790 -9.420 -8.760 -9.470 -10.130 -11.410 -11.590 -11.390 -11.630 -11.200 -10.830 -9.700 -9.060 -9.000 -9.320 -9.990 -10.320 -11.860 -12.850 -12.660 -12.410
-5.330 -7.570 -6.280 -7.980 -8.160 -8.610 -7.610 -9.850 -9.560 -9.560 -9.620 -9.670 -9.650 -9.790 -10.060 -5.910 -6.440 -8.860 -8.060 -9.350 -9.020 -9.470 -6.750 -8.270 -7.600 -7.520 -7.400 -6.560 -6.850 -7.570 -8.440 -6.250 -6.000 -8.310 -7.670 -8.030 -8.100 -8.170 -8.450 -7.120 -7.980 -8.820 -9.210 -9.530 -10.010 -10.130 -10.370 -9.660 -9.300 -10.060 -12.310 -12.410 -10.640 -11.760 -12.920 -12.320 -11.830 -11.290 -10.130 -9.890 -9.450 -9.790 -10.760 -11.460 -12.880 -12.880 -13.310
-7.310 -7.290 -6.080 -8.440 -8.710 -8.910 -7.050 -10.520 -10.010 -9.920 -9.910 -10.060 -10.030 -10.030 -9.450 -7.170 -7.850 -8.490 -8.950 -9.960 -9.730 -8.390 -9.240 -8.440 -8.510 -7.760 -7.990 -7.370 -7.230 -6.420 -4.600 -5.100 -6.370 -5.320 -7.900 -8.270 -8.090 -8.570 -8.610 -7.890 -8.520 -9.300 -9.710 -10.370 -10.840 -10.970 -10.620 -10.080 -9.990 -11.080 -13.020 -14.110 -14.510 -14.890 -14.910 -14.240 -13.640 -12.550 -11.730 -11.170 -10.010 -10.510 -10.840 -11.960 -13.210 -13.580 -13.460
-8.030 -7.920 -8.560 -8.720 -9.340 -8.690 -10.170 -8.620 -8.560 -10.240 -10.320 -10.330 -10.530 -10.190 -10.490 -8.440 -11.230 -9.870 -10.240 -10.100 -9.990 -9.990 -10.150 -9.710 -8.890 -8.230 -8.030 -4.360 -4.740 -4.040 -4.790 -5.520 -6.510 -7.890 -8.230 -8.790 -6.700 -5.380 -7.520 -8.090 -9.100 -9.690 -10.300 -11.030 -11.350 -11.460 -11.010 -10.540 -9.790 -11.260 -13.220 -15.120 -15.840 -15.390 -15.630 -15.240 -14.280 -13.450 -12.590 -11.250 -10.520 -10.540 -11.610 -11.370 -12.640 -14.030 -13.330
-7.380 -8.010 -8.880 -9.330 -9.840 -10.070 -9.420 -4.310 -11.210 -10.920 -10.850 -10.830 -10.740 -10.710 -10.020 -10.260 -10.550 -11.060 -10.530 -10.460 -10.500 -10.210 -10.190 -10.010 -8.700 -8.400 -7.270 -5.720 -4.780 -4.800 -5.340 -6.280 -7.360 -9.480 -9.270 -8.660 -6.430 -5.810 -7.810 -8.950 -9.480 -10.330 -10.800 -11.330 -11.570 -11.650 -11.660 -9.970 -8.140 -10.740 -10.820 -14.340 -16.270 -16.190 -15.860 -15.470 -14.600 -13.830 -12.950 -11.560 -10.590 -10.160 -9.750 -8.730 -8.850 -14.340 -14.350
-7.470 -7.840 -8.420 -9.720 -10.200 -10.420 -10.450 -11.830 -10.470 -11.360 -11.290 -11.500 -11.590 -10.970 -10.800 -11.130 -11.370 -10.840 -10.930 -10.970 -10.540 -10.760 -10.520 -10.410 -9.230 -9.170 -8.000 -6.560 -5.890 -5.750 -6.830 -7.290 -10.340 -10.470 -6.760 -7.070 -7.870 -8.590 -8.440 -9.000 -9.950 -10.600 -11.140 -12.060 -12.250 -12.060 -10.330 -8.830 -8.730 -12.690 -12.170 -15.330 -15.440 -15.860 -12.110 -10.980 -11.020 -11.580 -11.290 -11.090 -10.880 -10.640 -9.670 -8.450 -8.650 -11.610 -15.070
-8.140 -8.450 -9.530 -10.230 -10.690 -10.950 -9.920 -7.020 -10.650 -12.000 -12.100 -12.060 -12.050 -11.350 -11.130 -11.890 -11.270 -11.360 -11.060 -11.190 -10.970 -11.050 -11.200 -10.650 -10.340 -9.110 -7.780 -8.080 -8.120 -9.040 -9.960 -10.210 -9.630 -7.980 -7.420 -8.690 -8.290 -9.190 -9.150 -9.430 -9.870 -10.880 -11.650 -12.430 -12.760 -12.210 -11.120 -10.710 -11.400 -12.860 -10.450 -10.220 -10.340 -8.640 -5.800 -8.310 -6.810 -8.460 -10.070 -11.160 -11.350 -11.620 -11.000 -9.640 -8.720 -10.990 -15.660
-9.200 -9.660 -10.780 -11.290 -11.300 -11.440 -10.340 -9.040 -12.330 -12.600 -12.710 -12.540 -12.660 -12.540 -12.450 -12.600 -11.680 -12.110 -11.690 -11.650 -11.480 -11.440 -11.470 -11.170 -11.020 -10.380 -7.290 -7.810 -8.820 -9.660 -10.290 -10.700 -8.650 -10.430 -9.710 -10.850 -10.140 -9.500 -9.870 -10.020 -10.180 -11.130 -12.110 -12.930 -12.510 -12.460 -12.340 -11.370 -11.450 -10.470 -6.800 -4.890 -5.130 -3.040 -3.040 -3.800 -6.200 -8.810 -9.850 -11.740 -10.810 -12.630 -13.050 -11.800 -10.530 -12.370 -15.700
-9.980 -9.770 -11.390 -10.180 -11.780 -12.000 -11.670 -12.100 -13.180 -12.910 -12.930 -13.080 -13.280 -13.210 -13.220 -13.060 -12.820 -12.430 -12.240 -11.940 -12.010 -11.230 -8.600 -9.910 -9.120 -8.760 -8.280 -8.610 -9.650 -10.740 -10.960 -11.460 -11.730 -12.080 -11.630 -11.210 -10.560 -10.270 -10.510 -10.340 -10.670 -11.830 -12.590 -13.330 -13.110 -12.930 -12.610 -11.780 -9.230 -7.500 -5.590 -3.980 -2.430 -1.430 -2.490 -4.980 -6.880 -9.480 -11.720 -11.870 -9.990 -13.370 -13.570 -13.980 -14.450 -15.390 -15.950
-10.410 -11.100 -12.110 -12.240 -12.390 -12.390 -11.610 -12.440 -13.840 -13.140 -13.590 -13.800 -13.840 -13.840 -13.640 -13.640 -13.120 -12.500 -12.400 -12.420 -11.940 -9.470 -9.440 -10.900 -10.690 -10.830 -10.400 -9.610 -11.040 -10.120 -11.630 -11.800 -12.080 -12.030 -11.730 -11.620 -10.260 -10.590 -10.790 -10.930 -10.070 -12.550 -13.210 -13.670 -13.300 -13.090 -12.830 -11.150 -9.710 -6.530 -4.670 -5.110 -4.630 -2.990 -4.080 -4.780 -6.380 -10.990 -11.360 -12.090 -13.640 -13.760 -14.520 -15.120 -15.310 -15.770 -16.020
-11.820 -11.210 -11.980 -12.750 -12.840 -12.860 -11.480 -13.320 -14.120 -13.670 -13.980 -14.330 -14.280 -14.390 -14.100 -14.260 -13.680 -13.170 -12.230 -12.790 -12.950 -11.480 -12.030 -12.050 -12.150 -11.780 -11.300 -10.880 -11.300 -10.650 -11.960 -12.600 -12.530 -9.830 -11.850 -11.770 -11.270 -9.730 -11.150 -10.680 -11.800 -13.050 -13.710 -14.010 -14.110 -13.520 -13.170 -10.550 -8.030 -6.200 -3.550 -3.530 -2.520 -7.340 -5.790 -6.660 -8.440 -9.430 -9.860 -11.380 -14.540 -14.340 -15.110 -15.830 -16.260 -16.500 -16.630
-12.110 -9.200 -13.450 -13.260 -13.220 -13.400 -13.730 -12.990 -14.500 -14.830 -14.780 -14.890 -14.840 -14.870 -14.860 -14.700 -14.430 -14.020 -13.770 -13.520 -13.500 -13.300 -12.850 -12.740 -10.440 -8.810 -9.960 -11.630 -11.680 -12.600 -12.740 -13.130 -12.500 -7.670 -10.200 -12.500 -10.960 -9.460 -10.900 -11.660 -12.450 -13.520 -14.270 -14.040 -13.920 -13.960 -14.760 -9.150 -7.340 -4.930 -3.670 -3.530 -2.360 -6.330 -8.210 -8.250 -8.280 -11.710 -10.700 -12.800 -14.830 -14.680 -15.850 -16.250 -16.700 -16.790 -17.020
-12.900 -11.210 -9.070 -13.810 -13.720 -13.950 -14.140 -14.750 -15.050 -15.220 -15.270 -15.560 -15.510 -15.580 -15.440 -15.070 -14.950 -14.530 -14.570 -14.270 -13.770 -11.340 -13.150 -11.030 -9.590 -9.600 -10.070 -12.030 -12.450 -13.110 -11.250 -8.990 -8.970 -8.300 -9.590 -11.790 -10.130 -10.030 -10.970 -12.700 -13.120 -13.740 -14.610 -14.590 -14.300 -14.510 -14.000 -9.770 -7.680 -6.200 -5.160 -3.950 -3.690 -7.060 -7.770 -9.760 -11.710 -12.480 -13.600 -13.630 -15.380 -16.480 -16.850 -17.000 -17.460 -17.180 -16.970
-13.210 -12.040 -13.970 -14.750 -13.220 -14.170 -14.970 -15.180 -15.620 -15.990 -15.930 -16.040 -16.060 -15.960 -15.840 -15.940 -15.370 -15.230 -14.820 -14.880 -13.030 -12.510 -12.270 -10.680 -9.770 -11.060 -12.150 -12.260 -12.330 -11.350 -10.050 -8.200 -5.710 -9.070 -10.660 -11.290 -11.240 -11.150 -12.450 -12.950 -13.600 -14.140 -14.970 -14.860 -14.580 -14.710 -13.570 -10.740 -9.360 -7.380 -6.030 -6.100 -5.430 -4.980 -11.940 -12.660 -13.060 -14.130 -14.590 -15.410 -16.300 -16.840 -17.320 -17.570 -17.820 -17.890 -17.380
-11.840 -13.350 -11.800 -15.200 -13.840 -15.180 -15.330 -15.720 -16.050 -16.050 -16.650 -16.630 -16.450 -16.510 -16.300 -16.400 -15.940 -15.860 -15.420 -15.550 -15.090 -14.410 -13.810 -11.360 -12.640 -13.110 -12.510 -12.570 -10.510 -9.570 -9.040 -8.060 -6.520 -7.980 -9.900 -12.060 -12.450 -12.550 -13.070 -13.480 -14.150 -14.840 -14.740 -14.690 -14.930 -15.300 -14.680 -12.280 -10.480 -9.410 -6.210 -6.150 -7.540 -8.400 -11.490 -13.520 -14.410 -14.710 -15.450 -16.200 -16.940 -17.630 -17.910 -18.030 -18.030 -17.830 -17.720
-11.940 -14.150 -14.580 -15.420 -16.010 -16.320 -16.610 -16.080 -16.180 -16.410 -17.360 -17.120 -16.820 -16.810 -16.860 -16.700 -16.640 -16.380 -16.390 -16.610 -15.980 -15.620 -14.310 -12.770 -13.980 -13.270 -12.680 -12.590 -10.500 -9.330 -10.940 -8.990 -8.080 -8.180 -12.470 -12.830 -13.310 -13.390 -13.780 -14.230 -14.780 -15.270 -15.160 -15.270 -15.510 -15.610 -15.050 -14.770 -11.410 -10.970 -7.880 -8.530 -8.540 -10.300 -10.200 -12.950 -15.520 -16.090 -16.590 -16.080 -17.300 -18.110 -18.560 -18.410 -18.050 -18.040 -18.110
-13.910 -15.010 -15.670 -16.330 -16.580 -16.680 -16.590 -16.530 -16.450 -16.480 -16.400 -17.150 -17.170 -17.080 -17.350 -17.090 -17.300 -16.910 -16.940 -17.090 -16.840 -15.990 -15.390 -14.690 -14.460 -12.500 -12.160 -12.640 -11.830 -10.030 -11.290 -11.170 -9.730 -7.390 -9.720 -13.150 -14.410 -13.980 -14.290 -14.910 -15.510 -15.650 -15.860 -15.740 -16.030 -16.050 -15.280 -12.750 -10.740 -12.720 -10.630 -10.720 -9.400 -10.700 -13.330 -13.190 -16.280 -14.950 -17.430 -17.130 -18.190 -18.610 -18.770 -18.690 -18.500 -18.490 -18.360
