0925_6225/LITTO3D_FRA_0928_6223_20150529_LAMB93_RGF93_IGN69/MNT5m/LITTO3D_FRA_0928_6223_MNT5_20150529_LAMB93_RGF93_IGN69.asc
ncols 200
nrows 200
xllcenter 928000.000
yllcenter 6222005.000
cellsize 5.0000
nodata_value -99999
[rows 120 to 149 of 200, columns 0 to 67 of 200]
-24.850 -25.020 -24.790 -24.780 -24.760 -24.550 -24.180 -24.310 -24.290 -24.290 -24.420 -24.500 -24.360 -24.440 -24.350 -24.300 -24.400 -24.310 -24.300 -24.690 -24.470 -24.780 -24.520 -24.560 -24.790 -24.630 -24.480 -24.490 -24.600 -24.650 -24.490 -24.530 -24.310 -24.090 -23.920 -23.950 -23.930 -23.650 -23.510 -23.600 -23.430 -23.220 -23.090 -23.170 -23.080 -23.070 -22.950 -23.010 -22.560 -22.660 -22.620 -22.570 -22.730 -22.380 -22.320 -22.270 -22.060 -21.770 -21.720 -21.250 -21.260 -20.890 -20.860 -20.370 -20.180 -19.900 -19.480 -19.250
-25.270 -24.940 -24.960 -25.000 -24.950 -25.110 -24.770 -24.720 -24.490 -24.400 -24.480 -24.590 -24.530 -24.720 -24.640 -24.640 -24.840 -24.620 -24.810 -24.800 -24.880 -24.830 -25.010 -24.860 -25.040 -25.080 -24.650 -24.670 -24.810 -24.920 -24.970 -24.810 -24.380 -24.390 -24.280 -24.120 -24.280 -23.980 -23.720 -23.680 -23.530 -23.480 -23.330 -23.240 -23.160 -23.130 -23.170 -22.980 -23.140 -22.880 -22.880 -22.810 -22.780 -22.770 -22.670 -22.530 -22.400 -22.120 -22.020 -21.950 -21.440 -21.150 -20.750 -20.620 -20.290 -20.200 -19.860 -19.390
-25.820 -25.590 -25.490 -25.520 -25.310 -25.210 -25.060 -25.030 -24.930 -24.800 -24.830 -24.820 -24.560 -24.760 -24.830 -24.860 -24.740 -24.840 -24.880 -24.920 -25.090 -25.210 -25.120 -25.230 -25.220 -25.050 -25.070 -25.070 -24.960 -25.110 -25.290 -25.160 -25.330 -25.340 -24.700 -24.490 -24.250 -24.280 -23.900 -23.900 -23.720 -23.680 -23.610 -23.460 -23.580 -23.340 -23.600 -23.410 -23.280 -23.040 -23.320 -23.150 -22.770 -23.020 -22.740 -22.650 -22.710 -22.190 -22.280 -21.790 -21.650 -21.400 -21.070 -20.920 -20.690 -20.430 -20.070 -19.920
-25.850 -25.800 -25.890 -25.880 -25.590 -25.190 -25.210 -25.080 -24.900 -24.680 -24.640 -24.760 -24.760 -25.060 -25.010 -25.190 -25.160 -25.430 -25.310 -25.510 -25.540 -25.210 -25.510 -25.580 -25.470 -25.450 -25.430 -25.620 -25.450 -25.450 -25.490 -25.480 -25.320 -25.240 -24.910 -24.740 -24.670 -24.510 -24.130 -23.960 -23.960 -24.070 -23.870 -23.650 -23.510 -23.440 -23.930 -23.790 -23.470 -23.390 -23.290 -23.230 -22.930 -22.920 -22.720 -22.610 -22.680 -22.600 -22.310 -22.210 -21.880 -21.820 -21.710 -21.240 -20.880 -20.780 -20.550 -20.200
-26.560 -26.150 -25.960 -25.710 -25.780 -25.520 -25.000 -25.210 -25.570 -25.150 -25.150 -25.170 -25.160 -25.220 -25.540 -25.570 -25.650 -25.700 -25.640 -25.890 -25.850 -25.930 -25.910 -26.050 -26.020 -25.780 -26.020 -26.050 -25.720 -25.710 -25.540 -25.650 -25.660 -25.280 -25.070 -25.010 -24.920 -24.720 -24.410 -24.360 -24.170 -24.270 -24.130 -23.960 -23.810 -23.790 -23.590 -23.700 -23.600 -23.410 -23.390 -23.160 -23.160 -23.170 -23.250 -22.860 -22.970 -22.820 -22.680 -22.650 -22.190 -22.080 -21.950 -21.610 -21.420 -21.230 -20.780 -20.910
-26.600 -26.630 -26.310 -26.510 -26.340 -26.120 -25.670 -25.630 -25.500 -25.640 -25.440 -25.290 -25.640 -25.670 -25.810 -25.900 -25.800 -25.760 -26.050 -26.180 -26.210 -26.330 -26.080 -26.090 -26.150 -26.040 -25.990 -26.240 -26.140 -26.030 -25.920 -25.820 -25.850 -25.640 -25.350 -25.290 -25.060 -24.930 -24.860 -24.520 -24.460 -24.420 -24.120 -24.320 -24.480 -24.260 -24.350 -24.060 -23.690 -23.760 -23.580 -23.530 -23.750 -23.490 -23.690 -23.390 -23.400 -23.140 -22.960 -22.820 -22.600 -22.560 -22.190 -22.140 -21.740 -21.480 -21.370 -21.140
-26.610 -26.750 -26.690 -26.510 -26.150 -25.890 -26.000 -25.760 -25.690 -25.690 -25.670 -25.680 -25.720 -25.710 -25.800 -25.850 -26.070 -26.090 -26.120 -26.150 -26.610 -26.430 -26.560 -26.330 -26.600 -26.380 -26.200 -26.210 -26.470 -26.290 -26.430 -26.100 -26.070 -25.900 -25.500 -25.630 -25.350 -25.560 -24.910 -24.950 -24.780 -24.690 -24.440 -24.320 -24.530 -24.330 -24.300 -24.060 -23.940 -23.810 -23.900 -23.770 -23.850 -23.550 -23.590 -23.460 -23.410 -23.350 -23.130 -23.120 -22.680 -22.610 -22.640 -22.130 -22.200 -21.790 -21.510 -21.380
-27.510 -26.880 -27.040 -26.720 -26.920 -26.690 -26.550 -26.220 -25.920 -25.920 -25.620 -25.800 -26.050 -26.220 -26.400 -26.390 -26.590 -26.690 -26.650 -26.750 -26.620 -26.620 -26.560 -26.600 -26.760 -26.630 -26.720 -26.780 -26.620 -26.490 -26.480 -26.470 -26.270 -26.170 -25.980 -25.830 -25.670 -25.570 -25.580 -25.070 -25.130 -25.220 -24.880 -24.760 -24.710 -24.510 -24.530 -24.230 -24.150 -24.150 -23.890 -23.920 -23.520 -23.900 -23.760 -23.730 -23.930 -23.520 -23.430 -23.240 -23.300 -22.810 -22.890 -22.660 -22.210 -22.120 -22.450 -21.700
-27.760 -27.410 -26.980 -27.000 -26.730 -26.520 -26.340 -26.530 -26.440 -26.510 -26.570 -26.290 -26.610 -26.440 -26.410 -26.700 -26.930 -27.140 -27.130 -27.080 -27.220 -27.260 -27.090 -27.000 -27.050 -26.960 -26.950 -26.970 -26.940 -26.780 -26.640 -26.890 -26.530 -26.310 -26.220 -26.160 -25.900 -25.670 -25.560 -25.810 -25.380 -25.340 -25.300 -24.950 -24.820 -24.670 -24.610 -24.740 -24.400 -24.550 -24.370 -24.190 -24.370 -24.230 -24.170 -24.020 -23.800 -23.800 -23.790 -23.650 -23.430 -23.340 -23.160 -23.010 -22.900 -22.500 -22.190 -21.980
-27.970 -28.010 -27.570 -27.570 -27.220 -27.380 -26.690 -26.580 -26.380 -26.640 -26.800 -26.890 -27.100 -27.100 -27.160 -27.270 -27.240 -27.320 -27.550 -26.980 -27.310 -27.240 -27.220 -27.260 -27.720 -27.370 -27.240 -27.350 -27.090 -27.050 -26.840 -26.770 -27.020 -26.860 -26.610 -26.450 -26.330 -25.990 -25.880 -25.890 -25.810 -25.470 -25.180 -25.560 -25.440 -25.150 -24.680 -24.840 -24.800 -24.500 -24.550 -24.680 -24.750 -24.310 -24.280 -24.420 -24.120 -24.070 -23.980 -23.740 -23.560 -23.710 -23.300 -23.490 -22.970 -23.030 -22.500 -22.160
-28.100 -28.190 -27.800 -27.750 -27.800 -27.600 -27.260 -27.520 -27.250 -27.320 -27.430 -27.440 -27.480 -27.670 -27.500 -27.530 -27.470 -27.410 -27.650 -27.550 -27.870 -27.760 -27.940 -28.080 -27.860 -27.780 -27.490 -27.680 -27.530 -27.550 -27.610 -27.310 -27.360 -26.330 -26.810 -26.600 -26.390 -26.530 -26.000 -25.840 -25.950 -25.800 -25.910 -25.580 -25.480 -25.260 -25.380 -25.050 -24.870 -24.920 -24.770 -24.940 -24.740 -24.720 -24.580 -24.740 -24.290 -24.370 -23.940 -23.950 -23.930 -23.840 -23.950 -23.460 -23.460 -22.970 -22.990 -22.540
-28.270 -27.890 -28.340 -27.920 -27.840 -27.920 -27.830 -27.560 -27.470 -27.490 -27.480 -27.700 -27.950 -28.200 -28.190 -27.730 -28.130 -27.870 -28.110 -28.210 -28.050 -28.020 -28.520 -28.770 -28.510 -28.180 -28.430 -28.060 -28.070 -27.830 -27.470 -27.470 -27.330 -26.990 -27.190 -26.710 -26.670 -26.590 -26.520 -26.090 -26.200 -26.010 -25.850 -25.710 -25.600 -25.670 -25.800 -25.420 -25.270 -25.050 -25.150 -25.050 -25.140 -24.700 -24.780 -24.700 -24.520 -24.410 -24.380 -24.480 -24.290 -24.200 -23.870 -23.890 -23.880 -23.600 -23.520 -23.130
-28.920 -28.560 -28.570 -28.570 -28.660 -28.340 -28.290 -28.540 -28.480 -28.490 -28.210 -28.500 -28.570 -28.370 -28.500 -28.520 -28.920 -28.450 -28.630 -28.380 -28.500 -28.740 -28.770 -28.830 -28.730 -28.690 -28.460 -28.180 -28.560 -27.960 -27.950 -27.830 -27.790 -27.540 -27.300 -27.150 -26.800 -26.650 -26.660 -26.710 -26.490 -26.480 -26.250 -26.120 -26.130 -25.990 -25.820 -25.690 -25.450 -25.240 -25.390 -25.260 -25.150 -25.120 -25.190 -25.050 -24.830 -24.830 -24.670 -24.430 -24.500 -24.420 -24.210 -24.150 -23.850 -23.540 -23.530 -23.410
-29.260 -28.770 -28.910 -28.920 -29.000 -29.380 -28.820 -28.830 -29.040 -28.900 -28.540 -28.650 -28.900 -28.980 -28.960 -28.810 -28.880 -28.970 -28.720 -28.790 -28.550 -28.600 -28.870 -29.170 -28.860 -29.210 -29.190 -28.600 -28.520 -28.190 -28.590 -27.980 -27.990 -27.900 -27.310 -27.500 -27.610 -27.280 -26.960 -26.970 -26.900 -26.760 -26.670 -26.450 -26.330 -26.100 -26.200 -25.970 -26.100 -25.660 -25.780 -25.520 -25.210 -25.120 -25.270 -25.010 -25.210 -24.930 -24.860 -24.580 -24.710 -24.530 -24.420 -24.190 -24.090 -24.040 -23.770 -24.100
-29.540 -29.800 -29.760 -29.610 -29.590 -29.590 -29.500 -29.320 -29.170 -29.410 -29.560 -29.080 -28.990 -28.790 -29.190 -29.170 -29.220 -29.600 -29.270 -29.510 -29.280 -29.080 -28.910 -28.960 -28.880 -29.250 -29.220 -28.790 -28.790 -28.600 -28.680 -28.600 -28.550 -28.090 -27.990 -27.900 -27.740 -27.720 -27.250 -27.120 -27.400 -27.070 -26.960 -26.850 -26.850 -26.320 -26.800 -26.170 -25.940 -26.370 -25.960 -25.680 -25.710 -25.390 -25.340 -25.290 -25.160 -25.080 -24.950 -25.040 -24.880 -24.720 -24.830 -24.560 -24.780 -24.480 -24.200 -24.210
-30.460 -29.960 -29.650 -30.190 -29.970 -29.940 -29.700 -29.570 -29.440 -29.870 -29.990 -29.940 -29.930 -30.060 -29.480 -29.650 -29.530 -29.480 -29.620 -29.670 -29.650 -29.340 -29.450 -29.430 -29.380 -29.300 -29.220 -29.020 -29.130 -29.080 -28.890 -28.670 -28.640 -28.660 -28.320 -28.100 -28.180 -27.610 -27.810 -27.550 -27.590 -27.290 -27.280 -27.180 -27.030 -26.860 -26.530 -26.530 -26.400 -26.270 -25.950 -25.990 -25.690 -25.610 -25.630 -25.580 -25.530 -25.410 -25.240 -25.290 -25.000 -25.140 -25.080 -24.920 -24.680 -24.450 -24.650 -24.460
-30.560 -30.590 -30.490 -31.130 -30.460 -30.860 -30.820 -30.110 -30.460 -30.270 -30.070 -30.410 -30.490 -30.630 -30.010 -29.950 -30.110 -29.920 -29.880 -29.910 -29.910 -29.710 -29.790 -29.880 -29.620 -29.590 -29.470 -29.410 -29.260 -29.130 -28.840 -28.970 -28.800 -28.720 -28.440 -28.300 -28.140 -28.220 -27.770 -27.770 -27.340 -27.450 -27.460 -27.300 -27.050 -27.010 -26.840 -26.670 -26.640 -26.600 -26.640 -26.250 -25.840 -26.160 -25.830 -25.560 -25.830 -25.690 -25.420 -25.360 -25.490 -25.250 -25.160 -25.230 -24.800 -24.840 -24.910 -24.700
-31.300 -31.320 -31.350 -31.240 -31.150 -31.320 -31.320 -30.650 -30.690 -30.720 -30.860 -30.280 -30.810 -30.330 -30.840 -30.670 -30.450 -30.560 -30.420 -30.330 -30.180 -29.800 -29.830 -29.730 -29.830 -29.690 -29.770 -29.480 -29.210 -29.510 -29.260 -28.990 -29.060 -29.090 -28.800 -29.060 -28.840 -28.210 -28.260 -28.100 -28.060 -27.840 -27.640 -27.660 -27.570 -27.250 -27.210 -26.900 -27.200 -26.780 -26.700 -26.400 -26.400 -26.100 -26.120 -26.170 -26.110 -26.040 -25.840 -25.600 -25.370 -25.560 -25.430 -25.490 -25.210 -25.000 -24.900 -24.630
-31.760 -31.450 -31.130 -31.450 -31.660 -31.360 -31.650 -31.230 -31.370 -31.400 -30.770 -30.910 -30.630 -30.690 -31.240 -31.050 -31.110 -30.500 -30.840 -30.310 -30.200 -30.450 -30.050 -29.840 -30.320 -30.060 -29.830 -29.960 -29.810 -29.830 -29.870 -29.460 -29.360 -29.270 -29.240 -29.060 -28.740 -28.760 -29.010 -28.630 -28.480 -28.210 -27.830 -27.860 -27.560 -27.410 -27.130 -27.450 -27.140 -26.950 -27.300 -26.710 -26.510 -26.640 -26.240 -26.250 -26.190 -26.000 -25.870 -25.850 -26.050 -25.760 -25.500 -25.670 -25.250 -25.210 -24.870 -24.710
-32.170 -31.920 -32.220 -32.110 -31.610 -31.540 -31.580 -32.240 -32.450 -31.320 -32.450 -31.590 -31.250 -31.120 -31.120 -31.790 -31.350 -30.830 -30.820 -31.140 -31.010 -30.820 -30.540 -30.520 -29.960 -30.160 -30.060 -29.850 -29.930 -29.890 -29.680 -29.490 -29.600 -29.400 -29.380 -29.460 -29.050 -29.190 -29.030 -29.000 -28.580 -28.300 -28.250 -28.250 -27.710 -27.780 -27.850 -27.490 -27.300 -27.210 -27.050 -27.020 -27.090 -26.700 -26.500 -26.490 -26.100 -25.930 -26.320 -26.300 -26.270 -25.910 -25.830 -25.670 -25.530 -25.360 -25.190 -25.010
-32.770 -32.560 -32.330 -32.580 -32.340 -32.610 -32.440 -32.760 -32.210 -32.200 -31.680 -31.850 -31.550 -31.970 -31.950 -31.870 -31.740 -31.770 -31.450 -31.100 -30.870 -30.890 -30.930 -30.410 -30.190 -30.450 -30.730 -30.450 -30.290 -29.960 -30.380 -29.870 -29.820 -29.680 -29.460 -29.320 -29.340 -29.740 -29.520 -29.510 -29.010 -28.960 -28.440 -28.420 -28.210 -28.370 -28.350 -27.850 -27.600 -27.580 -27.490 -27.410 -27.330 -27.240 -27.070 -27.140 -26.530 -26.750 -26.520 -26.590 -26.220 -26.240 -26.140 -25.940 -25.760 -25.590 -25.430 -25.340
-33.000 -33.140 -32.590 -33.300 -33.030 -32.980 -32.590 -33.060 -32.890 -32.660 -32.840 -32.040 -32.660 -32.070 -32.100 -31.710 -31.750 -31.740 -31.710 -31.550 -31.430 -31.550 -31.410 -31.110 -30.500 -30.630 -30.460 -30.230 -30.670 -30.060 -30.400 -30.490 -30.270 -30.140 -30.020 -29.700 -29.780 -29.250 -29.740 -29.350 -29.260 -28.930 -29.040 -29.000 -28.530 -28.460 -28.730 -28.200 -28.030 -27.950 -27.970 -27.530 -27.820 -27.430 -27.460 -27.180 -27.070 -26.870 -26.920 -27.030 -26.500 -26.590 -26.690 -26.470 -26.110 -26.030 -25.690 -25.600
-33.460 -33.510 -33.530 -33.410 -33.280 -33.370 -33.550 -33.310 -33.050 -32.610 -32.630 -32.400 -32.250 -32.110 -32.280 -32.730 -32.200 -31.910 -31.900 -31.710 -31.780 -31.980 -31.270 -31.170 -31.020 -31.020 -30.810 -31.040 -30.610 -30.670 -30.330 -30.680 -30.620 -30.690 -30.630 -29.770 -29.790 -29.870 -29.640 -29.710 -29.650 -29.500 -29.200 -28.520 -28.790 -28.520 -28.380 -28.320 -28.510 -28.240 -28.220 -28.060 -28.260 -28.210 -27.610 -27.510 -27.190 -27.650 -27.160 -26.980 -26.960 -26.980 -26.680 -26.620 -26.430 -26.420 -26.050 -25.880
-34.000 -33.610 -33.510 -33.370 -33.740 -33.850 -33.780 -33.740 -33.660 -33.710 -33.480 -33.200 -32.790 -32.420 -32.570 -32.610 -32.960 -32.250 -32.450 -32.230 -31.830 -31.770 -31.600 -31.840 -31.270 -31.400 -31.000 -30.890 -31.210 -30.940 -30.810 -30.960 -30.640 -31.040 -30.700 -30.140 -30.250 -30.070 -29.600 -29.530 -29.500 -29.670 -29.230 -28.990 -29.410 -28.840 -28.790 -28.810 -28.700 -28.510 -28.540 -28.670 -28.650 -28.550 -28.360 -27.780 -27.760 -27.360 -27.510 -27.540 -27.380 -27.090 -27.100 -27.140 -26.790 -26.480 -26.510 -26.530
-34.690 -34.580 -34.440 -34.370 -34.230 -34.210 -34.310 -34.300 -34.150 -34.040 -34.030 -33.830 -33.410 -33.440 -32.890 -33.230 -33.150 -32.970 -32.950 -32.970 -31.950 -32.030 -32.590 -31.870 -31.710 -31.550 -31.470 -31.620 -31.350 -31.450 -31.230 -31.110 -30.760 -30.670 -30.380 -30.390 -30.590 -30.480 -30.130 -30.010 -29.850 -29.700 -29.900 -29.620 -29.640 -29.220 -29.160 -29.200 -28.870 -29.010 -29.100 -28.670 -28.880 -28.590 -28.380 -28.330 -27.780 -27.670 -27.910 -27.640 -27.610 -27.560 -27.470 -26.940 -26.910 -26.970 -26.660 -26.330
-35.310 -34.990 -35.060 -34.790 -34.540 -34.660 -34.570 -34.470 -34.410 -34.370 -34.390 -34.170 -34.330 -33.540 -33.510 -33.080 -33.050 -33.150 -33.690 -33.070 -33.200 -32.600 -32.700 -32.540 -32.700 -31.910 -31.510 -31.510 -31.330 -31.690 -31.690 -31.550 -31.460 -30.840 -30.530 -30.550 -30.740 -30.530 -30.320 -29.940 -29.970 -30.160 -30.050 -30.250 -29.730 -29.370 -29.440 -29.280 -28.920 -28.870 -29.130 -28.980 -28.770 -28.600 -28.700 -28.730 -28.210 -28.130 -27.980 -27.920 -27.810 -27.870 -27.580 -27.500 -27.310 -27.160 -27.110 -26.840
-35.540 -35.360 -35.380 -35.270 -34.900 -34.590 -34.570 -34.300 -34.370 -34.730 -34.590 -34.350 -34.290 -34.420 -34.050 -33.990 -33.950 -33.630 -33.460 -33.290 -33.370 -32.880 -32.920 -33.200 -32.950 -32.700 -32.100 -31.920 -31.810 -31.880 -31.870 -31.870 -31.080 -31.090 -31.260 -31.010 -31.220 -30.730 -30.690 -30.180 -30.440 -29.700 -29.840 -29.820 -29.900 -29.800 -29.740 -29.330 -29.360 -29.290 -29.110 -28.870 -28.940 -28.720 -28.620 -28.540 -28.340 -28.440 -28.500 -28.450 -28.240 -28.530 -27.840 -27.540 -27.510 -27.680 -27.240 -27.530
-35.400 -35.810 -35.650 -35.730 -35.410 -35.730 -35.450 -35.060 -35.000 -34.960 -34.390 -34.510 -34.590 -34.520 -34.300 -34.330 -34.270 -34.120 -33.900 -33.580 -33.820 -33.350 -33.510 -33.490 -32.970 -32.740 -32.460 -32.240 -32.070 -32.200 -32.220 -31.610 -31.940 -31.630 -31.390 -31.640 -30.710 -30.350 -31.030 -30.790 -30.330 -30.080 -29.960 -30.150 -30.030 -29.960 -29.980 -29.650 -29.650 -29.520 -29.390 -29.130 -29.350 -29.300 -29.110 -28.590 -28.610 -28.270 -28.420 -28.250 -28.060 -28.160 -27.880 -27.890 -27.750 -27.970 -27.560 -27.080
-36.210 -36.330 -35.870 -35.790 -35.780 -35.840 -35.740 -35.470 -35.360 -35.190 -35.110 -34.840 -35.010 -34.960 -34.760 -34.500 -34.570 -34.170 -34.290 -33.540 -33.970 -33.460 -33.260 -33.390 -33.020 -33.410 -33.210 -32.310 -32.040 -32.030 -32.280 -31.900 -32.030 -31.990 -31.790 -31.560 -31.210 -30.920 -30.660 -30.370 -30.530 -30.810 -30.230 -30.690 -30.390 -30.510 -30.140 -29.670 -29.870 -29.480 -29.330 -29.570 -29.650 -29.430 -29.180 -28.800 -28.880 -29.050 -28.450 -28.460 -28.450 -28.270 -28.240 -27.870 -27.760 -27.770 -27.450 -27.410
-36.650 -36.890 -36.640 -36.270 -36.070 -36.590 -35.950 -35.860 -35.780 -35.670 -35.470 -34.890 -34.810 -34.910 -34.630 -34.850 -34.740 -34.490 -34.480 -34.410 -34.210 -33.620 -33.680 -33.170 -33.440 -33.030 -32.710 -32.790 -32.650 -32.510 -32.460 -32.280 -32.350 -32.390 -31.790 -31.870 -31.830 -31.480 -31.050 -30.910 -30.690 -31.290 -31.160 -30.480 -30.520 -30.820 -30.990 -30.180 -29.950 -29.600 -29.820 -29.550 -29.790 -29.980 -29.580 -29.560 -29.020 -28.670 -28.930 -28.470 -28.320 -28.440 -28.220 -28.330 -28.050 -27.890 -28.120 -28.000
