0925_6225/LITTO3D_FRA_0928_6223_20150529_LAMB93_RGF93_IGN69/MNT5m/LITTO3D_FRA_0928_6223_MNT5_20150529_LAMB93_RGF93_IGN69.asc
ncols 200
nrows 200
xllcenter 928000.000
yllcenter 6222005.000
cellsize 5.0000
nodata_value -99999
[rows 30 to 59 of 200, columns 0 to 67 of 200]
-4.630 -4.320 -4.070 -4.290 -3.780 -3.840 -3.290 -3.150 -2.680 -0.890 -0.620 -2.680 -0.070 -1.730 -0.860 0.250 0.690 0.950 0.790 0.260 -0.700 -0.950 -1.100 -0.720 -0.600 -0.240 0.800 3.920 3.600 0.550 0.050 0.510 1.400 4.530 12.170 13.070 11.830 12.780 7.030 6.600 6.410 5.810 8.230 8.770 9.430 9.880 5.260 0.050 -0.040 0.000 -0.040 0.140 0.450 4.710 7.610 5.570 1.040 2.860 0.110 -0.020 -0.500 -0.960 -0.780 -1.230 -1.440 -1.420 -1.510 -1.670
-4.930 -4.490 -4.340 -4.240 -3.980 -4.080 -3.540 -3.380 -3.140 -2.580 -2.940 -2.600 -2.620 -2.010 -1.460 -0.490 -0.400 -0.120 -0.250 -0.120 -0.990 -1.220 -1.240 -1.290 -0.740 -0.770 -0.160 5.450 8.640 0.980 -0.280 0.230 1.530 5.590 5.610 6.140 10.560 10.270 1.440 1.270 1.820 4.440 7.320 9.270 10.270 6.930 -0.660 -0.930 -0.840 -0.990 -0.930 -0.170 0.370 1.660 1.060 1.000 1.920 0.330 -0.060 -0.160 -0.990 -1.280 -1.420 -1.550 -1.430 -1.670 -1.920 -1.870
-4.760 -4.730 -4.340 -4.250 -3.920 -3.960 -3.570 -3.400 -3.350 -3.260 -3.210 -2.790 -2.540 -2.040 -2.200 -1.090 -1.000 -0.690 -0.920 -1.040 -1.130 -1.390 -1.310 -1.300 -1.190 -1.180 -0.450 -0.400 -0.600 -0.080 -0.890 -0.680 0.850 -0.210 0.420 0.690 6.830 7.540 0.630 0.300 0.100 4.900 7.720 6.290 3.590 0.590 -1.180 -1.340 -1.380 -0.990 -1.050 -0.800 0.380 -0.480 0.180 0.520 0.160 -0.070 -0.470 -1.800 -1.460 -1.600 -1.520 -1.750 -1.740 -2.030 -1.950 -1.710
-4.680 -4.620 -4.330 -4.770 -4.530 -4.110 -3.800 -3.520 -3.390 -3.210 -3.230 -2.940 -2.280 -2.020 -2.150 -2.490 -1.840 -1.630 -1.730 -1.380 -1.500 -1.610 -1.480 -1.380 -1.590 -1.670 -0.680 -0.840 -1.350 -1.080 -1.290 -0.930 0.360 -0.580 -0.640 -0.300 0.700 0.800 0.200 -0.370 -0.520 -0.590 2.770 0.160 0.370 -0.320 -1.610 -1.320 -1.460 -1.350 -1.260 -1.340 -1.190 -1.220 0.010 0.300 -0.350 -1.280 -1.520 -0.030 -2.000 -2.010 -1.850 -1.970 -2.110 -2.330 -2.300 -2.580
-4.700 -4.580 -4.610 -4.550 -4.620 -4.550 -3.940 -3.560 -3.400 -3.150 -3.100 -2.790 -1.800 -1.860 -2.070 -2.220 -2.500 -2.290 -2.220 -1.890 -2.060 -1.730 -1.800 -1.700 -1.790 -1.920 -1.920 -1.860 -1.380 -1.710 -1.250 -1.200 -0.530 -0.760 -0.940 0.180 1.520 1.560 -0.640 -0.800 -0.850 -0.720 -0.210 -0.670 -1.220 -1.210 -1.120 -1.780 -1.580 -1.890 -1.850 -1.700 -1.580 -0.530 -0.500 -0.330 -0.560 -2.170 0.020 0.570 -0.590 -2.150 -2.430 -2.040 -2.270 -2.570 -2.500 -2.860
-4.990 -4.660 -4.600 -4.500 -4.550 -4.310 -4.240 -3.810 -3.520 -3.150 -2.930 -1.930 -1.380 -1.340 -1.390 -2.230 -2.540 -2.470 -2.110 -1.650 -1.330 -1.680 -2.290 -1.990 -2.050 -1.990 -2.340 -2.380 -2.330 -2.030 -1.860 -1.660 -1.420 -1.520 -1.340 -1.060 1.330 0.690 -0.680 -0.760 -1.030 -1.130 -1.160 -1.500 -0.470 -1.440 -1.710 -1.720 -2.070 -2.260 -1.910 -2.040 -1.580 -1.420 -1.460 -2.530 -1.980 -2.320 -0.160 0.140 -2.240 -1.750 -2.720 -2.940 -2.310 -2.690 -3.080 -3.130
-4.930 -4.870 -4.510 -4.440 -4.360 -4.240 -4.040 -3.430 -3.120 -2.950 -2.740 -1.620 -1.010 -1.050 -0.900 -1.950 -2.580 -2.540 -2.470 -2.500 -2.900 -2.210 -1.990 -1.960 -2.090 -2.290 -2.820 -2.630 -2.540 -2.440 -2.500 -2.470 -1.890 -1.580 -1.900 -1.920 -1.780 -1.570 -1.290 -1.130 -1.070 -1.210 -1.640 -2.480 -1.790 -2.010 -2.180 -2.640 -2.450 -2.260 -2.130 -2.530 -2.170 -2.380 -2.660 -0.440 -3.490 -2.010 -2.920 -0.790 -2.260 -2.600 -3.300 -2.680 -3.150 -3.090 -3.340 -3.200
-5.120 -4.650 -4.520 -4.150 -4.210 -4.230 -3.920 -3.930 -3.220 -2.660 -1.830 -1.370 -1.040 -0.980 -1.140 -1.120 -1.600 -1.960 -2.540 -1.850 -2.990 -2.950 -3.150 -2.330 -2.440 -2.170 -1.980 -3.110 -2.390 -3.290 -3.420 -3.290 -2.460 -1.730 -2.020 -2.800 -2.490 -2.000 -1.600 -1.580 -1.120 -0.590 -2.080 -2.130 -2.050 -1.910 -1.790 -2.480 -2.710 -2.350 -2.360 -2.850 -2.640 -2.950 -0.730 0.390 0.230 -3.590 -3.130 -2.530 -2.710 -3.010 -0.480 -3.040 -2.710 -3.080 -3.350 -3.570
-5.210 -4.630 -3.990 -4.380 -4.040 -3.820 -3.800 -3.890 -3.060 -3.260 -1.830 -1.320 -0.890 -0.680 -1.010 -1.200 -1.450 -2.320 -1.950 -2.830 -2.980 -3.120 -3.240 -2.370 -1.530 -2.030 -2.720 -3.270 -1.270 -2.420 -2.720 -3.400 -3.040 -1.830 -2.560 -3.100 -3.300 -2.220 -1.810 -1.460 -0.680 1.060 2.830 -2.260 -1.440 -2.080 -2.180 -2.920 -3.160 -2.950 -3.060 -2.660 -3.160 -2.880 0.490 0.400 0.300 -2.270 -3.440 -2.890 -3.180 -3.020 0.080 -3.460 -3.860 -3.790 -4.070 -3.300
-5.110 -4.410 -3.930 -3.910 -3.960 -3.890 -2.420 -1.020 -1.070 -0.790 -1.750 -0.560 -0.740 -1.530 -1.620 -1.570 -1.480 -1.300 -1.780 -2.060 -3.290 -1.230 -1.100 -1.130 -0.300 -1.490 -2.440 -3.660 -3.710 -0.920 0.340 0.160 -0.900 -1.200 -0.260 -2.630 -3.690 -3.260 -2.590 0.170 0.780 0.880 0.010 -2.660 -2.340 -2.130 -2.580 -3.380 -3.370 -2.880 -2.880 -2.770 -3.330 0.480 0.120 0.190 -3.780 -3.480 -3.910 -3.580 -3.600 -3.660 -2.110 -0.440 -2.660 -4.200 -4.160 -3.870
-5.560 -4.690 -4.140 -3.540 -2.860 -1.920 -1.970 -0.120 0.080 0.250 -1.180 -0.500 -0.790 -1.280 -0.500 -2.030 -1.750 -2.830 -3.480 -3.440 -2.590 -0.270 0.380 -0.930 -4.350 -1.790 -3.190 -2.080 -3.910 0.690 2.090 1.630 1.410 1.920 0.340 -0.480 -0.760 -3.650 -2.610 -0.660 -0.100 -0.060 0.510 -2.560 -2.580 -2.690 -2.850 -2.930 -3.330 -3.610 -3.400 -3.430 -3.230 -0.480 -0.040 -1.820 -3.870 -3.730 -3.900 -3.920 -3.930 -3.800 -0.950 -2.040 -4.070 -4.510 -4.410 -4.210
-5.600 -4.910 -4.450 -4.340 -4.130 -2.670 -3.000 -3.030 -2.200 -1.250 -0.280 -0.430 -1.090 -1.780 -1.810 -2.480 -1.780 -2.720 -2.710 -4.150 -4.350 -4.290 -5.750 -5.140 -5.150 -4.340 -4.030 -2.940 -4.390 0.560 2.200 1.840 1.760 1.280 -1.460 -3.540 -3.140 -3.110 -2.770 -1.540 0.760 -2.660 -2.000 -1.940 -2.820 -2.650 -2.980 -3.070 -3.060 -4.040 -3.570 -3.680 -3.540 -3.480 -2.950 -2.520 -3.290 -3.940 -4.220 -4.680 -3.620 -1.760 0.070 -4.830 -4.980 -4.040 -4.700 -4.720
-5.620 -5.340 -4.610 -4.710 -4.710 -4.760 -4.360 -2.980 -0.860 -1.690 -0.210 -0.190 -0.520 -1.980 -2.280 -2.780 -0.470 0.280 1.000 -4.580 -4.060 -2.000 -3.790 -2.730 -3.100 -4.860 -4.930 -4.950 -4.600 -2.420 -0.500 0.640 -2.930 -3.620 -1.860 -1.720 -3.520 -2.670 -2.060 -1.760 -2.340 -1.220 -2.410 -2.360 -2.500 -3.190 -3.590 -3.710 -3.970 -4.000 -4.520 -4.290 -3.720 -3.530 -3.230 -3.170 -2.630 -4.490 -4.580 -4.780 -4.740 -1.910 -0.370 -4.970 -5.260 -4.790 -4.820 -4.380
-6.320 -5.900 -5.650 -5.320 -5.700 -4.590 -3.500 -0.460 0.350 0.360 0.400 2.450 0.850 0.450 -1.550 -0.260 -3.110 -0.410 -1.270 -3.780 -4.480 -4.710 0.040 -4.080 0.240 -1.500 -5.120 -5.100 -4.550 -3.470 -3.640 -4.500 -3.980 -3.750 -3.800 -3.720 -3.560 -3.190 -1.600 -2.150 -2.250 -3.100 -2.180 -1.960 -2.820 -2.830 -3.620 -4.390 -4.140 -4.590 -4.560 -4.390 -4.440 -3.720 -4.100 -2.000 -3.530 -4.660 -5.020 -5.130 -4.960 -4.890 -5.310 -5.520 -4.690 -5.110 -5.200 -5.250
-6.400 -5.780 -5.700 -5.310 -5.640 -5.510 -0.640 0.190 1.530 2.210 3.840 0.830 1.100 0.430 -0.900 -0.320 -3.170 -3.440 -1.850 -4.450 -4.640 -4.840 0.180 -4.830 -4.890 -4.250 -5.470 -5.070 -4.730 -4.470 -4.950 -4.970 -4.600 -4.120 -3.730 -3.530 -3.390 -2.950 -2.170 -1.610 -1.680 -3.230 -2.590 -2.370 -3.170 -3.740 -4.230 -2.200 -2.920 -4.460 -4.940 -4.930 -4.130 -4.850 -3.530 -4.810 -4.330 -5.310 -4.940 -4.710 -5.450 -3.280 -1.640 -5.120 -5.450 -4.940 -5.330 -5.670
-6.890 -4.490 -3.820 -2.840 -2.950 -3.750 -0.970 0.010 2.840 5.980 4.080 0.250 0.160 -1.260 -2.520 0.150 0.040 -5.890 -4.800 -5.070 -5.100 -5.290 -2.370 -4.490 -5.490 -4.570 -5.620 -5.560 -5.470 -5.310 -5.270 -5.180 -5.090 -4.990 -4.580 -4.070 -3.610 0.100 0.120 -1.100 -1.770 -1.320 -2.340 -3.260 -3.370 -3.900 -4.340 -4.480 -4.820 -5.070 -5.240 -5.240 -4.750 -4.900 -5.550 -5.560 -5.700 -4.640 -5.170 -5.830 -5.520 -5.650 -5.110 -5.940 -5.770 -5.620 -5.610 -5.480
-7.290 -4.380 -3.880 -2.790 -1.600 -2.620 -2.500 -1.710 4.630 4.780 3.090 0.360 -0.390 -2.410 -2.990 0.120 -2.790 -6.980 -6.880 -5.840 -5.470 -5.330 -5.390 -5.580 -5.920 -6.260 -6.050 -5.790 -5.930 -5.890 -5.280 -5.340 -5.340 -5.030 -5.100 -5.040 -5.020 -5.720 -4.840 -2.050 -2.290 -2.260 -3.050 -3.050 -3.650 -4.300 -4.340 -4.390 -4.790 -4.580 -5.500 -5.650 -5.760 -5.700 -6.570 -6.380 -5.820 -6.240 -6.280 -6.030 -5.910 -6.110 -6.100 -6.160 -6.340 -5.900 -5.810 -5.760
-7.560 -6.780 -4.970 -3.560 -3.870 -1.710 -2.000 -3.820 0.200 -0.080 1.050 0.770 -3.090 -2.780 -3.260 -1.020 -3.230 -7.050 -5.730 -5.990 -5.920 -5.740 -5.410 -3.900 -6.730 -6.790 -6.050 -6.640 -6.470 -6.170 -5.750 -5.250 -5.700 -5.670 -5.260 -5.350 -5.650 -4.800 -3.970 -2.700 -2.670 -2.910 -4.160 -5.270 -4.610 -4.700 -4.520 -4.860 -5.260 -4.620 -5.760 -6.190 -6.390 -6.180 -5.750 -6.530 -5.960 -6.400 -6.620 -6.510 -6.410 -6.530 -6.430 -6.280 -6.370 -6.520 -6.270 -6.270
-6.450 -5.280 -3.690 -2.670 -2.440 -1.500 -0.640 -3.120 -2.700 -0.620 1.200 -1.100 -3.100 -3.460 -4.090 -2.800 -3.770 -3.290 -6.510 -6.310 -6.310 -6.400 -6.350 -6.440 -6.760 -6.970 -6.440 -6.810 -6.800 -6.450 -6.250 -5.740 -5.560 -5.550 -1.840 -2.180 -1.590 -1.900 -2.960 -2.510 -2.900 -3.430 -3.730 -5.430 -5.160 -4.450 -4.850 -5.320 -5.550 -6.040 -6.330 -6.460 -6.640 -6.110 -2.150 -4.180 -7.090 -6.910 -7.150 -6.450 -6.710 -6.870 -6.880 -6.730 -6.660 -6.730 -6.580 -7.020
-5.240 -2.310 -2.890 -3.860 -1.430 0.150 0.270 -2.220 -4.360 -3.470 -0.010 -1.970 -3.200 -4.620 -5.050 -5.150 -2.450 -3.530 -6.410 -6.340 -6.600 -6.880 -6.870 -7.080 -7.020 -7.070 -6.370 -7.270 -6.690 -6.580 -6.410 -6.140 -5.700 -4.320 -0.570 0.110 0.030 -0.990 -1.840 -2.340 -1.470 -3.310 -4.540 -5.170 -5.360 -5.600 -5.660 -5.600 -5.980 -6.440 -6.790 -7.090 -7.070 -5.580 -3.980 -4.920 -7.320 -7.580 -7.490 -7.300 -7.450 -7.300 -7.170 -7.050 -7.210 -7.180 -7.100 -7.020
-5.350 -3.680 -2.680 -4.880 -2.670 -0.860 0.740 -0.380 -4.550 -4.060 -0.320 -2.650 -3.140 -4.200 -5.610 -4.330 -1.970 -2.910 -5.470 -6.790 -6.990 -7.000 -7.220 -7.250 -7.560 -7.520 -7.270 -7.380 -7.020 -6.770 -6.390 -6.230 -5.840 -2.090 0.370 1.400 0.400 -0.980 -4.090 -3.600 -2.850 -2.350 -0.730 -0.670 -1.580 -5.920 -6.190 -6.080 -6.380 -6.870 -7.190 -7.580 -7.630 -3.770 -7.690 -7.620 -8.020 -7.780 -7.690 -7.760 -7.680 -7.680 -7.720 -7.610 -7.420 -7.370 -7.670 -7.340
-6.970 -6.240 -4.050 -6.270 -3.520 -1.640 -0.380 0.070 -2.530 -4.170 -5.280 -3.850 -4.140 -4.620 -6.370 -6.270 -5.960 -5.510 -7.260 -7.170 -7.570 -7.550 -7.620 -7.650 -7.770 -7.620 -7.600 -7.510 -7.150 -6.930 -6.910 -4.130 -6.130 -1.970 0.750 -0.040 -2.450 -4.510 -5.190 -4.460 -3.190 -1.230 0.220 0.410 0.190 -2.220 -6.810 -6.790 -6.890 -7.370 -7.590 -7.910 -8.080 -7.970 -8.370 -8.070 -8.130 -8.090 -8.050 -8.260 -8.490 -7.810 -7.870 -7.910 -8.030 -7.830 -7.960 -5.810
-7.780 -7.410 -5.470 -6.360 -4.760 -3.180 -3.830 -2.290 -0.750 -2.630 -4.520 -4.310 -6.110 -6.580 -6.150 -6.560 -6.800 -7.180 -7.500 -7.930 -8.240 -8.210 -7.940 -8.140 -7.930 -8.250 -7.730 -7.560 -7.520 -6.910 -6.960 -6.240 -3.970 -3.320 -6.020 -6.490 -6.170 -5.910 -5.620 -4.280 -1.980 -1.820 0.280 0.120 -0.250 -2.460 -5.900 -6.940 -7.260 -7.690 -8.160 -8.330 -8.490 -8.630 -8.660 -8.400 -8.050 -8.600 -8.490 -8.810 -8.910 -8.460 -8.340 -8.690 -8.630 -8.320 -8.680 -8.800
-8.390 -6.300 -5.530 -7.130 -5.140 -1.160 -2.750 -2.850 -0.140 -0.630 -4.450 -4.040 -6.580 -7.120 -7.060 -6.570 -7.290 -8.020 -8.570 -8.740 -8.760 -8.750 -8.390 -8.520 -8.280 -8.190 -8.090 -8.050 -7.730 -7.530 -6.620 -6.980 -3.160 -6.610 -7.190 -7.220 -6.490 -3.110 -3.920 -3.390 -1.650 -0.020 1.030 -0.030 -4.020 -5.030 -4.840 -7.310 -7.560 -7.860 -8.620 -7.550 -6.490 -8.780 -9.240 -9.020 -8.730 -8.840 -8.960 -9.290 -9.320 -9.510 -9.190 -9.300 -9.590 -9.510 -9.500 -9.420
-6.660 -6.000 -5.320 -7.780 -3.740 -2.720 -2.490 -0.290 0.250 -2.890 -5.840 -6.220 -7.520 -7.790 -7.920 -8.010 -8.240 -8.490 -9.180 -9.390 -9.330 -9.370 -9.120 -9.000 -8.820 -8.590 -8.260 -8.340 -8.000 -7.740 -7.130 -7.280 -7.630 -7.530 -8.440 -5.700 -2.450 -1.150 -1.080 -0.760 -0.180 1.860 1.010 -2.550 -8.500 -4.900 -4.930 -7.660 -8.380 -8.600 -8.850 -8.920 -5.100 -6.760 -9.680 -9.620 -9.370 -9.290 -9.630 -9.570 -9.810 -9.990 -9.870 -9.920 -9.900 -9.930 -10.050 -9.480
-5.730 -6.130 -7.800 -8.160 -5.520 -5.170 -2.740 1.370 0.150 -2.520 -3.710 -8.410 -9.550 -8.600 -8.760 -8.910 -9.130 -9.450 -9.930 -9.620 -9.380 -9.310 -9.390 -9.330 -9.430 -9.150 -8.800 -8.660 -8.210 -7.470 -7.020 -7.750 -8.130 -8.450 -8.640 -3.870 -0.970 0.030 0.320 0.490 2.660 2.340 -1.150 -4.250 -7.270 -7.600 -7.490 -8.400 -8.790 -9.480 -4.060 -9.280 -9.070 -5.200 -6.520 -9.920 -9.810 -9.880 -10.400 -10.090 -10.140 -10.550 -10.050 -10.410 -10.580 -10.350 -9.640 -9.520
-7.000 -4.760 -8.720 -8.840 -8.220 -2.810 -2.520 -0.100 -0.170 -1.080 -5.120 -9.730 -8.950 -9.070 -10.430 -8.630 -10.860 -10.120 -10.720 -10.010 -9.980 -9.930 -9.690 -9.910 -9.660 -9.470 -9.360 -9.040 -8.800 -8.920 -8.660 -8.660 -8.730 -8.590 -5.400 -5.100 0.440 0.760 1.200 3.250 4.510 1.140 -0.580 -2.590 -7.810 -7.420 -8.360 -9.290 -9.340 -10.080 -3.000 -4.770 -7.080 -9.310 -7.060 -10.100 -10.340 -10.060 -10.170 -10.500 -10.700 -10.710 -10.320 -10.840 -11.040 -10.660 -10.280 -10.830
-8.550 -5.720 -8.820 -8.370 -8.160 -4.770 -3.870 -3.350 -1.400 -6.240 -9.160 -9.810 -10.500 -10.980 -11.040 -8.690 -10.460 -11.510 -11.240 -10.750 -10.540 -10.450 -10.210 -10.370 -10.120 -9.980 -9.950 -9.510 -9.270 -9.650 -9.400 -8.650 -7.430 -3.180 -2.870 -1.640 0.090 3.170 4.680 7.260 6.280 0.740 0.120 -2.350 -9.770 -7.010 -9.610 -9.830 -9.370 -10.830 -5.590 -5.310 -4.930 -6.120 -10.170 -10.810 -10.870 -10.680 -10.600 -10.810 -10.860 -11.350 -10.790 -11.070 -11.080 -11.090 -10.830 -11.190
-7.010 -8.450 -9.370 -9.720 -7.920 -6.830 -6.970 -6.160 -6.150 -7.190 -10.000 -10.870 -11.220 -11.760 -12.100 -12.270 -12.300 -11.940 -11.780 -11.330 -10.710 -10.720 -10.550 -10.540 -10.720 -10.470 -10.180 -10.140 -10.030 -10.210 -8.550 -4.920 -3.780 -2.510 -2.190 -0.190 1.420 3.890 6.990 10.160 1.590 0.900 0.180 -1.240 -8.460 -9.870 -10.540 -10.630 -11.060 -8.460 -6.440 -6.910 -7.920 -8.250 -10.990 -11.130 -10.980 -10.690 -10.720 -11.120 -11.260 -11.380 -11.550 -11.710 -11.360 -11.370 -11.510 -11.510
-6.270 -9.170 -9.740 -9.760 -9.760 -7.930 -8.920 -7.310 -4.620 -5.810 -10.340 -11.410 -11.860 -12.750 -12.640 -12.840 -12.840 -12.600 -12.460 -12.110 -11.340 -11.230 -10.840 -11.290 -10.820 -11.230 -10.980 -10.810 -10.780 -9.510 -6.110 -4.980 -2.990 -2.210 -1.320 0.320 3.630 3.600 8.160 3.100 1.470 0.590 0.150 -7.370 -10.820 -11.310 -11.180 -11.440 -11.250 -11.290 -10.960 -10.980 -10.640 -10.220 -11.170 -11.250 -10.990 -11.430 -11.580 -11.310 -11.590 -11.370 -12.070 -11.970 -11.970 -11.960 -11.720 -11.790
