0925_6225/LITTO3D_FRA_0928_6223_20150529_LAMB93_RGF93_IGN69/MNT5m/LITTO3D_FRA_0928_6223_MNT5_20150529_LAMB93_RGF93_IGN69.asc
ncols 200
nrows 200
xllcenter 928000.000
yllcenter 6222005.000
cellsize 5.0000
nodata_value -99999
[rows 30 to 59 of 200, columns 68 to 135 of 200]
-1.480 -1.370 -1.310 0.670 -1.110 -0.610 7.600 18.100 22.640 25.260 26.170 27.100 28.750 29.400 30.540 30.860 31.710 32.060 32.390 32.540 33.140 33.900 34.700 35.130 35.800 36.870 37.680 38.110 38.580 39.260 39.460 39.850 40.240 39.700 39.230 39.580 39.690 39.670 39.960 40.600 42.030 42.420 43.170 44.760 45.840 47.730 49.230 50.500 51.960 53.630 55.280 56.530 57.850 59.120 60.290 61.180 60.930 60.200 58.920 57.810 56.780 55.750 55.210 54.310 53.890 53.280 53.260 53.800
-1.730 -1.630 -1.560 0.210 -1.390 0.610 10.050 16.850 21.120 23.200 24.710 25.470 26.700 28.030 29.240 30.390 30.760 31.160 31.640 32.300 32.790 33.910 35.010 35.230 35.690 37.110 37.670 38.520 39.010 39.720 40.450 41.030 41.000 40.780 39.200 40.830 41.360 41.590 41.740 42.280 42.630 43.040 43.670 44.670 46.300 47.870 49.100 50.420 51.530 53.040 55.040 56.630 57.750 59.230 60.880 61.730 61.490 60.970 59.420 58.800 57.100 56.280 55.520 54.940 54.130 53.400 53.310 53.070
-2.160 -1.990 -0.610 -0.730 -1.730 0.280 10.650 13.270 17.770 21.460 23.080 24.310 25.160 26.680 27.970 29.560 30.170 30.250 30.860 31.960 32.590 33.860 34.900 35.540 36.460 37.370 37.630 38.630 39.250 39.950 40.930 41.670 41.590 42.070 41.840 42.360 42.950 43.570 43.800 44.240 44.370 44.450 44.730 45.500 47.530 47.840 49.180 50.480 51.450 52.810 55.080 56.330 57.900 59.660 60.930 61.990 61.860 61.170 59.390 59.400 57.890 56.280 55.460 54.450 53.950 53.460 52.810 52.540
-2.490 -2.070 -0.550 -2.180 -1.740 -0.560 1.490 3.360 8.780 8.530 14.650 18.250 21.530 24.190 26.340 27.660 28.670 29.320 29.890 31.490 32.360 35.060 34.840 36.120 37.190 37.400 37.630 38.730 39.400 40.000 40.710 41.670 42.210 42.290 42.320 42.370 43.470 45.010 45.580 46.210 46.100 46.110 46.400 47.180 47.710 48.630 49.440 50.750 51.740 53.280 55.260 56.690 58.420 59.720 60.940 61.760 62.230 61.760 59.670 59.220 58.310 56.700 55.510 54.630 53.600 52.780 52.420 51.760
-2.770 -2.740 -2.560 -1.850 -0.800 -0.240 0.160 0.310 2.210 3.830 5.570 10.420 15.300 20.210 24.020 27.150 29.280 28.810 29.570 30.980 33.400 34.340 35.180 36.860 37.190 37.360 38.520 39.030 39.570 39.910 40.590 41.700 42.240 42.260 42.390 42.270 44.420 46.630 47.490 47.470 47.920 47.730 47.850 47.770 48.480 48.870 50.030 51.170 52.310 53.790 55.380 56.750 58.880 60.280 60.980 61.530 61.890 61.650 58.630 58.230 57.390 56.010 55.000 53.950 53.160 51.800 51.670 51.340
-3.060 -2.910 -2.430 -2.270 -2.350 -1.110 0.200 -0.020 0.100 0.800 9.560 15.360 17.160 21.370 24.110 26.920 28.060 28.470 29.560 30.850 33.090 34.170 35.260 36.370 36.940 36.630 38.140 38.730 39.280 39.370 40.020 41.980 42.190 42.610 42.880 44.380 45.920 47.230 48.000 48.530 49.700 49.910 49.510 49.130 49.920 49.830 50.740 51.650 52.590 53.850 55.670 57.180 59.110 60.540 61.170 61.840 62.210 61.370 58.070 57.160 56.360 55.360 54.270 53.210 52.240 51.460 51.390 50.770
-2.860 -3.080 -2.010 -2.890 -2.340 -2.210 -0.690 -1.650 -0.330 6.870 14.200 17.230 20.600 23.240 25.680 26.800 27.490 26.980 26.510 29.720 24.870 33.920 33.750 33.850 35.610 35.450 35.190 35.490 34.300 33.450 38.680 41.470 42.090 42.410 42.510 45.320 46.810 47.720 48.510 49.500 50.310 51.050 50.430 50.360 50.160 50.630 51.820 52.350 52.950 54.200 55.740 56.850 59.630 61.600 61.030 61.130 60.760 58.460 56.150 55.730 54.710 53.790 53.150 51.540 51.230 50.890 50.420 49.920
-3.280 -3.050 -3.050 -3.130 -2.840 -2.500 -1.330 -2.210 0.090 10.670 15.700 20.660 23.170 26.570 26.510 22.530 12.260 18.100 13.290 10.250 10.220 4.860 17.550 20.250 23.960 26.200 26.740 23.790 21.910 31.020 37.160 41.570 42.100 42.310 42.470 44.600 46.550 47.850 48.760 49.970 51.050 51.250 51.430 51.110 51.150 51.390 53.260 52.980 53.970 54.660 56.250 56.960 58.090 58.950 59.380 57.020 56.240 54.970 51.920 51.210 50.720 49.930 50.030 48.810 47.220 48.520 48.960 48.290
-3.080 -2.920 -3.210 -3.230 -2.550 -2.930 -3.090 -1.180 -0.080 5.390 19.130 21.420 17.640 23.720 20.310 5.490 8.320 6.180 1.620 1.270 0.270 7.710 10.620 12.410 16.770 16.900 18.170 17.170 19.350 28.660 38.000 41.190 42.040 42.210 42.380 44.650 46.360 47.620 48.770 50.320 50.990 51.710 51.990 51.680 51.530 51.880 53.260 53.200 54.280 55.230 55.530 56.190 57.200 57.550 53.120 51.130 50.510 50.320 47.630 46.630 47.260 45.090 44.880 43.910 44.080 42.200 43.840 43.490
-3.950 -3.370 -3.290 -3.350 -3.330 -3.370 -0.160 0.630 1.510 1.740 19.510 15.910 11.520 8.860 2.370 2.630 1.250 0.090 1.000 0.180 -0.020 2.300 3.550 3.620 8.970 10.320 10.270 9.410 22.340 32.730 37.620 39.840 41.640 42.090 43.280 45.110 46.190 47.650 48.890 49.930 50.890 51.580 51.960 52.210 52.310 52.370 52.730 53.450 53.800 53.900 52.780 51.150 52.980 51.780 49.330 44.900 45.620 43.810 42.030 42.370 42.150 41.670 40.500 39.310 38.030 39.350 37.880 38.780
-4.340 -4.200 -3.790 -3.950 -4.030 -3.240 0.650 0.060 0.800 3.260 4.410 1.130 5.140 0.080 2.630 1.010 1.250 0.410 -0.250 -1.020 -1.270 -1.040 -1.130 0.470 1.630 2.660 2.570 12.300 25.750 33.160 35.750 36.370 38.040 42.260 42.990 42.000 44.360 47.720 49.100 49.200 50.510 51.250 51.550 51.990 52.340 52.920 52.740 53.060 52.140 48.820 44.360 45.490 48.370 47.540 41.230 37.620 37.010 36.910 36.610 37.340 37.490 36.020 35.790 33.960 34.540 35.000 32.680 33.060
-4.540 -4.310 -4.220 -4.430 -4.870 -4.740 0.030 0.180 0.060 2.010 3.580 1.180 0.990 -0.370 -0.070 -0.600 0.160 0.380 1.160 -2.060 -1.540 -0.650 0.500 0.300 0.320 0.620 1.500 6.370 16.950 14.670 23.580 26.850 25.920 35.470 33.750 37.880 40.460 43.930 47.460 48.940 49.570 50.080 50.590 51.590 51.740 51.830 51.430 48.000 45.980 40.000 39.950 42.400 44.770 42.390 31.940 30.230 31.020 31.420 32.270 32.790 33.030 31.120 28.170 28.310 28.640 29.060 27.670 27.850
-4.450 -4.830 -4.780 -5.010 -5.260 -1.110 0.660 0.070 -0.570 0.170 -0.020 -0.070 -0.340 -0.440 0.120 -0.620 -2.490 -1.500 -1.060 -2.190 -2.290 0.850 1.220 -0.830 -0.110 0.620 1.160 2.290 3.670 7.550 10.290 17.870 20.420 20.810 25.010 31.440 35.240 38.820 45.060 46.790 48.120 49.060 49.750 50.770 50.960 48.060 44.840 39.750 35.890 34.760 35.420 33.850 35.530 30.930 26.880 24.370 24.390 27.260 27.270 27.640 27.280 26.570 25.020 24.850 23.740 22.910 22.600 23.740
-5.210 -5.290 -4.250 -5.660 -1.060 -0.050 0.200 -0.220 1.580 0.100 0.100 0.340 -2.880 -2.850 -1.710 -1.250 -0.110 -2.870 -1.940 -2.520 -2.530 -2.470 -1.720 -1.840 -0.360 0.430 1.480 0.890 1.900 1.800 1.710 3.430 6.270 13.650 20.370 25.320 28.480 35.240 40.740 44.140 46.780 47.710 48.880 49.270 43.980 41.690 37.160 33.950 31.430 29.870 28.840 28.920 29.360 24.540 19.700 20.480 20.160 21.260 20.230 20.910 21.420 20.960 20.640 19.370 19.670 17.820 16.190 17.640
-5.620 -5.420 -5.230 -4.840 -2.820 0.880 0.010 -0.010 1.130 1.180 0.840 0.200 -3.650 -3.410 -3.380 0.010 -3.600 -3.800 -2.510 -2.260 -1.780 -2.830 -2.380 -2.010 0.350 -0.670 -0.090 -0.630 -0.150 0.030 -0.320 0.100 0.690 4.890 8.920 18.850 24.830 29.580 36.170 37.010 39.430 43.340 45.890 44.490 41.720 37.720 33.660 29.590 26.980 26.340 24.820 23.880 25.120 18.950 17.460 17.470 16.600 14.810 14.810 14.030 16.380 16.890 14.900 14.180 16.260 14.400 11.010 12.040
-5.630 -6.020 -5.410 -2.500 -1.940 0.450 0.070 -1.500 0.730 0.410 0.060 -0.440 -3.880 -3.770 0.340 -0.020 -4.210 -3.530 -4.610 -3.600 -3.310 -0.750 -1.730 -1.070 1.250 0.340 0.680 -1.800 -1.290 -0.600 -0.970 -0.560 -0.050 0.800 2.050 10.260 20.690 24.980 29.670 31.510 32.610 36.670 38.890 39.580 38.190 35.030 29.190 25.490 22.470 21.240 20.230 20.220 18.300 14.530 14.530 14.420 13.620 12.870 9.380 6.440 10.070 13.070 11.880 9.910 9.110 9.250 3.940 3.250
-6.440 -6.430 -3.850 -2.730 -1.650 0.090 -2.360 -6.200 -0.620 0.160 -1.090 -1.340 -4.350 -4.560 -1.160 -3.900 -4.090 -1.320 -3.940 -3.830 -2.780 -3.190 -2.050 -1.270 -2.760 -2.790 -2.480 -2.190 -1.880 -1.680 -1.090 -1.080 -0.760 0.120 0.800 3.500 11.230 18.600 20.670 24.400 27.440 30.480 33.950 33.070 32.960 30.480 23.260 18.320 18.430 15.520 16.330 16.660 10.760 7.860 8.850 13.060 7.830 7.180 5.810 1.900 1.050 1.320 2.500 3.500 3.680 1.720 2.580 1.080
-6.050 -6.570 -4.100 -2.850 -3.340 -5.890 -1.840 -6.550 -1.610 -3.120 -4.310 -4.800 -4.590 -4.660 -4.600 -4.470 -1.120 -1.390 -4.180 -3.920 -3.940 -3.240 -3.510 -3.590 -3.470 -1.310 -0.880 -2.210 -2.440 -1.080 -1.530 -1.060 -0.830 -0.100 0.360 2.370 7.750 14.710 16.860 20.710 25.480 28.190 30.890 28.680 28.270 23.940 16.440 13.140 13.120 11.280 4.900 3.990 3.110 3.810 3.210 5.450 5.450 2.340 3.070 2.250 1.090 0.160 1.430 0.810 0.800 0.860 1.940 0.910
-5.540 -7.480 -4.800 -3.110 -6.260 -5.180 -2.160 -6.000 -6.890 -2.310 -5.250 -3.870 -4.340 -5.030 -5.580 -2.610 -0.220 -4.410 -3.890 -4.080 -3.710 -4.130 -1.640 -4.200 -2.290 -2.530 -3.200 -2.690 -2.250 -2.070 -1.850 -1.620 -1.180 -0.690 -0.220 2.050 6.110 10.760 15.230 19.760 23.400 25.700 27.200 25.440 22.250 13.990 8.340 5.550 4.830 2.670 1.790 1.610 1.420 1.420 1.880 3.780 5.580 1.070 1.380 0.330 -0.230 -0.180 -0.070 0.060 0.250 1.060 -0.090 -0.290
-4.400 -7.730 -7.300 -4.460 -5.090 -4.620 -7.310 -7.620 -5.210 -2.670 -5.980 -5.890 -5.290 -4.840 -5.810 -1.690 -3.510 -3.760 -4.570 -4.630 -3.540 -3.870 -4.650 -4.340 -4.190 -1.310 -1.190 -2.970 -2.680 -2.240 -2.020 -1.870 -1.510 -1.110 0.010 1.810 5.420 10.280 15.190 19.320 22.360 23.120 22.720 20.310 16.870 9.070 3.030 2.100 1.300 1.100 0.740 0.440 0.850 1.380 0.900 0.980 0.040 1.110 0.310 0.050 -0.200 0.420 0.360 -0.760 -0.430 -0.090 -1.730 -1.070
-4.790 -8.380 -5.520 -5.420 -4.800 -5.210 -8.310 -5.380 -4.460 -7.130 -6.720 -6.490 -5.830 -2.350 -5.190 -5.400 -3.290 -5.190 -4.850 -3.850 -5.300 -4.910 -3.230 -4.770 -2.060 0.350 -3.400 -3.090 -2.750 -2.410 -2.370 -2.000 -1.700 -1.110 -0.160 1.360 3.650 7.590 13.820 16.500 18.990 22.140 19.930 14.960 10.980 6.410 1.760 1.140 0.870 1.190 -0.230 0.050 0.040 0.550 0.650 -0.150 1.410 -0.460 0.190 -1.250 -1.580 2.110 3.000 -1.780 -1.180 0.280 -1.980 -2.030
-5.120 -8.910 -5.390 -5.370 -5.220 -6.350 -8.590 -4.560 -7.890 -5.410 -6.020 -7.000 -6.710 -1.750 -6.800 -4.730 -5.050 -5.880 -5.470 -5.620 -5.580 -5.220 -5.350 -4.930 -2.690 0.090 -3.140 -3.000 -3.220 -2.870 -1.470 -2.230 -0.340 -0.630 -0.730 0.030 1.950 4.350 8.590 13.450 15.150 16.510 14.150 10.370 4.590 2.560 1.080 0.420 0.560 -0.070 -0.730 0.560 -1.140 -0.070 -0.050 -0.310 -0.650 -0.900 -1.110 -2.480 1.030 -0.370 -0.550 -1.940 -2.720 -1.130 -2.140 -2.040
-8.800 -9.410 -5.360 -4.620 -8.730 -7.960 -8.470 -6.440 -8.450 -3.870 -5.620 -7.150 -6.900 -5.100 -6.730 -7.010 -6.460 -6.180 -5.680 -5.880 -5.540 -5.200 -4.990 -3.900 -0.670 -3.860 -3.450 -3.200 -3.260 -2.900 -2.690 -2.140 -1.910 -0.040 -0.620 -0.760 0.200 0.520 1.700 10.100 11.660 10.190 10.540 6.330 3.460 1.280 0.310 -0.350 -0.240 -1.070 -1.130 -1.380 -0.820 -0.660 -0.530 -0.580 -2.780 -1.790 -1.590 -1.110 -1.930 -2.580 -2.400 -2.540 -0.330 -1.900 -2.410 -1.900
-9.300 -9.440 -8.890 -5.460 -9.460 -7.960 -8.720 -5.460 -5.090 -5.290 -7.780 -7.490 -7.190 -7.490 -7.990 -6.920 -6.420 -6.050 -6.240 -6.130 -5.860 -5.200 -5.000 -4.770 -4.320 -4.130 -3.790 -3.620 -3.440 -3.280 -2.800 -2.250 -1.630 -1.320 -1.300 -0.900 -0.220 0.650 3.040 6.910 8.930 4.910 9.390 2.770 0.870 0.300 -0.340 -0.160 -0.090 -1.090 -1.450 -1.790 -1.870 -0.490 0.350 -3.160 -3.030 -3.220 -2.790 -2.080 -2.080 -2.910 -2.750 -2.510 -2.660 -2.240 -2.910 -2.970
-9.860 -9.980 -9.170 -8.750 -9.870 -9.010 -8.870 -6.680 -7.670 -8.810 -8.000 -8.210 -8.380 -7.810 -8.050 -6.690 -6.910 -6.700 -6.760 -6.380 -5.970 -5.480 -5.150 -5.130 -4.720 -4.300 -3.860 -3.780 -3.610 -3.320 -2.690 -2.290 -1.440 -1.800 -0.380 3.980 4.390 3.590 7.930 3.670 1.250 2.720 1.680 3.540 -0.190 0.090 -0.210 -0.670 -0.790 -2.080 -2.670 -2.570 -0.510 -1.050 -0.110 -2.330 -3.150 -3.180 -3.280 -2.670 -3.180 -2.490 -2.200 -3.160 -2.700 -2.840 -3.290 -3.250
-10.740 -9.850 -9.360 -9.490 -10.030 -9.570 -9.550 -9.570 -9.750 -9.470 -9.010 -8.860 -8.740 -8.650 -8.210 -7.870 -7.290 -7.280 -6.730 -6.390 -6.030 -5.540 -5.340 -4.970 -4.950 -4.490 -4.250 -3.870 -3.800 -3.390 -2.750 -1.030 -0.290 2.310 7.240 8.750 9.650 9.160 11.300 0.870 0.520 0.860 1.620 1.010 0.460 0.230 -0.320 -1.560 -2.260 -2.600 -2.600 -3.640 -1.390 -0.680 -2.380 -3.390 -3.330 -3.720 -3.660 -3.530 -3.230 -3.050 -3.240 -2.800 -2.870 -2.850 -3.380 -3.500
-11.040 -10.240 -8.420 -10.410 -9.780 -9.850 -10.770 -9.200 -9.620 -9.970 -9.630 -9.490 -9.440 -9.220 -8.820 -8.210 -7.990 -7.640 -6.900 -6.760 -6.270 -5.820 -5.290 -5.240 -4.900 -4.520 -4.020 -3.730 -3.250 -1.760 -0.340 0.400 0.230 5.960 10.450 13.830 16.800 14.380 9.880 0.320 0.140 0.740 0.520 0.460 -0.210 -0.140 -0.020 -2.120 -3.400 -2.720 -0.290 -3.760 -3.740 -3.810 -3.610 -3.320 -3.490 -3.410 -3.360 -3.740 -2.570 -3.750 -3.540 -3.850 -3.690 -3.690 -3.370 -3.610
-8.310 -8.310 -7.360 -10.190 -10.050 -10.330 -10.530 -6.450 -10.100 -9.940 -9.930 -9.790 -9.770 -9.600 -9.080 -8.750 -8.310 -7.950 -7.470 -7.090 -6.540 -5.850 -5.640 -5.270 -5.190 -5.070 -4.070 -1.270 -2.680 -1.590 0.210 1.040 4.870 7.910 12.120 16.000 19.250 10.400 0.620 0.110 -0.330 0.430 0.400 0.410 0.580 -0.620 -2.420 -1.810 -3.660 -2.570 -0.760 -3.930 -3.610 -3.200 -3.450 -3.310 -3.800 -3.470 -3.720 -3.950 -4.000 -2.890 -4.180 -4.030 -4.180 -4.390 -4.370 -4.320
-9.370 -10.680 -10.890 -10.740 -10.640 -10.920 -8.240 -6.330 -9.990 -10.580 -10.390 -10.170 -10.090 -9.770 -9.500 -9.000 -8.680 -8.050 -7.820 -7.460 -7.020 -6.000 -5.850 -5.430 -6.010 -5.840 -4.900 -4.260 -1.270 -0.780 0.320 2.570 6.610 9.950 13.010 16.330 4.440 1.870 0.320 -0.250 -0.290 0.380 0.280 -0.550 -1.270 -0.580 -3.130 -3.330 -3.570 -4.090 -4.160 -3.470 -3.380 -3.740 -3.030 -4.260 -4.500 -4.680 -4.710 -4.630 -4.120 -4.040 -4.460 -4.560 -4.760 -4.120 -4.200 -4.420
-11.580 -10.340 -11.350 -11.210 -11.220 -11.760 -8.320 -7.080 -11.230 -10.700 -10.610 -10.860 -10.380 -10.130 -9.450 -9.510 -9.050 -8.900 -8.300 -7.710 -7.440 -6.080 -6.240 -6.640 -6.820 -6.010 -5.130 -4.440 -1.540 0.660 2.500 5.080 8.360 11.390 15.060 6.540 3.220 1.570 0.340 -0.460 -0.080 0.300 -0.100 -2.920 -3.910 -2.060 -3.390 -3.660 -3.700 -4.070 -4.530 -4.360 -4.270 -4.610 -4.420 -4.570 -4.970 -4.850 -4.940 -4.190 -4.320 -5.050 -4.580 -4.980 -4.080 -4.440 -4.670 -4.690
