0925_6225/LITTO3D_FRA_0928_6223_20150529_LAMB93_RGF93_IGN69/MNT5m/LITTO3D_FRA_0928_6223_MNT5_20150529_LAMB93_RGF93_IGN69.asc
ncols 200
nrows 200
xllcenter 928000.000
yllcenter 6222005.000
cellsize 5.0000
nodata_value -99999
[rows 150 to 179 of 200, columns 68 to 135 of 200]
-28.100 -27.770 -27.650 -27.570 -27.130 -27.200 -26.670 -26.330 -25.850 -25.690 -25.500 -25.010 -24.620 -24.510 -23.860 -23.360 -22.780 -22.050 -21.780 -21.530 -21.290 -21.090 -20.750 -20.540 -20.340 -20.720 -20.540 -20.470 -20.230 -19.720 -19.640 -19.560 -19.420 -19.510 -19.240 -19.120 -19.000 -19.120 -19.070 -19.060 -19.040 -19.020 -18.890 -18.800 -18.820 -18.790 -18.650 -18.720 -18.880 -18.850 -18.760 -18.740 -18.750 -18.610 -18.630 -18.660 -18.580 -18.480 -18.220 -18.240 -18.350 -18.380 -18.270 -18.160 -18.050 -17.770 -17.820 -17.740
-28.040 -27.820 -27.670 -27.470 -27.560 -27.160 -27.110 -26.710 -26.410 -26.120 -26.000 -25.790 -24.650 -24.520 -24.090 -23.930 -23.240 -22.560 -22.090 -21.700 -21.490 -21.500 -21.150 -20.770 -20.730 -20.600 -20.660 -20.440 -20.230 -19.980 -19.850 -19.690 -19.570 -19.480 -19.350 -19.120 -18.990 -19.220 -19.340 -19.140 -19.100 -19.070 -19.110 -18.740 -18.930 -18.840 -18.930 -18.890 -18.870 -18.890 -18.880 -18.900 -18.830 -18.760 -18.710 -18.640 -18.700 -18.600 -18.480 -18.430 -18.500 -18.370 -18.480 -18.320 -18.260 -17.900 -17.860 -17.920
-28.460 -28.370 -28.540 -27.870 -27.930 -27.510 -27.430 -27.040 -26.770 -26.390 -25.970 -25.420 -25.220 -24.700 -24.230 -23.810 -23.100 -22.770 -22.370 -22.210 -21.810 -21.570 -21.280 -21.280 -21.200 -20.630 -20.770 -20.420 -20.090 -20.000 -20.080 -19.900 -19.680 -19.600 -19.730 -19.630 -19.170 -19.230 -19.170 -19.200 -19.210 -19.130 -19.090 -18.980 -18.700 -19.040 -18.930 -19.040 -18.900 -18.870 -18.900 -18.910 -18.870 -18.820 -18.740 -18.730 -18.660 -18.650 -18.720 -18.650 -18.590 -18.630 -18.530 -18.400 -18.280 -18.150 -17.970 -18.000
-28.580 -28.530 -28.340 -28.280 -27.950 -27.890 -27.810 -27.480 -27.580 -27.320 -26.440 -26.110 -25.390 -25.170 -24.520 -23.870 -23.540 -23.220 -22.850 -22.620 -22.170 -22.010 -21.630 -21.340 -21.570 -21.580 -20.920 -20.750 -20.500 -20.280 -20.220 -20.250 -19.960 -19.860 -19.800 -19.710 -19.390 -19.330 -19.290 -19.080 -18.990 -19.100 -19.060 -19.140 -18.940 -18.890 -19.070 -19.110 -18.950 -18.970 -18.960 -18.860 -18.910 -18.830 -18.760 -18.720 -18.700 -18.830 -18.720 -18.680 -18.830 -18.670 -18.660 -18.540 -18.470 -18.310 -18.500 -18.320
-28.960 -28.540 -28.530 -28.480 -28.210 -28.020 -28.010 -27.450 -27.560 -27.510 -26.850 -26.380 -26.190 -25.450 -24.510 -24.130 -23.880 -23.640 -23.210 -22.990 -22.530 -22.250 -22.060 -21.960 -21.410 -21.340 -21.420 -21.300 -20.860 -20.780 -20.550 -20.510 -20.350 -20.470 -19.810 -19.780 -19.660 -19.520 -19.350 -19.020 -19.160 -19.320 -19.290 -18.970 -19.270 -18.980 -19.060 -19.130 -19.140 -19.160 -19.060 -19.030 -18.950 -18.880 -18.880 -18.820 -18.880 -18.750 -18.780 -18.850 -18.900 -18.800 -18.840 -18.720 -18.760 -18.640 -18.710 -18.730
-28.870 -28.720 -28.520 -28.460 -28.580 -28.260 -27.860 -27.960 -27.810 -27.520 -27.360 -26.910 -26.370 -25.790 -25.270 -24.610 -24.460 -23.980 -23.650 -23.420 -23.110 -22.790 -22.340 -22.020 -21.880 -21.850 -22.070 -21.890 -21.320 -21.210 -20.990 -20.870 -20.740 -20.480 -20.430 -20.070 -19.910 -19.800 -19.800 -19.710 -19.040 -19.470 -19.160 -19.300 -19.490 -19.380 -19.220 -19.160 -19.120 -19.080 -19.040 -19.170 -19.040 -18.980 -18.970 -19.020 -18.950 -18.930 -18.920 -18.880 -19.050 -18.920 -18.870 -18.780 -18.680 -18.720 -18.860 -18.770
-29.230 -29.420 -29.090 -28.680 -28.660 -28.280 -28.420 -28.090 -27.840 -27.710 -27.640 -27.220 -26.650 -25.810 -25.450 -25.190 -24.810 -24.360 -24.190 -23.880 -23.540 -23.150 -22.790 -22.710 -22.300 -22.050 -21.800 -21.750 -21.440 -21.380 -21.230 -21.130 -21.020 -20.850 -20.370 -20.310 -20.280 -20.140 -20.130 -19.770 -19.790 -19.730 -19.560 -19.360 -19.430 -19.560 -19.150 -19.280 -19.360 -19.270 -19.260 -19.140 -19.110 -19.100 -19.130 -19.040 -19.040 -19.110 -19.170 -19.020 -19.050 -19.070 -18.920 -19.070 -18.840 -18.830 -18.870 -18.740
-29.550 -28.990 -29.250 -29.050 -28.580 -28.690 -28.350 -28.630 -27.910 -27.600 -27.790 -27.140 -26.660 -26.040 -25.740 -25.450 -25.310 -24.830 -24.610 -24.470 -24.030 -23.760 -23.280 -23.080 -22.900 -22.470 -22.280 -22.240 -21.940 -21.880 -21.520 -21.510 -21.200 -21.230 -20.710 -20.150 -20.560 -20.470 -20.500 -20.130 -19.900 -19.600 -19.720 -19.660 -19.760 -19.690 -19.750 -19.640 -19.630 -19.490 -19.340 -19.290 -19.380 -19.200 -19.180 -19.200 -19.150 -19.190 -19.020 -19.190 -19.120 -19.100 -19.090 -19.060 -19.080 -19.030 -18.800 -18.800
-29.860 -29.500 -29.350 -29.060 -28.860 -28.780 -28.480 -28.490 -27.880 -27.970 -27.690 -27.630 -26.680 -26.160 -26.120 -25.580 -25.550 -25.280 -25.270 -24.760 -24.750 -24.230 -24.200 -23.520 -23.430 -23.060 -22.840 -22.540 -22.320 -22.140 -22.040 -21.720 -21.620 -21.350 -21.200 -20.910 -20.810 -20.660 -20.470 -20.490 -20.360 -20.120 -19.930 -19.700 -19.870 -19.900 -19.560 -19.700 -19.650 -19.620 -19.430 -19.380 -19.410 -19.400 -19.330 -19.440 -19.450 -19.450 -19.450 -19.550 -19.450 -19.440 -19.250 -19.200 -19.090 -19.010 -19.040 -18.710
-29.590 -29.780 -29.910 -29.710 -29.300 -29.250 -29.060 -28.510 -28.680 -28.480 -28.040 -28.210 -27.430 -26.590 -26.380 -26.440 -26.000 -25.880 -25.690 -25.290 -25.080 -25.060 -24.510 -24.060 -23.780 -23.590 -23.180 -23.090 -22.850 -22.700 -22.300 -22.070 -21.980 -21.660 -21.450 -21.470 -21.170 -20.870 -20.680 -20.590 -20.450 -20.550 -20.050 -19.970 -19.940 -20.040 -19.800 -19.600 -19.690 -19.620 -19.560 -19.440 -19.530 -19.440 -19.410 -19.580 -19.500 -19.570 -19.500 -19.510 -19.440 -19.370 -19.310 -19.360 -19.040 -19.010 -18.990 -18.920
-29.840 -29.860 -29.720 -29.850 -29.690 -29.350 -29.120 -28.800 -28.880 -28.790 -28.420 -28.660 -27.460 -27.200 -26.760 -26.800 -26.350 -25.950 -26.000 -25.890 -25.750 -25.670 -25.240 -24.620 -24.520 -24.180 -23.790 -23.600 -23.100 -22.920 -22.730 -22.620 -22.400 -22.150 -21.860 -21.600 -21.360 -21.200 -21.010 -20.760 -20.630 -20.710 -20.400 -20.090 -19.970 -20.110 -19.960 -19.630 -19.800 -19.800 -19.860 -19.620 -19.970 -19.930 -19.710 -19.750 -19.790 -19.630 -19.670 -19.540 -19.470 -19.500 -19.350 -19.300 -19.230 -18.900 -19.120 -18.930
-29.750 -30.110 -30.090 -29.800 -29.840 -29.820 -29.100 -29.010 -28.870 -28.590 -28.240 -27.940 -27.350 -27.180 -27.170 -27.040 -27.040 -26.890 -26.660 -26.550 -26.370 -25.880 -25.730 -25.400 -25.020 -24.700 -24.390 -24.150 -23.790 -23.590 -23.490 -23.020 -22.800 -22.570 -22.280 -21.980 -21.720 -21.530 -21.270 -21.040 -20.800 -20.710 -20.590 -20.570 -20.390 -20.180 -20.220 -20.050 -19.720 -20.060 -19.830 -20.090 -19.980 -20.040 -19.910 -19.830 -19.780 -19.760 -19.620 -19.630 -19.460 -19.380 -19.250 -19.270 -19.170 -19.160 -19.110 -19.080
-30.210 -30.280 -30.410 -30.220 -29.700 -29.350 -29.120 -29.190 -29.040 -28.740 -28.520 -28.570 -27.820 -27.860 -27.520 -27.740 -27.650 -27.160 -27.100 -27.020 -26.890 -26.660 -26.240 -26.050 -25.420 -25.160 -24.640 -24.640 -24.560 -24.180 -23.890 -23.650 -23.330 -23.100 -22.680 -22.350 -22.020 -21.770 -21.450 -21.260 -21.190 -20.870 -20.800 -20.750 -20.450 -20.350 -20.300 -20.250 -20.140 -20.160 -20.130 -20.220 -20.110 -19.940 -20.010 -19.890 -19.870 -19.810 -19.810 -19.750 -19.580 -19.430 -19.260 -19.210 -19.090 -19.170 -19.140 -18.980
-30.470 -30.480 -30.530 -30.230 -30.230 -30.100 -29.580 -29.680 -29.400 -28.580 -28.690 -28.720 -28.100 -28.200 -28.450 -28.370 -27.970 -27.610 -27.720 -27.430 -27.170 -26.810 -26.890 -26.250 -25.850 -25.800 -25.210 -25.080 -24.970 -24.780 -24.430 -24.030 -23.770 -23.260 -23.110 -22.690 -22.320 -21.990 -21.740 -21.480 -21.360 -21.160 -21.050 -20.760 -20.770 -20.790 -20.570 -20.360 -20.490 -20.320 -20.170 -20.210 -20.210 -20.140 -20.080 -20.020 -19.930 -19.870 -19.730 -19.680 -19.710 -19.550 -19.300 -19.150 -18.960 -18.870 -18.880 -18.950
-31.120 -30.670 -30.750 -30.440 -30.350 -30.540 -29.770 -29.840 -29.580 -29.170 -28.880 -28.680 -28.580 -28.450 -28.610 -28.370 -28.390 -28.300 -27.990 -27.710 -27.580 -27.370 -27.220 -26.860 -26.630 -26.420 -25.920 -25.510 -25.380 -25.110 -24.740 -24.550 -24.330 -24.000 -23.610 -23.150 -22.830 -22.430 -22.170 -21.920 -21.740 -21.570 -21.170 -21.010 -20.950 -21.110 -20.930 -20.900 -20.640 -20.400 -20.360 -20.450 -20.450 -20.390 -20.260 -20.140 -20.110 -19.970 -19.790 -19.780 -19.740 -19.650 -19.410 -19.400 -19.250 -19.020 -19.130 -19.010
-30.890 -31.070 -30.930 -30.770 -30.260 -30.520 -30.110 -30.080 -29.600 -29.410 -28.910 -28.830 -28.560 -28.550 -28.860 -28.730 -28.640 -28.450 -28.380 -28.020 -27.800 -27.780 -27.480 -27.440 -27.310 -26.760 -26.420 -26.260 -25.980 -25.760 -25.220 -25.120 -24.870 -24.350 -23.970 -23.670 -23.260 -23.000 -22.600 -22.430 -22.030 -21.670 -21.420 -21.340 -21.190 -21.110 -20.930 -20.930 -21.130 -20.790 -20.590 -20.380 -20.420 -20.470 -20.340 -20.230 -20.080 -20.090 -20.070 -19.720 -19.840 -19.790 -19.730 -19.610 -19.530 -19.250 -19.250 -19.270
-31.490 -30.830 -31.130 -30.960 -30.530 -30.380 -30.950 -30.020 -29.990 -29.550 -29.680 -29.370 -29.170 -29.420 -29.270 -29.060 -29.060 -28.940 -28.750 -28.450 -28.640 -28.170 -28.070 -27.780 -27.600 -27.020 -27.010 -26.490 -26.260 -26.040 -26.070 -25.510 -25.160 -24.980 -24.490 -24.110 -23.750 -23.430 -22.980 -22.750 -22.400 -22.040 -21.810 -21.740 -21.780 -21.420 -20.970 -21.290 -21.060 -20.780 -20.790 -20.750 -20.630 -20.620 -20.620 -20.490 -20.150 -20.020 -20.040 -19.960 -19.850 -19.920 -19.970 -19.700 -19.730 -19.860 -19.540 -19.380
-31.440 -31.300 -31.620 -31.350 -31.010 -30.930 -30.820 -30.390 -30.230 -29.970 -29.930 -29.860 -30.000 -29.650 -29.890 -29.730 -29.520 -29.260 -28.930 -28.830 -28.780 -28.450 -28.100 -27.940 -27.560 -27.710 -27.490 -27.420 -26.750 -26.740 -26.150 -25.920 -25.520 -25.070 -25.080 -24.540 -24.140 -23.820 -23.410 -22.910 -22.700 -22.410 -22.170 -21.790 -21.690 -21.950 -21.530 -21.130 -20.990 -20.970 -20.650 -21.070 -21.010 -20.800 -20.660 -20.610 -20.440 -20.630 -20.550 -20.250 -20.300 -20.150 -20.200 -19.890 -19.930 -19.590 -19.640 -19.730
-31.900 -31.970 -31.670 -31.630 -31.440 -31.320 -31.230 -31.030 -30.570 -30.390 -30.350 -30.330 -30.550 -30.340 -30.000 -29.710 -29.860 -29.430 -29.310 -29.290 -29.040 -28.580 -28.810 -28.430 -28.160 -27.750 -27.670 -27.790 -27.240 -27.200 -26.810 -26.430 -26.320 -25.680 -25.070 -25.070 -24.680 -24.020 -23.650 -23.510 -23.150 -22.740 -22.460 -22.380 -22.120 -21.780 -21.730 -21.490 -21.370 -21.310 -21.210 -21.070 -20.880 -21.090 -21.140 -20.860 -20.900 -20.840 -20.680 -20.490 -20.390 -20.530 -20.450 -20.180 -20.260 -20.090 -19.960 -20.000
-32.120 -32.210 -32.330 -31.800 -31.800 -31.580 -31.680 -31.020 -30.480 -30.470 -30.730 -30.520 -31.090 -30.770 -30.390 -30.620 -30.040 -29.590 -29.670 -29.630 -29.160 -29.340 -28.730 -28.370 -28.480 -28.150 -27.920 -27.750 -27.560 -27.190 -26.820 -25.600 -26.020 -25.810 -25.630 -25.430 -24.980 -24.790 -24.130 -23.820 -23.560 -23.120 -22.920 -22.690 -22.580 -22.380 -22.210 -21.900 -21.780 -21.610 -21.760 -21.740 -21.320 -21.250 -21.190 -21.050 -20.920 -20.920 -21.340 -21.070 -20.620 -20.690 -20.600 -20.570 -20.600 -20.680 -20.650 -20.610
-32.450 -32.450 -32.130 -31.850 -31.880 -31.880 -32.040 -31.220 -31.230 -31.230 -31.360 -31.070 -31.340 -30.890 -30.790 -30.640 -30.250 -30.060 -29.830 -29.780 -29.790 -29.290 -29.100 -28.860 -28.640 -28.760 -27.930 -27.930 -27.600 -27.530 -27.410 -27.140 -26.490 -26.270 -25.970 -25.610 -25.440 -25.030 -24.650 -24.260 -24.140 -23.910 -23.280 -23.130 -23.110 -22.740 -22.680 -22.400 -22.120 -22.220 -22.280 -21.970 -21.910 -21.610 -21.410 -21.470 -21.320 -21.340 -21.480 -21.330 -21.080 -21.060 -20.780 -21.100 -21.060 -21.210 -21.090 -21.170
-33.050 -33.250 -33.250 -32.970 -32.500 -32.460 -32.160 -31.510 -31.430 -31.700 -31.720 -31.680 -31.320 -30.890 -30.730 -30.740 -30.640 -30.200 -29.950 -29.460 -29.760 -29.190 -29.250 -28.750 -28.980 -28.450 -28.250 -27.900 -27.750 -28.080 -27.110 -26.990 -26.680 -26.300 -26.420 -26.010 -25.570 -25.310 -25.200 -24.790 -24.470 -24.340 -23.980 -23.770 -23.630 -23.460 -23.140 -22.860 -22.710 -22.670 -22.680 -22.450 -22.400 -22.160 -21.860 -21.680 -21.790 -21.620 -21.590 -21.540 -21.470 -21.570 -21.510 -21.330 -21.510 -21.440 -21.590 -21.450
-33.460 -33.440 -33.490 -33.270 -33.160 -32.930 -32.860 -31.960 -32.260 -31.450 -31.950 -31.910 -31.670 -31.080 -31.020 -30.630 -30.620 -30.340 -30.230 -29.860 -29.680 -29.710 -29.530 -29.140 -28.830 -28.470 -28.470 -28.090 -28.090 -27.800 -27.550 -27.200 -26.920 -26.920 -26.610 -26.210 -25.970 -25.600 -25.630 -25.320 -25.120 -24.950 -24.680 -24.440 -24.100 -24.130 -23.560 -23.470 -23.070 -22.990 -22.830 -22.750 -22.590 -22.450 -22.170 -21.920 -22.040 -21.960 -21.800 -21.910 -21.660 -21.360 -21.730 -21.780 -21.990 -22.020 -22.030 -21.980
-34.230 -34.380 -34.060 -33.880 -33.330 -33.410 -32.680 -32.500 -32.510 -31.750 -32.180 -32.490 -31.630 -31.520 -31.580 -31.160 -31.070 -30.890 -30.480 -30.060 -29.840 -29.790 -29.370 -29.440 -28.910 -28.830 -28.740 -28.450 -28.180 -28.190 -27.790 -27.390 -27.160 -26.910 -26.700 -26.300 -26.550 -26.300 -26.040 -25.990 -25.590 -25.290 -25.000 -24.990 -24.740 -24.510 -24.210 -23.880 -23.550 -23.310 -23.250 -23.220 -22.880 -22.750 -22.790 -22.700 -22.400 -22.530 -22.480 -22.450 -22.450 -22.380 -22.250 -22.540 -22.470 -22.430 -22.400 -22.510
-34.770 -34.360 -34.340 -34.330 -34.080 -33.880 -33.310 -33.090 -33.330 -32.710 -32.320 -32.180 -32.190 -31.690 -31.790 -31.280 -31.110 -30.870 -30.810 -30.340 -29.960 -29.960 -29.610 -29.400 -29.310 -28.820 -28.730 -28.320 -28.460 -27.740 -27.460 -27.840 -27.250 -27.060 -26.710 -26.960 -26.400 -26.410 -26.350 -26.140 -26.220 -26.090 -25.720 -25.780 -25.420 -25.110 -24.710 -24.650 -24.250 -24.000 -23.930 -23.590 -23.520 -23.420 -23.250 -23.220 -23.240 -23.140 -23.130 -22.970 -22.810 -23.060 -22.960 -23.040 -22.950 -22.940 -23.010 -22.890
-35.280 -35.010 -34.880 -34.320 -34.390 -34.730 -33.520 -33.690 -33.540 -33.240 -32.720 -32.710 -31.990 -31.960 -31.980 -31.740 -31.520 -31.110 -31.210 -30.580 -30.130 -29.930 -30.060 -29.320 -29.040 -28.840 -28.920 -28.390 -28.340 -27.970 -27.900 -27.560 -27.650 -26.900 -27.160 -27.170 -26.860 -26.700 -26.730 -26.690 -26.490 -26.630 -26.400 -26.090 -25.910 -25.800 -25.310 -24.910 -24.880 -24.630 -24.280 -24.260 -24.160 -24.030 -23.910 -23.720 -23.800 -23.690 -23.770 -23.700 -23.590 -23.540 -23.670 -23.520 -23.690 -23.440 -23.400 -23.480
-35.680 -35.770 -35.340 -35.050 -35.110 -34.610 -34.170 -34.190 -33.660 -33.300 -33.350 -32.730 -32.680 -31.980 -32.090 -31.690 -31.640 -31.100 -31.080 -31.280 -30.810 -29.930 -29.690 -29.420 -29.190 -28.980 -28.800 -28.690 -28.810 -28.340 -28.400 -27.980 -27.700 -27.810 -27.410 -27.290 -27.140 -26.990 -26.790 -27.130 -27.010 -26.780 -26.820 -26.810 -26.890 -26.320 -25.790 -25.490 -25.060 -25.160 -25.140 -25.010 -24.800 -24.710 -24.670 -24.410 -24.450 -24.210 -24.410 -24.230 -24.260 -24.230 -24.360 -24.220 -24.140 -23.940 -24.040 -24.180
-35.930 -36.080 -35.740 -35.440 -35.300 -34.650 -34.250 -33.890 -33.830 -33.750 -33.470 -33.260 -33.040 -32.580 -32.240 -32.310 -31.660 -31.550 -31.110 -31.120 -30.440 -30.370 -29.850 -29.660 -29.260 -29.110 -28.800 -28.580 -28.710 -28.150 -28.180 -27.870 -27.660 -27.590 -27.420 -27.250 -27.320 -27.380 -27.270 -27.070 -27.000 -27.190 -27.060 -27.640 -27.140 -27.020 -27.000 -26.470 -26.150 -26.340 -25.820 -25.740 -25.530 -25.500 -25.430 -25.260 -25.210 -25.070 -24.990 -24.950 -24.830 -24.890 -24.760 -24.940 -24.970 -24.830 -24.700 -24.550
-35.950 -35.910 -36.220 -36.150 -35.780 -35.480 -35.170 -34.310 -34.370 -34.080 -33.950 -33.490 -33.110 -32.670 -32.520 -32.890 -31.940 -32.050 -31.130 -30.630 -30.530 -30.720 -29.860 -29.710 -29.490 -29.210 -29.000 -28.750 -28.780 -28.310 -28.370 -28.000 -27.530 -27.780 -27.470 -27.490 -27.300 -27.500 -27.850 -27.580 -27.810 -27.620 -27.840 -28.020 -27.600 -27.660 -27.500 -27.240 -26.910 -26.920 -27.020 -26.270 -26.210 -26.050 -26.040 -25.910 -25.840 -25.690 -25.640 -25.490 -25.280 -25.350 -25.510 -25.470 -25.410 -25.400 -25.510 -25.160
-36.600 -36.330 -36.260 -36.350 -36.090 -35.800 -35.370 -35.360 -34.580 -34.470 -34.510 -33.930 -33.830 -33.040 -32.840 -32.500 -32.380 -31.570 -31.060 -30.810 -30.490 -30.370 -29.810 -29.700 -29.660 -29.460 -29.220 -28.800 -28.570 -28.350 -28.370 -28.120 -28.030 -27.960 -27.810 -27.480 -27.260 -27.770 -27.880 -27.930 -28.220 -27.960 -28.080 -28.340 -28.450 -28.260 -27.880 -27.880 -27.810 -27.680 -27.290 -27.250 -26.910 -26.510 -26.770 -26.410 -26.390 -26.430 -26.380 -26.350 -26.340 -26.160 -26.220 -26.020 -26.060 -26.060 -26.240 -25.920
