0925_6225/LITTO3D_FRA_0925_6225_20150529_LAMB93_RGF93_IGN69/MNT5m/LITTO3D_FRA_0925_6225_MNT5_20150529_LAMB93_RGF93_IGN69.asc
ncols 200
nrows 200
xllcenter 925000.000
yllcenter 6224005.000
cellsize 5.0000
nodata_value -99999
[rows 0 to 28 of 200, columns 0 to 66 of 200]
-99999 -99999 -99999 -99999 -99999 -99999 -99999 -99999 -99999 -99999 -99999 -99999 -99999 -99999 -99999 -99999 -99999 -99999 -99999 -99999 -99999 -99999 -99999 -99999 -99999 -99999 -99999 -99999 -99999 -99999 -99999 -99999 -99999 -99999 -99999 -99999 -99999 -99999 -40.350 -40.200 -40.060 -39.950 -39.950 -39.520 -39.350 -39.280 -38.960 -38.940 -39.070 -38.800 -38.520 -38.400 -38.360 -38.250 -38.110 -37.950 -37.720 -37.140 -36.400 -36.120 -36.290 -36.330 -35.810 -35.180 -35.170 -35.030 -34.580
-99999 -99999 -99999 -99999 -99999 -99999 -99999 -99999 -99999 -99999 -99999 -99999 -99999 -99999 -99999 -99999 -99999 -99999 -99999 -99999 -99999 -99999 -99999 -99999 -99999 -99999 -99999 -99999 -99999 -99999 -99999 -99999 -99999 -99999 -99999 -99999 -99999 -99999 -40.240 -40.060 -39.830 -39.750 -39.830 -39.620 -39.550 -39.420 -39.100 -38.950 -38.960 -38.490 -38.460 -38.430 -38.290 -38.160 -38.010 -37.790 -37.340 -37.260 -36.450 -36.110 -36.160 -35.920 -35.360 -35.320 -34.660 -34.940 -34.770
-99999 -99999 -99999 -99999 -99999 -99999 -99999 -99999 -99999 -99999 -99999 -99999 -99999 -99999 -99999 -99999 -99999 -99999 -99999 -99999 -99999 -99999 -99999 -99999 -99999 -99999 -99999 -99999 -99999 -99999 -99999 -99999 -99999 -99999 -99999 -99999 -99999 -99999 -40.130 -40.120 -39.930 -39.700 -39.430 -39.560 -39.280 -39.130 -38.790 -39.160 -39.010 -38.670 -38.570 -38.490 -38.200 -38.060 -37.770 -37.280 -37.040 -36.820 -36.590 -36.700 -35.480 -36.150 -34.450 -35.070 -34.730 -34.900 -34.040
-99999 -99999 -99999 -99999 -99999 -99999 -99999 -99999 -99999 -99999 -99999 -99999 -99999 -99999 -99999 -99999 -99999 -99999 -99999 -99999 -99999 -99999 -99999 -99999 -99999 -99999 -99999 -99999 -99999 -99999 -99999 -99999 -99999 -99999 -99999 -99999 -99999 -99999 -40.020 -40.040 -40.130 -39.390 -39.420 -39.290 -39.310 -39.190 -38.850 -38.880 -38.590 -38.390 -38.270 -38.460 -38.300 -37.730 -37.140 -36.960 -37.300 -36.810 -36.620 -36.160 -35.620 -34.890 -34.590 -34.800 -34.610 -34.140 -33.830
-99999 -99999 -99999 -99999 -99999 -99999 -99999 -99999 -99999 -99999 -99999 -99999 -99999 -99999 -99999 -99999 -99999 -99999 -99999 -99999 -99999 -99999 -99999 -99999 -99999 -99999 -99999 -99999 -99999 -99999 -99999 -99999 -99999 -99999 -99999 -99999 -99999 -99999 -40.030 -39.930 -39.390 -39.440 -39.170 -39.120 -39.040 -39.140 -38.930 -38.640 -38.490 -38.360 -38.020 -38.250 -37.900 -37.640 -37.310 -37.170 -36.660 -36.400 -36.800 -35.150 -35.480 -34.290 -34.760 -34.920 -34.230 -33.940 -32.630
-99999 -99999 -99999 -99999 -99999 -99999 -99999 -99999 -99999 -99999 -99999 -99999 -99999 -99999 -99999 -99999 -99999 -99999 -99999 -99999 -99999 -99999 -99999 -99999 -99999 -99999 -99999 -99999 -99999 -99999 -99999 -99999 -99999 -99999 -99999 -99999 -99999 -99999 -39.900 -39.810 -39.620 -39.310 -39.230 -39.190 -39.060 -39.030 -38.680 -38.360 -38.380 -38.660 -38.220 -37.550 -37.130 -36.810 -37.090 -36.560 -36.180 -36.410 -36.340 -35.440 -33.750 -33.740 -33.540 -33.300 -33.550 -33.570 -32.700
-99999 -99999 -99999 -99999 -99999 -99999 -99999 -99999 -99999 -99999 -99999 -99999 -99999 -99999 -99999 -99999 -99999 -99999 -99999 -99999 -99999 -99999 -99999 -99999 -99999 -99999 -99999 -99999 -99999 -99999 -99999 -99999 -99999 -99999 -99999 -99999 -99999 -39.870 -39.710 -39.620 -39.550 -39.320 -39.180 -38.840 -39.290 -38.640 -38.570 -38.320 -38.280 -38.200 -38.150 -37.620 -37.090 -37.180 -36.730 -36.470 -36.170 -36.110 -35.330 -34.490 -33.420 -33.280 -32.660 -32.620 -32.410 -32.540 -32.510
-99999 -99999 -99999 -99999 -99999 -99999 -99999 -99999 -99999 -99999 -99999 -99999 -99999 -99999 -99999 -99999 -99999 -99999 -99999 -99999 -99999 -99999 -99999 -99999 -99999 -99999 -99999 -99999 -99999 -99999 -99999 -99999 -99999 -99999 -99999 -99999 -99999 -39.710 -39.590 -39.540 -39.410 -39.190 -38.790 -39.080 -38.940 -38.620 -38.500 -38.170 -38.140 -38.230 -37.730 -37.530 -37.190 -36.760 -37.030 -36.130 -36.200 -35.540 -34.750 -33.320 -33.280 -32.850 -31.890 -32.570 -32.300 -32.040 -31.930
-99999 -99999 -99999 -99999 -99999 -99999 -99999 -99999 -99999 -99999 -99999 -99999 -99999 -99999 -99999 -99999 -99999 -99999 -99999 -99999 -99999 -99999 -99999 -99999 -99999 -99999 -99999 -99999 -99999 -99999 -99999 -99999 -99999 -99999 -99999 -99999 -39.810 -39.550 -39.630 -39.440 -39.180 -39.240 -39.280 -38.860 -38.520 -38.550 -38.430 -38.210 -38.180 -37.930 -37.980 -37.450 -37.150 -36.720 -36.400 -36.070 -35.500 -35.110 -34.390 -33.780 -32.830 -32.190 -31.960 -31.490 -31.850 -31.540 -31.420
-99999 -99999 -99999 -99999 -99999 -99999 -99999 -99999 -99999 -99999 -99999 -99999 -99999 -99999 -99999 -99999 -99999 -99999 -99999 -99999 -99999 -99999 -99999 -99999 -99999 -99999 -99999 -99999 -99999 -99999 -99999 -99999 -99999 -99999 -99999 -39.800 -39.710 -39.400 -39.320 -39.580 -39.150 -38.920 -38.710 -39.010 -38.490 -38.560 -37.990 -38.270 -37.930 -37.900 -37.550 -37.220 -37.110 -36.720 -36.290 -35.960 -35.520 -35.100 -34.130 -33.680 -32.490 -32.240 -31.440 -31.390 -31.230 -31.520 -30.990
-99999 -99999 -99999 -99999 -99999 -99999 -99999 -99999 -99999 -99999 -99999 -99999 -99999 -99999 -99999 -99999 -99999 -99999 -99999 -99999 -99999 -99999 -99999 -99999 -99999 -99999 -99999 -99999 -99999 -99999 -99999 -99999 -99999 -99999 -39.730 -39.750 -39.600 -39.280 -39.160 -39.250 -39.040 -39.060 -38.880 -38.480 -38.530 -38.140 -38.170 -37.870 -37.720 -37.670 -37.370 -37.080 -36.910 -36.520 -35.940 -36.030 -35.300 -34.720 -34.120 -33.410 -32.560 -32.130 -31.600 -31.620 -30.710 -30.860 -30.720
-99999 -99999 -99999 -99999 -99999 -99999 -99999 -99999 -99999 -99999 -99999 -99999 -99999 -99999 -99999 -99999 -99999 -99999 -99999 -99999 -99999 -99999 -99999 -99999 -99999 -99999 -99999 -99999 -99999 -99999 -99999 -99999 -99999 -99999 -39.780 -39.650 -39.460 -39.270 -39.320 -39.130 -38.990 -38.900 -38.730 -38.340 -38.600 -38.010 -37.930 -37.830 -37.380 -37.410 -37.240 -36.770 -37.120 -36.370 -36.170 -35.410 -35.020 -34.600 -33.990 -33.340 -32.400 -31.670 -31.300 -30.710 -30.350 -30.420 -30.720
-99999 -99999 -99999 -99999 -99999 -99999 -99999 -99999 -99999 -99999 -99999 -99999 -99999 -99999 -99999 -99999 -99999 -99999 -99999 -99999 -99999 -99999 -99999 -99999 -99999 -99999 -99999 -99999 -99999 -99999 -99999 -99999 -99999 -39.710 -39.690 -39.540 -39.400 -39.430 -39.260 -39.000 -39.030 -38.530 -38.560 -38.040 -37.990 -38.040 -38.070 -37.750 -37.480 -37.320 -37.030 -36.860 -36.680 -35.880 -35.910 -35.450 -34.670 -34.520 -33.830 -32.900 -32.060 -31.360 -30.960 -30.590 -30.310 -30.390 -30.350
-99999 -99999 -99999 -99999 -99999 -99999 -99999 -99999 -99999 -99999 -99999 -99999 -99999 -99999 -99999 -99999 -99999 -99999 -99999 -99999 -99999 -99999 -99999 -99999 -99999 -99999 -99999 -99999 -99999 -99999 -99999 -99999 -39.640 -39.740 -39.490 -39.340 -39.310 -39.170 -38.860 -38.790 -38.830 -38.410 -38.070 -38.310 -37.950 -37.980 -37.630 -37.670 -36.990 -37.140 -36.960 -36.700 -36.300 -35.720 -35.700 -35.470 -34.650 -34.160 -33.760 -32.600 -31.220 -31.080 -30.750 -30.300 -30.130 -30.260 -30.410
-99999 -99999 -99999 -99999 -99999 -99999 -99999 -99999 -99999 -99999 -99999 -99999 -99999 -99999 -99999 -99999 -99999 -99999 -99999 -99999 -99999 -99999 -99999 -99999 -99999 -99999 -40.050 -39.890 -39.760 -39.670 -39.720 -39.630 -39.560 -39.550 -39.470 -39.110 -39.450 -39.180 -38.810 -38.870 -38.790 -38.590 -37.990 -38.070 -37.860 -37.700 -37.610 -37.160 -37.020 -36.980 -36.880 -36.750 -36.120 -35.550 -35.330 -34.780 -34.360 -33.900 -33.420 -32.680 -31.290 -31.260 -30.630 -30.270 -30.030 -29.930 -30.270
-99999 -99999 -99999 -99999 -99999 -99999 -99999 -99999 -99999 -99999 -99999 -99999 -99999 -99999 -99999 -99999 -99999 -99999 -99999 -99999 -99999 -99999 -99999 -40.310 -40.240 -40.160 -39.990 -39.770 -39.680 -39.740 -39.620 -39.610 -39.520 -39.350 -39.090 -39.040 -39.200 -39.070 -38.690 -38.700 -38.530 -38.270 -38.130 -38.090 -37.720 -37.560 -37.170 -37.190 -36.950 -36.890 -36.450 -36.070 -35.830 -35.510 -34.960 -34.740 -33.910 -33.850 -33.420 -32.860 -31.950 -31.310 -30.930 -30.600 -30.100 -30.210 -30.260
-99999 -99999 -99999 -99999 -99999 -99999 -99999 -99999 -99999 -99999 -99999 -99999 -99999 -99999 -99999 -99999 -99999 -99999 -99999 -40.650 -40.570 -40.490 -40.370 -40.240 -40.110 -40.020 -39.920 -39.710 -39.670 -39.850 -39.470 -39.570 -39.510 -39.300 -39.060 -38.970 -38.770 -38.680 -38.920 -38.630 -38.490 -38.510 -37.990 -37.700 -37.770 -37.440 -37.160 -36.980 -36.820 -36.460 -36.260 -35.550 -35.830 -35.580 -34.980 -34.360 -33.780 -33.140 -33.100 -32.680 -32.100 -31.520 -30.910 -30.570 -30.500 -30.410 -30.420
-99999 -99999 -99999 -99999 -99999 -99999 -99999 -99999 -99999 -99999 -99999 -99999 -99999 -99999 -99999 -99999 -99999 -40.760 -40.620 -40.500 -40.270 -40.120 -39.990 -39.860 -39.730 -39.750 -39.800 -39.640 -39.700 -39.760 -39.570 -39.560 -39.600 -39.250 -39.000 -38.800 -38.780 -38.780 -38.510 -38.680 -38.200 -38.360 -37.820 -37.830 -37.590 -37.570 -37.280 -36.790 -36.670 -36.070 -35.690 -35.140 -35.640 -35.100 -34.510 -34.220 -33.580 -33.350 -32.770 -32.620 -32.390 -31.680 -31.450 -30.960 -30.950 -30.850 -30.490
-99999 -99999 -99999 -99999 -99999 -99999 -99999 -99999 -99999 -99999 -99999 -99999 -99999 -99999 -99999 -99999 -40.730 -40.600 -40.540 -40.400 -40.250 -40.110 -39.970 -39.900 -39.810 -39.590 -39.550 -39.600 -39.750 -39.490 -39.420 -39.220 -39.110 -38.970 -38.610 -38.720 -38.710 -38.630 -38.480 -38.470 -38.220 -37.860 -37.950 -37.730 -37.650 -37.030 -36.790 -36.240 -36.450 -35.850 -35.600 -35.420 -35.100 -34.520 -34.200 -33.790 -33.430 -32.890 -32.570 -32.410 -32.390 -31.880 -31.680 -31.300 -30.950 -30.860 -30.560
-99999 -99999 -99999 -99999 -99999 -99999 -99999 -99999 -99999 -99999 -99999 -99999 -99999 -99999 -99999 -40.710 -40.590 -40.460 -40.340 -40.320 -40.170 -40.030 -39.890 -39.780 -39.850 -39.850 -39.740 -39.780 -39.900 -39.400 -39.290 -39.160 -38.960 -38.720 -39.140 -38.730 -38.700 -38.590 -38.570 -38.420 -38.440 -37.840 -37.640 -37.770 -37.400 -36.460 -35.890 -35.860 -35.960 -35.450 -34.890 -34.900 -34.730 -34.390 -33.900 -33.300 -32.830 -32.860 -32.720 -32.110 -32.150 -32.020 -31.760 -31.560 -30.880 -30.920 -30.590
-99999 -99999 -99999 -99999 -99999 -99999 -99999 -99999 -99999 -99999 -99999 -99999 -99999 -99999 -40.700 -40.580 -40.460 -40.320 -40.190 -40.120 -40.090 -39.950 -39.810 -39.800 -39.810 -39.760 -39.720 -39.610 -39.460 -39.340 -39.030 -38.960 -38.760 -38.940 -38.950 -38.730 -38.540 -38.320 -38.350 -38.160 -38.030 -38.080 -37.980 -37.680 -37.070 -36.370 -35.750 -35.320 -35.530 -34.950 -35.030 -34.780 -34.180 -33.600 -33.140 -32.930 -32.720 -32.700 -32.820 -32.290 -31.980 -31.930 -31.750 -31.510 -30.970 -31.020 -30.720
-99999 -99999 -99999 -99999 -99999 -99999 -99999 -99999 -99999 -99999 -99999 -99999 -99999 -40.680 -40.560 -40.440 -40.320 -40.180 -40.030 -39.930 -39.910 -39.870 -39.820 -39.790 -39.700 -39.700 -39.550 -39.710 -39.520 -39.340 -39.120 -38.770 -38.970 -39.030 -38.490 -39.080 -38.220 -38.330 -38.140 -38.240 -37.960 -37.830 -37.680 -37.430 -37.000 -36.480 -36.030 -35.520 -35.250 -34.800 -34.760 -34.360 -33.860 -33.760 -33.810 -32.910 -32.430 -32.350 -32.170 -31.970 -31.960 -31.940 -31.540 -31.480 -31.260 -31.290 -31.020
-99999 -99999 -99999 -99999 -99999 -99999 -99999 -99999 -99999 -99999 -99999 -99999 -99999 -40.540 -40.420 -40.300 -40.180 -40.040 -39.890 -39.780 -39.730 -39.780 -39.780 -39.640 -39.590 -39.410 -39.450 -39.650 -39.560 -39.130 -39.290 -38.800 -38.770 -38.830 -38.820 -38.580 -38.150 -38.060 -38.030 -38.190 -37.930 -37.800 -37.530 -37.350 -36.980 -36.560 -36.170 -35.710 -35.200 -34.880 -34.540 -34.130 -33.900 -33.560 -32.580 -32.780 -32.720 -32.470 -31.870 -32.500 -32.330 -32.110 -31.870 -31.760 -31.330 -31.180 -31.270
-99999 -99999 -99999 -99999 -99999 -99999 -99999 -99999 -99999 -99999 -99999 -99999 -40.530 -40.410 -40.290 -40.160 -40.040 -39.900 -39.750 -39.730 -39.790 -39.700 -39.680 -39.510 -39.500 -39.460 -39.460 -39.460 -39.380 -38.840 -38.920 -38.780 -38.510 -38.560 -38.330 -38.390 -38.380 -38.070 -38.130 -38.090 -37.950 -37.780 -37.660 -37.400 -36.930 -36.440 -36.150 -35.780 -35.230 -35.060 -34.610 -34.110 -34.140 -33.980 -33.300 -32.810 -32.910 -32.610 -32.140 -32.410 -32.340 -32.120 -31.930 -31.740 -31.340 -31.290 -31.210
-40.950 -99999 -99999 -99999 -99999 -99999 -99999 -99999 -99999 -99999 -40.640 -40.510 -40.390 -40.270 -40.150 -40.030 -39.900 -39.760 -39.690 -39.710 -39.830 -39.730 -39.500 -39.260 -39.380 -39.480 -39.290 -39.110 -39.170 -39.270 -38.950 -38.850 -38.470 -38.520 -38.410 -38.410 -38.130 -38.160 -38.030 -37.910 -37.820 -37.630 -37.560 -37.130 -36.880 -36.520 -36.090 -36.130 -35.580 -34.930 -34.680 -34.510 -34.340 -34.080 -33.900 -33.330 -33.230 -33.010 -32.190 -32.280 -32.390 -32.160 -32.090 -31.840 -31.610 -31.510 -31.420
-40.940 -40.900 -40.820 -40.740 -99999 -40.520 -40.390 -40.330 -40.310 -40.420 -40.520 -40.400 -40.270 -40.140 -40.040 -39.970 -39.890 -39.730 -39.670 -39.700 -39.780 -39.690 -39.630 -39.550 -39.260 -39.450 -39.400 -39.100 -38.930 -38.890 -38.750 -38.510 -38.510 -38.190 -38.210 -38.170 -38.160 -38.060 -37.850 -38.030 -37.660 -37.640 -37.240 -37.200 -36.940 -36.670 -36.350 -35.860 -35.850 -35.310 -34.770 -34.800 -34.440 -34.160 -33.950 -33.720 -33.320 -33.210 -32.710 -32.410 -32.580 -32.340 -31.980 -31.930 -32.080 -31.570 -31.510
-40.740 -40.590 -40.640 -40.630 -40.650 -40.590 -40.510 -40.330 -40.410 -40.450 -40.400 -40.290 -40.160 -39.930 -39.980 -40.120 -40.040 -39.800 -39.650 -39.730 -39.840 -39.750 -39.580 -39.520 -39.260 -39.360 -39.370 -39.130 -39.000 -38.920 -38.660 -38.440 -38.120 -38.300 -38.020 -37.940 -37.930 -38.130 -37.800 -37.850 -37.710 -37.470 -37.350 -37.070 -36.690 -36.650 -36.270 -36.200 -35.750 -35.460 -34.970 -34.620 -34.460 -34.050 -33.830 -33.650 -33.300 -33.150 -33.060 -32.790 -32.360 -32.540 -31.960 -32.050 -31.930 -31.800 -31.770
-40.910 -40.420 -40.450 -40.500 -40.570 -40.670 -40.690 -40.460 -40.390 -40.260 -40.250 -40.190 -39.960 -39.770 -39.820 -39.900 -40.080 -39.570 -39.890 -39.940 -39.390 -39.480 -39.460 -39.470 -39.300 -39.260 -39.210 -38.990 -38.900 -38.870 -38.510 -38.090 -38.300 -38.290 -38.150 -38.050 -38.120 -37.990 -37.900 -37.710 -37.690 -37.510 -37.250 -36.850 -36.750 -36.690 -36.350 -36.110 -35.830 -35.390 -35.180 -34.800 -34.360 -34.110 -33.880 -33.680 -33.580 -33.200 -33.110 -33.030 -32.790 -32.290 -32.290 -32.020 -31.920 -31.470 -31.680
-40.250 -40.310 -40.480 -40.200 -40.320 -40.470 -40.520 -40.130 -40.240 -39.950 -40.060 -39.660 -39.960 -39.900 -39.750 -40.060 -39.660 -39.880 -39.480 -39.780 -39.600 -39.390 -39.220 -39.280 -39.450 -39.060 -38.950 -38.910 -38.630 -38.670 -38.220 -38.420 -38.200 -37.950 -38.160 -38.130 -37.950 -37.930 -37.710 -37.710 -37.590 -37.600 -37.440 -37.120 -36.760 -36.690 -36.280 -36.210 -35.840 -35.480 -35.180 -34.880 -34.370 -34.230 -33.890 -33.680 -33.510 -33.260 -32.960 -32.930 -32.860 -32.630 -32.430 -32.020 -31.850 -31.670 -31.340
