0925_6225/LITTO3D_FRA_0925_6225_20150529_LAMB93_RGF93_IGN69/MNT5m/LITTO3D_FRA_0925_6225_MNT5_20150529_LAMB93_RGF93_IGN69.asc
ncols 200
nrows 200
xllcenter 925000.000
yllcenter 6224005.000
cellsize 5.0000
nodata_value -99999
[rows 29 to 57 of 200, columns 67 to 133 of 200]
-31.630 -31.560 -31.100 -31.160 -30.880 -30.700 -30.870 -30.410 -30.420 -29.970 -29.920 -29.790 -29.290 -29.230 -29.190 -28.670 -28.520 -28.170 -27.730 -27.300 -27.150 -26.920 -26.490 -26.160 -25.670 -25.110 -25.140 -25.160 -24.850 -24.760 -24.940 -24.940 -24.890 -24.840 -25.190 -25.080 -25.370 -25.540 -25.870 -25.960 -26.120 -26.350 -26.560 -26.620 -26.790 -26.980 -27.090 -27.350 -27.220 -27.480 -27.640 -27.750 -27.800 -28.000 -28.190 -28.290 -28.410 -28.500 -28.580 -28.620 -28.940 -29.420 -29.470 -29.690 -29.420 -29.730 -30.130
-31.530 -31.520 -31.430 -30.830 -31.120 -31.110 -30.880 -30.560 -30.420 -30.080 -29.840 -29.770 -29.630 -29.210 -29.220 -28.890 -28.430 -28.190 -27.810 -27.570 -27.230 -26.990 -26.530 -26.360 -26.160 -25.920 -25.640 -25.290 -25.410 -25.290 -25.180 -25.130 -25.150 -25.180 -25.230 -25.470 -25.480 -25.800 -25.530 -25.860 -26.180 -26.270 -26.290 -26.510 -26.930 -26.890 -26.980 -27.010 -27.080 -27.370 -27.330 -27.450 -27.580 -27.710 -27.890 -27.960 -28.370 -28.450 -28.620 -28.560 -28.900 -29.290 -29.250 -29.350 -29.590 -29.310 -29.730
-31.760 -31.640 -31.550 -31.030 -31.110 -30.960 -30.670 -30.760 -30.460 -30.320 -29.720 -29.860 -29.760 -29.520 -28.750 -28.830 -28.320 -28.430 -28.110 -27.720 -27.570 -27.270 -26.860 -26.560 -26.300 -26.330 -26.010 -25.710 -25.660 -25.430 -25.350 -25.170 -25.320 -25.280 -25.440 -25.540 -25.250 -25.510 -25.720 -26.070 -26.090 -26.210 -26.240 -26.470 -26.510 -26.660 -26.770 -26.860 -26.960 -27.030 -27.140 -27.330 -27.520 -27.570 -27.440 -27.810 -27.860 -28.250 -28.500 -28.690 -29.240 -29.410 -29.370 -29.430 -29.420 -29.680 -29.500
-31.820 -31.560 -31.250 -31.230 -31.290 -31.110 -30.650 -30.300 -30.170 -30.390 -30.030 -29.940 -29.610 -29.200 -29.250 -28.820 -28.720 -28.440 -28.310 -27.790 -27.890 -27.480 -27.050 -26.800 -26.450 -26.490 -26.160 -25.920 -25.760 -25.820 -25.690 -25.470 -25.690 -25.450 -25.630 -25.570 -25.540 -25.770 -25.630 -25.920 -25.960 -26.330 -26.310 -26.280 -26.260 -26.610 -26.260 -26.750 -27.000 -27.030 -27.080 -27.230 -27.550 -27.480 -27.460 -27.670 -27.810 -28.240 -28.560 -28.600 -29.210 -29.310 -29.060 -29.390 -29.190 -29.310 -29.490
-32.000 -31.670 -31.500 -31.310 -31.180 -30.920 -30.790 -30.580 -30.480 -30.240 -30.200 -30.080 -29.910 -29.550 -29.020 -28.860 -28.730 -28.450 -28.240 -28.150 -27.800 -27.580 -27.250 -26.730 -26.740 -26.620 -26.370 -26.500 -26.180 -25.850 -25.720 -25.730 -25.770 -25.710 -25.720 -25.800 -25.660 -25.870 -25.790 -25.940 -26.130 -26.110 -26.200 -26.200 -26.370 -26.600 -26.580 -26.730 -26.600 -26.780 -26.900 -27.050 -27.330 -27.170 -27.500 -27.630 -27.800 -28.040 -28.310 -28.570 -28.710 -28.840 -28.830 -29.260 -29.440 -29.520 -29.480
-32.000 -31.730 -31.410 -31.510 -31.290 -31.140 -31.270 -30.850 -30.460 -30.320 -30.060 -30.090 -29.430 -29.780 -29.200 -29.000 -28.920 -28.240 -28.300 -28.200 -28.110 -27.730 -27.320 -27.180 -27.110 -26.810 -26.630 -26.500 -26.220 -26.120 -26.060 -25.820 -25.910 -25.820 -25.570 -25.750 -25.780 -26.020 -25.880 -25.990 -26.040 -26.250 -26.270 -26.280 -26.240 -26.350 -26.550 -26.610 -26.530 -26.720 -26.830 -27.110 -27.140 -27.320 -27.500 -27.470 -27.530 -27.800 -28.020 -28.350 -28.580 -28.600 -28.870 -29.120 -29.310 -29.550 -29.280
-32.080 -31.900 -31.690 -31.200 -31.450 -31.110 -31.200 -30.870 -30.530 -30.420 -30.250 -30.120 -30.040 -29.510 -29.380 -29.140 -28.800 -28.810 -28.710 -28.300 -28.000 -27.420 -27.440 -27.170 -27.140 -27.060 -26.930 -26.620 -26.530 -26.280 -26.350 -25.950 -26.100 -26.000 -25.860 -25.800 -25.920 -26.140 -25.880 -26.010 -26.230 -26.150 -26.070 -26.150 -26.300 -26.290 -26.350 -26.580 -26.490 -26.590 -26.690 -26.810 -27.050 -27.000 -27.220 -27.420 -27.510 -27.670 -27.650 -28.130 -28.420 -28.710 -28.600 -28.970 -29.360 -29.450 -29.230
-31.930 -31.700 -31.580 -31.420 -31.400 -31.360 -31.020 -31.120 -30.910 -30.510 -30.250 -30.420 -29.800 -29.700 -29.380 -29.550 -28.970 -28.610 -28.700 -28.500 -28.330 -27.930 -27.500 -27.280 -27.380 -27.320 -27.310 -26.960 -26.790 -26.610 -26.520 -26.430 -26.280 -26.080 -26.080 -26.010 -26.110 -26.170 -25.950 -26.120 -26.030 -25.920 -25.990 -26.050 -26.190 -26.210 -26.130 -26.440 -26.400 -26.590 -26.530 -26.820 -26.750 -26.910 -27.100 -27.210 -27.360 -27.820 -27.890 -28.180 -28.050 -28.520 -28.560 -28.860 -29.210 -29.270 -29.220
-31.930 -31.840 -31.660 -31.440 -31.380 -31.270 -31.160 -30.880 -30.920 -30.580 -30.170 -30.260 -29.940 -29.510 -29.610 -29.270 -29.260 -28.670 -28.700 -28.290 -28.300 -28.270 -27.860 -27.710 -27.660 -27.570 -27.410 -27.110 -27.100 -26.740 -26.800 -26.640 -26.260 -26.320 -26.260 -26.250 -26.340 -26.170 -26.200 -26.160 -26.140 -26.090 -26.060 -26.270 -26.250 -26.310 -26.250 -26.310 -26.370 -26.390 -26.520 -26.600 -26.460 -26.620 -26.740 -26.760 -27.070 -27.320 -27.600 -27.720 -28.100 -28.220 -28.360 -28.760 -28.930 -28.780 -29.170
-31.880 -31.690 -31.600 -31.520 -31.260 -31.250 -31.120 -30.890 -30.920 -30.600 -30.540 -30.270 -30.020 -29.890 -29.960 -29.330 -29.140 -29.210 -29.140 -28.650 -28.370 -28.530 -28.280 -27.650 -27.890 -27.640 -27.430 -27.350 -27.150 -26.950 -26.890 -26.670 -26.630 -26.560 -26.400 -26.450 -26.390 -26.210 -26.190 -26.170 -26.170 -26.090 -26.190 -26.190 -26.410 -26.210 -26.100 -26.190 -26.160 -26.370 -26.290 -26.400 -26.380 -26.130 -26.070 -26.300 -26.540 -26.910 -27.190 -27.610 -28.380 -28.180 -28.470 -28.580 -28.920 -28.810 -28.750
-31.760 -31.670 -31.650 -31.390 -31.300 -31.180 -31.190 -30.930 -30.830 -30.620 -30.750 -30.430 -30.150 -29.900 -29.450 -29.510 -29.310 -29.430 -28.750 -28.720 -28.640 -28.380 -28.180 -27.840 -27.880 -27.790 -27.390 -27.540 -27.250 -26.920 -26.870 -26.940 -26.580 -26.520 -26.640 -26.310 -26.460 -26.490 -26.130 -26.240 -26.290 -26.250 -26.260 -26.210 -26.230 -26.090 -26.170 -26.230 -26.240 -26.280 -26.270 -26.090 -26.090 -26.150 -25.860 -26.130 -26.190 -26.560 -27.040 -27.470 -27.800 -27.940 -28.230 -28.480 -28.780 -28.790 -28.860
-31.840 -31.750 -31.620 -31.490 -31.320 -31.230 -31.120 -30.990 -30.860 -30.650 -30.340 -30.410 -30.180 -29.990 -29.700 -29.630 -29.250 -29.150 -29.120 -29.020 -28.700 -28.530 -28.330 -28.220 -27.940 -27.830 -27.770 -27.550 -27.370 -27.120 -27.050 -27.090 -26.740 -26.780 -26.580 -26.590 -26.480 -26.380 -26.320 -26.160 -26.270 -26.310 -26.230 -26.170 -26.220 -26.100 -26.040 -25.980 -26.110 -26.100 -26.210 -26.080 -25.980 -25.950 -25.860 -25.980 -26.280 -26.600 -26.860 -27.340 -27.730 -27.880 -28.030 -28.290 -28.360 -28.700 -28.980
-31.850 -31.730 -31.480 -31.460 -31.150 -31.030 -31.080 -30.800 -30.850 -30.750 -30.420 -30.310 -30.240 -29.960 -29.920 -29.850 -29.630 -29.190 -29.230 -28.700 -28.320 -28.300 -28.480 -28.170 -28.030 -27.830 -27.860 -27.940 -27.440 -27.160 -26.910 -26.950 -26.830 -26.800 -26.680 -26.750 -26.500 -26.510 -26.260 -26.170 -26.280 -26.080 -26.350 -26.050 -26.180 -26.140 -25.890 -26.060 -25.980 -26.140 -26.170 -25.800 -25.740 -25.950 -25.960 -26.310 -26.500 -26.580 -26.980 -27.130 -27.400 -27.580 -27.960 -28.090 -28.200 -28.530 -28.650
-31.810 -31.350 -31.430 -31.400 -31.190 -30.980 -30.880 -30.870 -30.690 -30.530 -30.600 -30.230 -30.060 -30.030 -29.750 -29.580 -29.770 -29.420 -29.100 -29.050 -28.860 -28.660 -28.550 -28.390 -28.060 -27.870 -27.760 -27.610 -27.670 -27.700 -26.990 -27.150 -26.810 -26.660 -26.580 -26.450 -26.450 -26.370 -26.270 -26.240 -26.030 -26.000 -26.130 -26.060 -25.890 -26.060 -26.250 -26.000 -26.060 -25.860 -25.430 -25.720 -25.570 -26.080 -26.150 -26.430 -26.580 -26.610 -26.820 -27.170 -27.340 -27.450 -27.930 -27.850 -28.020 -28.120 -28.480
-31.660 -31.500 -31.480 -31.380 -31.180 -31.130 -30.710 -30.770 -30.620 -30.400 -30.360 -30.240 -30.100 -29.990 -29.800 -29.700 -29.590 -29.240 -29.200 -28.950 -28.540 -28.580 -28.370 -28.460 -27.990 -27.950 -27.780 -27.690 -27.580 -27.590 -27.130 -27.180 -26.750 -26.750 -26.720 -26.500 -26.460 -26.430 -26.410 -26.050 -26.080 -26.120 -26.170 -25.900 -25.970 -25.930 -26.030 -25.840 -25.850 -25.980 -25.540 -25.810 -25.740 -26.010 -26.190 -26.460 -26.650 -26.590 -26.770 -27.030 -27.170 -27.330 -27.460 -27.660 -27.770 -28.020 -28.120
-31.590 -31.380 -31.190 -31.160 -31.050 -30.890 -30.840 -30.690 -30.580 -30.430 -30.140 -30.040 -29.910 -29.890 -29.820 -29.450 -29.400 -29.440 -29.310 -29.050 -28.770 -28.820 -28.500 -28.420 -28.170 -28.070 -27.790 -27.570 -27.610 -27.420 -27.250 -27.130 -26.980 -26.830 -26.680 -26.720 -26.580 -26.380 -26.410 -26.220 -26.060 -26.090 -26.010 -25.860 -25.620 -25.810 -25.780 -26.040 -25.720 -25.810 -25.960 -25.760 -25.810 -25.870 -26.100 -26.500 -26.470 -26.680 -26.770 -26.920 -27.030 -26.860 -27.390 -27.560 -27.810 -27.890 -27.980
-31.370 -31.430 -31.150 -30.980 -31.020 -30.810 -30.810 -30.520 -30.290 -30.100 -30.190 -30.020 -29.900 -29.890 -29.680 -29.460 -29.470 -29.210 -29.160 -28.780 -28.670 -28.650 -28.420 -28.210 -28.050 -27.740 -27.720 -27.460 -27.620 -27.540 -26.910 -27.090 -27.050 -26.770 -26.720 -26.500 -26.470 -26.240 -26.360 -26.330 -26.170 -26.100 -25.880 -25.940 -25.870 -25.870 -25.810 -25.630 -25.660 -25.770 -25.660 -25.600 -25.770 -25.930 -25.930 -26.290 -26.390 -26.450 -26.590 -26.750 -26.890 -27.170 -27.210 -27.390 -27.390 -27.560 -27.700
-31.470 -31.160 -31.240 -30.910 -30.870 -30.670 -30.670 -30.230 -30.280 -29.970 -29.960 -29.810 -29.760 -29.730 -29.550 -29.360 -29.240 -28.900 -28.960 -28.880 -28.820 -28.390 -28.400 -28.360 -28.030 -27.750 -27.950 -27.510 -27.630 -27.100 -26.980 -26.880 -26.750 -26.620 -26.890 -26.670 -26.590 -26.590 -26.340 -26.410 -26.160 -25.950 -25.880 -25.860 -25.690 -25.730 -25.640 -25.670 -25.700 -25.460 -25.580 -25.660 -25.470 -25.690 -26.040 -25.890 -26.210 -26.300 -26.440 -26.410 -26.590 -26.900 -27.100 -27.120 -27.290 -27.360 -27.620
-31.230 -31.170 -31.050 -30.830 -30.680 -30.560 -30.330 -30.250 -30.210 -29.930 -29.790 -29.780 -29.690 -29.460 -29.480 -29.240 -29.090 -29.010 -28.700 -28.660 -28.610 -28.350 -28.400 -28.310 -28.000 -27.870 -27.610 -27.510 -27.390 -27.130 -26.950 -27.000 -27.010 -26.530 -26.810 -26.510 -26.420 -26.390 -26.470 -26.120 -26.030 -26.000 -25.950 -25.530 -25.860 -25.420 -25.620 -25.450 -25.580 -25.290 -25.530 -25.570 -25.840 -25.570 -25.810 -25.900 -26.040 -26.140 -26.050 -26.540 -26.300 -26.460 -26.920 -26.790 -26.960 -27.140 -27.470
-31.150 -31.010 -31.030 -30.890 -30.650 -30.410 -30.280 -29.980 -29.810 -29.770 -29.650 -29.550 -29.440 -29.420 -29.280 -29.170 -29.070 -28.860 -28.820 -28.750 -28.570 -28.290 -28.180 -28.260 -27.890 -27.460 -27.770 -27.430 -27.190 -27.150 -26.870 -26.850 -26.700 -26.680 -26.740 -26.390 -26.480 -26.510 -26.230 -26.050 -26.060 -25.840 -25.880 -25.680 -25.320 -25.320 -25.400 -25.160 -25.340 -25.020 -25.000 -25.370 -25.440 -25.420 -25.540 -25.700 -25.770 -25.900 -26.170 -26.210 -26.190 -26.330 -26.140 -26.190 -26.550 -26.950 -27.010
-31.050 -30.960 -30.840 -30.620 -30.460 -30.260 -30.150 -29.890 -29.670 -29.520 -29.420 -29.170 -29.350 -29.150 -29.050 -28.950 -28.880 -28.890 -28.550 -28.280 -28.040 -28.090 -28.140 -27.850 -27.870 -27.390 -27.320 -27.370 -27.240 -26.870 -26.970 -26.690 -26.810 -26.600 -26.320 -26.150 -26.350 -26.080 -26.280 -26.040 -25.710 -25.580 -25.790 -25.590 -25.470 -25.250 -25.030 -24.850 -24.720 -24.730 -25.220 -25.080 -25.200 -25.200 -25.340 -25.570 -25.430 -25.620 -26.110 -25.850 -26.010 -26.290 -25.880 -26.140 -25.960 -26.380 -26.750
-30.980 -30.770 -30.620 -30.530 -30.280 -30.120 -29.860 -29.600 -29.450 -29.440 -29.230 -29.250 -29.090 -29.030 -28.810 -28.810 -28.690 -28.440 -28.320 -28.220 -28.060 -28.010 -27.850 -27.690 -27.430 -27.410 -27.300 -27.130 -27.180 -27.050 -26.820 -26.720 -26.460 -26.570 -26.520 -26.120 -26.140 -26.160 -25.720 -25.990 -25.710 -25.700 -25.530 -25.490 -25.230 -24.910 -24.750 -24.540 -24.340 -24.310 -24.500 -24.700 -24.980 -25.140 -25.140 -24.950 -24.810 -25.230 -25.360 -25.860 -25.840 -26.150 -26.020 -25.860 -25.910 -26.160 -26.390
-31.070 -30.840 -30.490 -30.410 -30.100 -29.810 -29.210 -29.340 -29.170 -29.170 -29.080 -29.000 -28.910 -28.650 -29.080 -28.590 -28.340 -28.280 -27.980 -27.800 -27.720 -27.660 -27.580 -27.510 -27.250 -27.310 -27.070 -26.900 -27.050 -26.890 -26.860 -26.520 -26.560 -26.490 -26.350 -26.140 -26.180 -26.030 -25.920 -25.800 -25.690 -25.370 -25.480 -25.210 -24.870 -25.060 -24.570 -24.210 -24.040 -23.990 -24.230 -24.330 -24.390 -24.680 -24.850 -24.940 -24.790 -24.990 -25.250 -25.560 -25.670 -26.020 -25.650 -25.900 -25.970 -26.260 -26.110
-30.860 -30.440 -30.420 -30.340 -29.850 -29.500 -29.270 -29.320 -29.050 -29.000 -28.930 -28.540 -28.730 -28.560 -28.490 -28.140 -27.970 -27.940 -27.650 -27.530 -27.450 -27.240 -27.270 -27.130 -27.130 -26.850 -26.830 -26.770 -26.660 -26.530 -26.580 -26.420 -26.390 -26.260 -26.120 -26.220 -26.240 -25.800 -25.830 -25.700 -25.560 -25.300 -25.230 -25.050 -24.930 -24.610 -24.220 -24.040 -23.500 -23.620 -24.070 -24.390 -24.460 -24.070 -24.510 -24.710 -24.860 -24.960 -25.070 -25.160 -25.210 -25.300 -25.540 -25.770 -25.650 -25.840 -25.790
-30.710 -30.600 -30.570 -30.170 -29.980 -29.570 -29.270 -29.170 -29.120 -28.810 -28.580 -28.590 -28.310 -28.320 -28.190 -27.860 -27.550 -27.580 -27.390 -27.130 -26.930 -26.960 -26.990 -26.840 -26.710 -26.550 -26.700 -26.310 -26.570 -26.340 -26.340 -26.230 -26.100 -26.150 -26.080 -25.950 -26.020 -25.630 -25.650 -25.180 -25.220 -25.320 -25.060 -24.760 -24.290 -24.330 -24.140 -23.930 -23.890 -23.700 -23.840 -24.190 -24.210 -24.570 -24.630 -24.440 -24.690 -24.920 -24.830 -24.980 -25.280 -25.010 -25.390 -25.390 -25.630 -25.750 -25.870
-30.570 -30.460 -30.210 -30.020 -29.580 -29.350 -29.250 -29.010 -28.990 -28.760 -28.510 -28.410 -28.200 -28.030 -27.780 -27.430 -27.470 -27.070 -26.960 -26.910 -26.840 -26.600 -26.650 -26.530 -26.390 -26.570 -26.350 -26.150 -26.430 -26.330 -26.100 -25.970 -25.880 -25.990 -25.710 -25.840 -25.580 -25.310 -25.370 -25.430 -25.360 -25.180 -24.880 -24.760 -24.640 -24.430 -24.200 -23.990 -23.660 -23.700 -23.960 -24.110 -24.100 -24.250 -24.080 -24.290 -24.750 -24.540 -24.970 -25.140 -24.680 -25.040 -25.230 -24.860 -25.220 -25.560 -25.650
-30.550 -30.350 -30.100 -30.030 -29.620 -29.530 -29.360 -28.850 -28.800 -28.480 -28.310 -28.340 -27.830 -27.830 -27.380 -27.310 -27.150 -26.970 -26.600 -26.450 -26.460 -26.410 -26.180 -26.220 -26.300 -26.080 -26.040 -26.120 -25.870 -25.890 -25.840 -25.700 -25.920 -25.800 -25.450 -25.660 -25.430 -25.520 -25.250 -25.210 -25.060 -25.080 -24.870 -24.650 -24.560 -24.330 -24.350 -24.210 -24.130 -23.800 -24.170 -24.060 -23.980 -23.790 -24.110 -23.770 -24.220 -24.350 -24.590 -24.660 -24.560 -24.860 -24.950 -24.860 -24.840 -24.890 -24.980
-30.440 -30.170 -30.130 -29.870 -29.510 -29.490 -29.130 -28.890 -28.960 -28.480 -28.150 -27.780 -27.700 -27.550 -27.250 -26.990 -27.010 -26.770 -26.480 -26.500 -26.250 -26.250 -26.030 -26.000 -25.970 -25.960 -25.880 -25.710 -25.650 -25.690 -25.430 -25.580 -25.390 -25.580 -25.440 -25.380 -25.440 -25.230 -25.140 -25.160 -25.000 -24.950 -24.660 -24.610 -24.620 -24.110 -23.960 -24.220 -24.110 -24.220 -24.020 -23.990 -24.030 -23.880 -24.010 -24.090 -24.200 -24.290 -24.350 -24.420 -24.570 -24.640 -24.900 -24.920 -24.610 -24.760 -24.640
-30.320 -30.150 -29.810 -29.770 -29.540 -29.210 -28.990 -29.110 -28.560 -28.290 -28.110 -27.910 -27.670 -27.390 -27.170 -26.980 -26.810 -26.610 -26.460 -26.290 -26.100 -25.860 -25.690 -25.740 -25.660 -25.510 -25.660 -25.490 -25.400 -25.400 -25.430 -25.330 -25.190 -25.000 -25.230 -25.020 -25.040 -24.900 -24.840 -24.890 -24.760 -24.670 -24.540 -24.490 -24.280 -24.350 -24.140 -24.190 -23.940 -23.980 -23.980 -23.760 -23.910 -23.900 -23.900 -24.060 -23.830 -24.070 -24.310 -24.520 -24.270 -24.460 -24.580 -24.700 -24.420 -24.680 -24.550
