0925_6225/LITTO3D_FRA_0925_6225_20150529_LAMB93_RGF93_IGN69/MNT5m/LITTO3D_FRA_0925_6225_MNT5_20150529_LAMB93_RGF93_IGN69.asc
ncols 200
nrows 200
xllcenter 925000.000
yllcenter 6224005.000
cellsize 5.0000
nodata_value -99999
[rows 29 to 57 of 200, columns 0 to 66 of 200]
-40.260 -39.900 -40.420 -40.460 -40.130 -40.420 -40.330 -40.380 -39.900 -40.030 -40.050 -40.010 -39.900 -39.830 -39.880 -39.830 -39.510 -39.580 -39.460 -39.490 -39.580 -39.280 -39.240 -39.290 -38.970 -38.940 -38.660 -38.400 -38.290 -38.280 -38.330 -38.310 -38.230 -38.130 -38.030 -37.960 -37.830 -37.690 -37.790 -37.630 -37.480 -37.360 -37.220 -36.910 -36.850 -36.560 -36.350 -35.900 -35.710 -35.520 -35.190 -34.790 -34.610 -34.260 -34.130 -33.750 -33.670 -33.450 -33.280 -32.930 -32.870 -32.820 -32.470 -32.330 -31.920 -31.730 -31.930
-40.130 -39.970 -39.940 -40.210 -40.170 -40.230 -40.010 -40.500 -40.380 -39.940 -39.960 -39.970 -39.740 -39.520 -39.390 -39.390 -39.270 -39.440 -39.620 -39.520 -39.610 -39.610 -39.490 -39.260 -38.870 -38.900 -38.540 -38.350 -38.410 -38.300 -38.020 -38.060 -38.130 -38.110 -37.950 -37.960 -37.580 -37.640 -37.730 -37.460 -37.350 -37.350 -37.070 -36.890 -36.590 -36.380 -36.230 -36.100 -35.720 -35.410 -35.150 -34.870 -34.610 -34.330 -34.050 -33.670 -33.540 -33.400 -33.300 -33.010 -32.840 -32.780 -32.510 -32.130 -32.320 -32.070 -32.060
-39.740 -40.100 -39.860 -40.350 -40.000 -40.090 -39.590 -39.700 -39.930 -39.920 -39.800 -39.480 -39.620 -39.420 -39.610 -39.340 -39.300 -39.380 -39.430 -39.200 -39.230 -39.230 -39.250 -38.990 -38.830 -38.670 -38.260 -38.860 -38.150 -38.280 -38.250 -37.980 -38.140 -37.970 -38.020 -37.900 -37.330 -37.760 -37.680 -37.500 -37.190 -37.160 -36.950 -36.690 -36.620 -36.440 -36.420 -36.080 -35.830 -35.430 -35.170 -34.860 -34.600 -34.240 -33.920 -33.840 -33.680 -33.370 -33.040 -33.050 -32.870 -32.830 -32.660 -32.360 -32.210 -32.170 -31.940
-39.750 -39.830 -39.970 -39.970 -39.930 -40.030 -39.810 -39.680 -40.080 -39.740 -39.620 -39.460 -39.480 -39.600 -39.320 -39.300 -39.340 -39.290 -39.280 -39.090 -39.090 -38.900 -38.910 -38.540 -38.540 -38.400 -38.350 -38.500 -38.420 -38.160 -38.310 -37.960 -37.970 -38.220 -37.930 -37.610 -37.640 -37.460 -37.470 -37.410 -37.290 -37.030 -36.860 -36.840 -36.700 -36.310 -36.210 -35.950 -35.740 -35.530 -35.140 -34.660 -34.580 -34.150 -34.150 -33.830 -33.550 -33.390 -33.150 -33.030 -32.860 -32.680 -32.510 -32.580 -32.270 -32.150 -32.200
-39.680 -39.760 -39.740 -39.850 -39.780 -39.710 -39.790 -39.750 -39.710 -39.710 -39.220 -39.380 -39.360 -39.080 -39.120 -39.310 -38.870 -39.110 -39.000 -38.740 -38.820 -38.900 -38.610 -38.580 -38.240 -38.600 -38.380 -38.380 -38.400 -38.110 -38.030 -38.260 -37.870 -38.050 -37.870 -37.820 -38.040 -37.630 -37.370 -37.010 -37.160 -36.950 -37.090 -36.770 -36.550 -36.420 -36.200 -35.990 -35.570 -35.250 -35.010 -34.720 -34.630 -34.190 -33.980 -33.860 -33.650 -33.310 -33.270 -33.010 -32.890 -32.740 -32.460 -32.380 -32.440 -32.060 -32.200
-39.610 -39.710 -39.630 -39.670 -39.540 -39.570 -39.700 -39.390 -39.380 -39.610 -39.550 -39.240 -39.360 -39.180 -39.180 -39.060 -39.100 -38.700 -38.460 -38.610 -38.580 -38.600 -38.680 -38.810 -38.500 -38.700 -38.420 -38.390 -38.320 -38.070 -38.040 -37.990 -38.040 -37.780 -37.890 -37.730 -37.590 -37.500 -37.340 -37.250 -37.160 -36.940 -36.860 -36.570 -36.650 -36.370 -35.800 -35.680 -35.370 -35.100 -34.660 -34.480 -34.370 -34.030 -33.850 -33.770 -33.610 -33.420 -33.140 -33.170 -32.720 -32.820 -32.550 -32.410 -32.460 -32.130 -32.010
-39.550 -39.650 -39.520 -39.490 -39.430 -39.380 -39.530 -39.420 -39.410 -39.260 -39.110 -38.780 -39.140 -39.200 -39.180 -38.920 -39.350 -38.870 -38.890 -38.510 -38.650 -38.480 -38.260 -38.450 -38.040 -38.250 -38.350 -38.500 -38.190 -38.130 -38.190 -37.840 -37.980 -37.670 -37.630 -37.660 -37.430 -37.200 -37.070 -36.980 -36.900 -36.820 -36.610 -36.500 -36.300 -36.130 -35.820 -35.470 -35.280 -34.980 -34.540 -34.350 -34.300 -34.010 -33.940 -33.800 -33.500 -33.440 -33.520 -32.840 -32.880 -32.820 -32.600 -32.490 -32.100 -32.220 -32.140
-39.500 -39.600 -39.410 -39.310 -39.250 -39.250 -39.430 -39.460 -39.170 -38.910 -38.990 -38.830 -38.800 -38.960 -38.820 -38.880 -38.740 -38.600 -38.820 -38.470 -38.690 -38.440 -38.330 -38.170 -38.260 -37.860 -38.270 -38.100 -37.830 -38.090 -38.080 -37.730 -37.920 -37.740 -37.390 -37.460 -37.560 -37.200 -37.230 -36.900 -36.820 -36.570 -36.540 -36.410 -36.340 -35.910 -35.650 -35.290 -35.090 -35.000 -34.630 -34.340 -34.230 -33.970 -33.830 -33.730 -33.530 -33.260 -33.200 -33.000 -32.710 -32.600 -32.500 -32.520 -32.160 -32.220 -32.090
-39.440 -39.490 -39.300 -39.130 -39.080 -39.070 -39.170 -39.130 -38.810 -38.680 -38.780 -38.760 -38.690 -38.750 -38.670 -38.610 -38.170 -38.540 -38.600 -38.760 -38.650 -38.460 -38.240 -38.060 -38.240 -38.140 -37.590 -37.860 -37.810 -37.740 -37.930 -37.910 -37.570 -37.440 -37.470 -37.510 -37.250 -37.250 -37.230 -36.980 -36.410 -36.480 -36.350 -36.220 -35.970 -35.870 -35.450 -35.030 -35.090 -34.890 -34.590 -34.400 -34.100 -33.840 -33.970 -33.780 -33.480 -33.340 -33.230 -32.980 -32.870 -32.640 -32.520 -32.350 -32.390 -32.040 -32.020
-39.390 -39.380 -39.190 -38.990 -38.950 -38.930 -38.920 -38.740 -38.530 -38.920 -39.050 -38.770 -38.700 -38.810 -38.620 -38.480 -38.430 -38.330 -38.500 -38.500 -38.350 -38.450 -38.170 -37.850 -37.900 -37.930 -38.000 -37.630 -37.940 -37.400 -37.670 -37.600 -37.660 -37.390 -37.350 -37.330 -37.490 -37.060 -36.990 -36.760 -36.730 -36.500 -36.380 -36.140 -35.920 -35.640 -35.300 -34.890 -34.770 -34.820 -34.540 -34.250 -34.100 -33.750 -33.690 -33.640 -33.310 -33.260 -33.060 -32.910 -32.660 -32.500 -32.630 -32.320 -32.080 -32.050 -32.110
-39.330 -39.270 -39.070 -38.850 -38.740 -38.700 -38.680 -38.660 -38.370 -38.430 -38.660 -38.850 -38.510 -38.610 -38.900 -38.520 -38.500 -38.380 -38.400 -37.770 -38.100 -37.870 -37.850 -37.690 -37.660 -37.640 -37.680 -37.640 -37.550 -37.470 -37.280 -37.360 -37.290 -37.540 -37.170 -37.040 -37.170 -37.050 -37.010 -36.740 -36.520 -36.340 -36.090 -36.100 -35.600 -35.230 -34.850 -34.710 -34.590 -34.510 -34.370 -34.100 -33.880 -33.970 -33.780 -33.320 -33.180 -33.100 -33.140 -32.910 -32.620 -32.580 -32.440 -32.360 -32.110 -32.030 -31.970
-39.190 -39.140 -38.920 -38.700 -38.790 -38.510 -38.530 -38.410 -38.440 -38.440 -38.450 -38.350 -38.320 -38.630 -38.160 -38.420 -38.150 -38.250 -38.160 -38.050 -38.010 -37.700 -37.790 -37.960 -37.560 -37.340 -37.600 -37.390 -37.250 -37.320 -37.170 -36.990 -37.050 -37.050 -37.000 -36.920 -37.160 -36.750 -36.670 -36.250 -36.260 -35.960 -35.860 -35.350 -35.220 -34.890 -34.660 -34.620 -34.400 -34.150 -34.080 -33.890 -33.970 -33.660 -33.500 -33.240 -33.140 -32.970 -33.000 -32.920 -32.630 -32.440 -32.400 -32.230 -32.190 -31.890 -31.810
-38.690 -38.700 -38.770 -38.560 -38.720 -38.560 -38.580 -38.480 -38.530 -38.680 -38.460 -38.480 -38.540 -38.510 -38.170 -38.350 -38.150 -37.800 -37.960 -38.260 -37.960 -38.010 -37.680 -37.450 -37.790 -37.350 -37.510 -37.170 -37.420 -37.590 -37.050 -37.050 -36.760 -36.840 -36.640 -36.720 -36.610 -36.520 -36.550 -36.250 -35.780 -35.550 -35.260 -35.160 -34.790 -34.780 -34.490 -34.420 -34.210 -34.020 -33.700 -33.620 -33.590 -33.520 -33.380 -33.240 -32.950 -32.930 -32.780 -32.730 -32.480 -32.530 -32.400 -32.160 -32.170 -31.970 -31.940
-38.640 -38.390 -38.390 -38.440 -38.590 -38.910 -38.230 -38.290 -38.720 -38.810 -38.330 -38.270 -38.310 -38.260 -38.210 -38.030 -37.760 -38.000 -37.840 -37.720 -37.200 -37.640 -37.680 -37.710 -37.470 -37.600 -37.350 -37.650 -37.130 -36.960 -36.760 -36.780 -36.780 -36.320 -36.290 -36.390 -36.430 -36.360 -36.370 -35.730 -35.490 -35.360 -34.940 -34.700 -34.730 -34.350 -34.040 -34.080 -33.910 -33.770 -33.600 -33.520 -33.480 -33.260 -33.190 -33.200 -32.910 -32.920 -32.830 -32.550 -32.540 -32.350 -32.210 -32.150 -31.930 -31.750 -31.840
-38.370 -38.360 -38.330 -38.510 -38.340 -38.450 -38.560 -38.470 -38.540 -38.330 -38.360 -38.250 -37.780 -37.700 -37.560 -37.790 -38.050 -37.750 -38.010 -37.550 -37.510 -37.510 -37.580 -37.320 -37.960 -37.350 -37.110 -36.480 -36.900 -36.420 -36.350 -36.680 -36.550 -36.280 -36.270 -36.120 -36.020 -36.140 -36.080 -35.630 -35.310 -35.060 -34.680 -34.720 -34.460 -34.130 -34.180 -33.950 -33.790 -33.510 -33.510 -33.370 -33.430 -33.100 -33.250 -32.910 -33.070 -32.850 -32.660 -32.360 -32.370 -32.210 -32.240 -32.080 -31.960 -31.960 -31.640
-38.280 -37.840 -38.130 -38.180 -37.960 -37.980 -38.190 -37.960 -38.190 -38.170 -37.910 -38.120 -37.880 -37.890 -37.820 -37.560 -37.740 -37.970 -37.430 -37.430 -37.550 -37.400 -37.520 -37.230 -36.950 -36.860 -36.520 -36.220 -36.540 -36.170 -35.980 -36.340 -36.030 -35.940 -36.030 -36.110 -35.930 -35.860 -35.500 -35.580 -35.200 -34.920 -34.680 -34.270 -34.080 -34.110 -33.820 -33.850 -33.480 -33.290 -33.390 -33.350 -33.220 -33.070 -33.100 -32.860 -32.900 -32.760 -32.570 -32.470 -32.410 -32.090 -32.210 -31.970 -31.890 -31.740 -31.850
-37.690 -37.510 -37.620 -37.910 -37.970 -38.200 -38.070 -37.650 -37.890 -37.660 -37.760 -37.860 -37.780 -37.330 -37.680 -37.520 -37.550 -37.670 -37.370 -37.190 -37.230 -37.350 -37.140 -37.230 -36.810 -36.700 -36.410 -36.190 -36.260 -35.970 -35.620 -35.910 -35.820 -35.940 -35.860 -35.680 -35.830 -35.420 -35.380 -35.080 -35.000 -34.630 -34.400 -34.120 -34.020 -33.980 -33.680 -33.380 -33.330 -33.470 -33.290 -33.090 -33.190 -33.020 -32.870 -32.750 -32.680 -32.670 -32.490 -32.250 -32.280 -32.050 -31.840 -31.870 -31.910 -31.760 -31.590
-37.260 -37.750 -37.810 -37.460 -37.590 -37.980 -37.800 -37.780 -37.460 -37.510 -37.660 -37.790 -37.460 -37.440 -36.940 -37.430 -37.480 -37.390 -37.510 -37.450 -37.180 -37.010 -37.170 -37.210 -36.470 -36.180 -35.900 -35.840 -35.810 -35.640 -35.790 -35.670 -35.270 -35.570 -35.540 -35.680 -35.530 -34.990 -35.020 -34.840 -34.460 -34.040 -34.430 -34.240 -34.050 -33.720 -33.560 -33.580 -33.420 -33.300 -33.300 -32.960 -33.200 -32.920 -32.900 -32.640 -32.550 -33.000 -32.520 -32.420 -32.210 -32.230 -31.830 -31.910 -31.770 -31.630 -31.570
-37.320 -37.460 -37.710 -37.550 -37.820 -37.490 -37.580 -37.460 -37.900 -37.340 -37.450 -37.550 -37.560 -37.560 -37.380 -37.400 -36.820 -36.970 -37.440 -36.940 -36.970 -36.840 -36.930 -36.710 -36.440 -35.920 -36.120 -35.760 -35.290 -35.340 -35.320 -35.570 -35.580 -35.340 -35.380 -34.950 -34.750 -35.100 -34.970 -34.800 -34.530 -34.350 -34.090 -34.060 -33.810 -33.710 -33.650 -33.530 -33.510 -33.270 -33.180 -33.110 -32.920 -32.900 -32.860 -32.680 -32.620 -32.600 -32.370 -32.430 -32.260 -32.030 -31.740 -31.690 -31.720 -31.460 -31.430
-37.080 -37.510 -37.480 -37.190 -37.200 -37.440 -37.540 -37.330 -37.800 -37.520 -37.600 -37.400 -37.470 -37.480 -37.350 -37.260 -37.380 -37.040 -37.150 -36.990 -36.880 -36.530 -36.680 -36.410 -36.140 -35.440 -35.570 -35.580 -35.540 -35.110 -35.160 -35.160 -35.170 -35.440 -35.150 -34.790 -34.460 -34.770 -34.830 -34.410 -34.620 -34.020 -33.780 -33.630 -33.850 -33.740 -33.530 -33.500 -33.350 -33.240 -33.160 -32.800 -33.010 -32.860 -32.560 -32.720 -32.680 -32.440 -32.550 -32.060 -31.990 -32.080 -32.000 -31.820 -31.440 -31.490 -31.290
-36.960 -37.120 -36.840 -36.960 -36.850 -37.200 -37.120 -37.190 -37.350 -37.300 -37.080 -36.890 -37.090 -37.380 -37.090 -37.170 -37.240 -36.780 -36.730 -36.810 -36.810 -36.610 -36.530 -36.230 -35.750 -35.680 -35.420 -35.160 -35.340 -35.050 -34.910 -34.960 -34.860 -35.020 -34.880 -34.600 -34.440 -34.470 -34.320 -34.650 -34.410 -34.120 -33.930 -33.730 -33.500 -33.420 -33.350 -33.550 -33.340 -33.160 -33.020 -33.010 -32.830 -32.950 -32.740 -32.460 -32.450 -32.380 -32.280 -32.260 -32.090 -32.080 -31.770 -31.670 -31.650 -31.370 -31.120
-36.240 -36.320 -36.550 -36.940 -36.950 -37.080 -37.000 -36.960 -37.450 -36.940 -37.160 -37.280 -37.250 -37.170 -36.940 -36.890 -36.800 -37.170 -36.690 -36.400 -36.510 -36.590 -36.240 -35.990 -35.850 -35.460 -35.510 -35.340 -35.040 -34.750 -34.770 -34.650 -34.790 -34.550 -34.550 -34.590 -34.330 -34.110 -34.180 -34.280 -34.220 -34.120 -33.780 -33.660 -33.680 -32.950 -33.140 -33.120 -33.210 -32.960 -32.960 -32.890 -32.960 -32.720 -32.580 -32.590 -32.430 -32.190 -32.140 -31.980 -32.030 -31.880 -31.700 -31.580 -31.490 -31.430 -31.020
-35.860 -36.320 -36.490 -36.460 -36.580 -36.840 -36.730 -37.090 -37.160 -37.090 -37.040 -37.110 -37.290 -36.710 -37.180 -36.980 -36.910 -36.820 -36.810 -36.780 -36.370 -36.530 -36.060 -36.190 -35.820 -35.540 -35.200 -35.490 -34.720 -34.890 -34.830 -34.640 -34.390 -34.680 -34.580 -34.620 -34.400 -34.390 -34.080 -33.910 -34.120 -34.210 -33.920 -33.540 -33.280 -33.220 -32.940 -32.930 -32.970 -32.960 -32.830 -32.700 -32.610 -32.720 -32.450 -32.320 -32.270 -32.200 -32.100 -31.750 -31.900 -31.800 -31.700 -31.580 -31.400 -31.260 -31.260
-36.020 -36.030 -36.260 -36.450 -36.640 -36.370 -36.340 -36.550 -36.500 -36.620 -36.580 -36.540 -36.680 -36.780 -36.860 -36.760 -36.650 -36.580 -36.390 -36.170 -36.400 -35.980 -36.310 -35.430 -35.500 -35.320 -35.160 -35.150 -34.900 -34.810 -34.680 -34.760 -34.620 -34.680 -34.290 -34.220 -34.210 -34.110 -34.030 -33.960 -33.980 -33.790 -33.670 -33.690 -33.510 -33.280 -33.130 -33.080 -32.900 -32.910 -32.570 -32.650 -32.600 -32.670 -32.630 -32.310 -32.370 -32.220 -32.150 -31.990 -31.810 -31.710 -31.680 -31.420 -31.390 -31.380 -30.970
-35.480 -35.940 -35.930 -36.150 -36.130 -36.230 -36.430 -36.710 -36.580 -36.660 -36.590 -36.630 -36.520 -36.380 -36.490 -36.380 -36.300 -36.040 -36.200 -36.030 -35.900 -36.100 -35.790 -35.720 -35.520 -35.490 -35.230 -34.810 -34.720 -34.440 -34.870 -34.650 -34.740 -34.360 -34.450 -34.170 -34.110 -34.100 -34.140 -34.060 -34.130 -33.820 -33.660 -33.740 -33.330 -33.320 -33.250 -33.020 -32.900 -32.690 -32.620 -32.610 -32.530 -32.560 -32.460 -32.400 -32.190 -32.030 -31.860 -31.750 -31.760 -31.700 -31.600 -31.390 -31.340 -31.080 -30.950
-35.200 -35.700 -35.810 -35.880 -35.860 -35.960 -36.010 -36.470 -36.570 -36.610 -36.520 -36.270 -36.470 -36.530 -36.130 -36.170 -36.230 -36.090 -36.320 -35.970 -36.030 -36.120 -35.880 -35.630 -35.600 -35.070 -35.190 -34.800 -34.630 -34.630 -34.540 -34.210 -34.390 -34.550 -34.340 -34.020 -34.050 -33.970 -33.960 -33.800 -33.590 -33.840 -33.650 -33.620 -33.350 -33.250 -32.860 -32.950 -32.690 -32.720 -32.550 -32.490 -32.380 -32.430 -32.280 -32.170 -32.030 -32.060 -31.920 -31.730 -31.790 -31.720 -31.310 -31.210 -31.060 -30.860 -30.900
-35.020 -35.330 -35.480 -35.440 -35.720 -35.820 -35.890 -35.990 -36.270 -36.320 -36.520 -36.470 -36.260 -36.350 -36.360 -35.960 -35.990 -35.930 -35.800 -35.900 -36.150 -36.720 -35.520 -35.500 -34.440 -34.910 -34.570 -34.880 -34.600 -34.460 -34.510 -34.700 -34.400 -34.350 -34.370 -34.150 -34.070 -33.810 -33.830 -33.800 -33.810 -33.640 -33.360 -33.360 -33.260 -33.200 -33.080 -32.960 -32.870 -32.700 -32.470 -32.480 -32.430 -32.090 -32.230 -31.980 -31.850 -31.870 -31.670 -31.720 -31.490 -31.360 -31.390 -31.070 -30.890 -30.760 -30.860
-34.970 -35.130 -35.200 -35.140 -35.440 -35.560 -35.630 -35.990 -35.910 -35.980 -36.030 -36.090 -36.050 -36.320 -36.660 -35.710 -36.170 -35.860 -35.950 -35.810 -35.980 -36.100 -34.960 -34.290 -34.340 -34.680 -34.860 -34.690 -34.300 -34.360 -34.360 -34.430 -34.400 -34.530 -34.290 -34.050 -33.870 -33.920 -33.940 -33.820 -33.720 -33.650 -33.480 -33.200 -33.210 -32.950 -32.770 -32.810 -32.810 -32.630 -32.410 -32.330 -32.170 -32.180 -31.950 -32.070 -32.040 -31.680 -31.650 -31.520 -31.440 -31.420 -31.130 -31.100 -30.940 -30.900 -30.700
-34.840 -34.740 -35.110 -35.210 -35.040 -35.170 -35.170 -35.550 -35.930 -35.910 -36.070 -36.010 -35.960 -36.380 -35.440 -35.470 -35.610 -35.870 -35.560 -35.680 -35.660 -34.850 -34.770 -34.660 -34.670 -34.530 -34.340 -34.520 -34.050 -34.230 -34.360 -34.310 -34.470 -34.140 -34.080 -34.100 -33.910 -33.820 -33.540 -33.660 -33.570 -33.510 -33.600 -33.230 -33.240 -33.030 -32.940 -32.800 -32.630 -32.660 -32.560 -32.130 -32.130 -32.150 -31.760 -32.090 -31.630 -31.600 -31.360 -31.340 -31.300 -31.220 -31.130 -30.870 -30.770 -30.840 -30.450
