0925_6225/LITTO3D_FRA_0925_6225_20150529_LAMB93_RGF93_IGN69/MNT5m/LITTO3D_FRA_0925_6225_MNT5_20150529_LAMB93_RGF93_IGN69.asc
ncols 200
nrows 200
xllcenter 925000.000
yllcenter 6224005.000
cellsize 5.0000
nodata_value -99999
[rows 116 to 144 of 200, columns 0 to 66 of 200]
-25.590 -25.570 -25.520 -25.410 -25.560 -25.430 -25.490 -25.440 -25.640 -25.600 -25.530 -25.420 -25.620 -25.660 -25.520 -25.600 -25.520 -25.570 -25.570 -25.330 -25.640 -25.430 -25.450 -25.350 -25.380 -25.400 -25.290 -25.310 -25.260 -25.170 -25.020 -25.060 -24.980 -24.880 -25.060 -24.830 -24.700 -24.780 -24.710 -24.670 -24.720 -24.550 -24.420 -24.300 -24.240 -24.150 -23.890 -24.010 -23.830 -23.710 -23.710 -23.510 -23.380 -23.020 -22.890 -22.970 -22.650 -22.610 -22.350 -22.440 -22.150 -21.850 -21.800 -21.690 -21.470 -21.260 -21.170
-25.540 -25.370 -25.330 -25.460 -25.310 -25.270 -25.250 -25.480 -25.280 -25.290 -25.400 -25.610 -25.350 -25.390 -25.390 -25.440 -25.300 -25.280 -25.460 -25.330 -25.380 -25.410 -25.350 -25.300 -25.300 -25.140 -25.070 -25.290 -25.110 -25.120 -25.000 -24.940 -24.800 -24.760 -24.720 -24.860 -24.640 -24.570 -24.590 -24.490 -24.440 -24.280 -24.280 -24.430 -24.130 -23.710 -23.760 -23.790 -23.480 -23.400 -23.300 -23.200 -23.270 -23.010 -22.740 -22.690 -22.570 -22.350 -22.270 -22.040 -21.990 -21.760 -21.630 -21.370 -21.240 -21.000 -20.790
-25.440 -25.400 -25.200 -25.110 -25.290 -25.290 -25.160 -25.080 -25.210 -25.010 -25.280 -25.250 -25.230 -25.440 -25.200 -25.270 -25.130 -25.230 -25.080 -25.170 -25.300 -25.130 -25.250 -25.130 -25.260 -25.250 -25.090 -24.980 -24.970 -24.770 -24.890 -24.630 -24.530 -24.590 -24.650 -24.490 -24.510 -24.510 -24.400 -24.330 -24.320 -24.250 -24.060 -23.940 -23.840 -23.830 -23.630 -23.460 -23.360 -23.380 -23.090 -22.910 -22.870 -22.840 -22.540 -22.440 -22.330 -22.170 -22.050 -21.820 -21.700 -21.460 -21.180 -21.120 -21.020 -20.840 -20.730
-25.210 -25.270 -25.190 -25.200 -25.130 -25.190 -25.010 -25.040 -25.230 -25.160 -25.360 -25.100 -25.200 -24.950 -25.060 -24.970 -24.930 -25.070 -25.040 -25.110 -25.110 -25.130 -24.950 -24.980 -25.080 -25.020 -24.870 -24.900 -24.800 -24.790 -24.630 -24.410 -24.570 -24.490 -24.240 -24.290 -24.260 -24.320 -24.120 -24.070 -24.140 -23.980 -23.930 -23.780 -23.640 -23.470 -23.350 -23.220 -23.150 -22.930 -22.800 -22.700 -22.510 -22.500 -22.250 -22.330 -22.190 -21.980 -21.800 -21.520 -21.510 -21.250 -20.930 -20.860 -20.860 -20.490 -20.400
-25.040 -25.100 -25.250 -25.020 -25.170 -24.910 -24.850 -24.900 -25.070 -25.230 -24.890 -24.780 -24.730 -24.790 -24.800 -24.790 -24.850 -24.720 -24.840 -24.760 -24.800 -24.930 -24.740 -24.830 -24.850 -24.680 -24.690 -24.710 -24.530 -24.630 -24.540 -24.510 -24.500 -24.130 -24.040 -24.070 -24.090 -23.950 -23.830 -23.890 -23.800 -24.040 -23.680 -23.520 -23.430 -23.220 -23.350 -23.000 -23.000 -22.760 -22.680 -22.670 -22.300 -22.290 -22.130 -22.130 -21.950 -21.900 -21.590 -21.720 -21.200 -21.180 -20.890 -20.840 -20.810 -20.700 -20.580
-24.590 -24.830 -24.680 -24.820 -24.830 -24.880 -24.920 -24.750 -24.680 -24.650 -24.520 -24.520 -24.580 -24.480 -24.690 -24.610 -24.800 -24.790 -24.780 -24.960 -24.830 -24.730 -24.690 -24.680 -24.600 -24.650 -24.630 -24.570 -24.560 -24.650 -24.610 -24.260 -24.180 -24.130 -23.830 -23.780 -23.670 -23.680 -23.630 -23.870 -23.600 -23.730 -23.450 -23.420 -23.190 -23.140 -23.010 -22.830 -22.640 -22.550 -22.450 -22.390 -22.360 -22.140 -22.140 -21.900 -21.750 -21.770 -21.530 -21.260 -21.200 -20.990 -20.870 -20.770 -20.550 -20.610 -20.290
-24.380 -24.400 -24.520 -24.580 -24.490 -24.560 -24.490 -24.410 -24.450 -24.390 -24.400 -24.260 -24.370 -24.700 -24.440 -24.450 -24.430 -24.590 -24.560 -24.480 -24.470 -24.520 -24.510 -24.460 -24.610 -24.800 -24.580 -24.570 -24.390 -24.340 -24.320 -24.280 -24.200 -23.980 -23.910 -23.830 -23.710 -23.530 -23.790 -23.500 -23.420 -23.260 -23.220 -23.390 -23.070 -22.820 -22.720 -22.620 -22.520 -22.380 -22.390 -22.240 -22.220 -22.080 -21.980 -21.730 -21.510 -21.360 -21.360 -21.160 -21.030 -20.770 -20.800 -20.540 -20.420 -20.150 -20.220
-24.290 -24.200 -24.190 -24.430 -24.340 -24.260 -24.290 -24.100 -24.230 -24.120 -24.180 -24.240 -24.210 -24.100 -24.330 -24.290 -24.200 -24.280 -24.310 -24.340 -24.370 -24.660 -24.500 -24.380 -24.520 -24.280 -24.310 -24.350 -24.120 -24.070 -24.000 -24.110 -23.930 -23.740 -24.010 -23.810 -23.540 -23.440 -23.450 -23.340 -23.230 -23.200 -22.930 -23.000 -22.770 -22.680 -22.610 -22.400 -22.250 -22.440 -21.990 -21.980 -21.880 -21.820 -21.520 -21.360 -21.280 -21.170 -21.230 -21.160 -21.020 -20.790 -20.700 -20.360 -20.290 -19.930 -20.140
-24.250 -24.280 -24.450 -24.350 -24.330 -24.470 -24.090 -23.910 -24.190 -24.270 -24.020 -24.070 -23.810 -24.030 -24.180 -24.300 -24.580 -24.320 -24.030 -24.280 -24.320 -24.510 -24.440 -24.300 -24.140 -24.140 -24.090 -24.210 -24.260 -23.900 -23.880 -23.900 -23.640 -23.670 -23.580 -23.540 -23.400 -23.370 -23.310 -23.030 -23.030 -22.940 -22.730 -22.650 -22.650 -22.350 -22.360 -22.270 -22.140 -22.180 -22.020 -21.890 -21.690 -21.510 -21.320 -21.170 -21.100 -20.990 -20.970 -20.770 -20.650 -20.550 -20.420 -20.190 -19.950 -20.070 -19.960
-24.170 -24.130 -24.290 -24.150 -24.210 -24.060 -24.160 -24.040 -24.110 -23.850 -24.000 -24.130 -24.190 -24.100 -24.180 -24.290 -24.170 -24.140 -24.110 -24.100 -24.110 -24.170 -24.150 -24.010 -23.940 -23.880 -23.990 -24.080 -23.850 -23.780 -23.720 -23.470 -23.430 -23.410 -23.390 -23.540 -23.060 -23.140 -23.130 -22.850 -22.750 -22.620 -22.610 -22.500 -22.230 -22.270 -22.170 -21.980 -21.980 -21.820 -21.590 -21.470 -21.400 -21.260 -21.100 -20.970 -21.080 -20.750 -20.810 -20.590 -20.380 -20.220 -19.970 -20.010 -19.910 -19.720 -19.730
-24.170 -24.380 -24.330 -24.150 -24.190 -24.810 -24.080 -24.200 -23.860 -23.750 -24.110 -24.080 -24.390 -24.420 -24.120 -24.240 -24.050 -24.140 -24.080 -24.120 -24.030 -24.050 -24.060 -24.020 -23.850 -23.830 -23.790 -23.810 -23.780 -23.680 -23.600 -23.340 -23.200 -23.200 -23.120 -23.130 -22.970 -22.800 -23.000 -22.760 -22.580 -22.580 -22.390 -22.260 -22.090 -22.100 -21.980 -21.640 -21.560 -21.510 -21.360 -21.250 -21.000 -20.940 -20.780 -20.640 -20.800 -20.480 -20.430 -20.380 -20.060 -19.830 -19.780 -19.760 -19.660 -19.730 -19.560
-24.100 -24.140 -24.100 -24.410 -24.540 -24.570 -24.450 -24.160 -23.260 -23.330 -23.280 -23.530 -23.910 -23.910 -24.140 -24.360 -24.080 -24.050 -24.200 -23.940 -23.890 -23.690 -23.890 -23.830 -23.730 -23.660 -23.800 -23.950 -23.670 -23.600 -23.480 -23.250 -23.290 -23.220 -22.920 -22.870 -22.820 -22.590 -22.570 -22.510 -22.470 -22.280 -22.120 -22.080 -21.830 -21.860 -21.610 -21.470 -21.360 -21.430 -21.200 -21.190 -20.920 -20.770 -20.520 -20.460 -20.320 -20.140 -20.170 -20.100 -19.820 -19.580 -19.570 -19.480 -19.450 -19.420 -19.430
-24.180 -23.980 -24.000 -24.110 -24.050 -24.450 -24.410 -24.250 -23.070 -22.560 -22.530 -22.750 -23.960 -24.120 -24.020 -24.020 -24.300 -24.490 -24.370 -23.920 -23.740 -23.960 -23.740 -23.570 -23.660 -23.630 -23.580 -23.690 -23.560 -23.310 -23.160 -23.220 -23.170 -23.150 -22.800 -22.740 -22.450 -22.500 -22.430 -22.380 -22.210 -22.080 -22.020 -21.820 -21.720 -21.610 -21.460 -21.310 -21.200 -21.220 -21.080 -20.900 -20.790 -20.490 -20.380 -20.300 -20.160 -20.050 -20.090 -20.000 -19.550 -19.520 -19.440 -19.380 -19.180 -19.140 -19.200
-23.770 -23.870 -23.940 -24.070 -23.800 -24.030 -24.280 -23.690 -23.210 -22.410 -21.490 -23.080 -23.750 -23.940 -23.880 -24.180 -23.900 -23.940 -23.760 -23.880 -23.730 -23.750 -23.450 -23.480 -23.610 -23.540 -23.400 -23.660 -23.320 -23.180 -23.160 -22.940 -22.910 -22.810 -22.650 -22.560 -22.550 -22.400 -22.430 -22.220 -22.210 -22.030 -22.230 -22.070 -21.630 -21.700 -21.450 -21.360 -21.090 -20.950 -20.950 -20.580 -20.460 -20.280 -20.240 -19.980 -20.040 -19.950 -19.730 -19.600 -19.440 -19.290 -19.260 -19.230 -19.100 -18.880 -18.880
-23.690 -23.580 -23.710 -23.670 -23.720 -23.910 -23.730 -23.280 -22.740 -22.040 -21.210 -22.640 -23.410 -23.780 -23.800 -23.810 -23.980 -23.750 -23.850 -23.600 -23.680 -23.640 -23.340 -23.320 -23.220 -23.250 -23.210 -23.050 -22.990 -22.900 -22.720 -23.020 -22.830 -22.770 -22.620 -22.650 -22.420 -22.460 -22.160 -22.230 -21.990 -22.000 -21.750 -21.570 -21.490 -21.500 -21.250 -21.140 -20.930 -20.740 -20.670 -20.400 -20.250 -20.080 -19.990 -19.790 -19.790 -19.610 -19.460 -19.290 -19.270 -18.970 -18.930 -18.910 -18.990 -18.640 -18.540
-23.570 -23.560 -23.720 -23.570 -23.620 -23.590 -23.700 -22.740 -22.260 -21.860 -22.020 -22.630 -23.180 -23.570 -23.460 -23.620 -23.680 -23.510 -23.530 -23.450 -23.360 -23.380 -23.060 -23.150 -23.060 -23.150 -22.970 -22.850 -22.800 -22.790 -22.460 -22.780 -22.650 -22.640 -22.430 -22.340 -22.360 -22.180 -22.040 -21.930 -21.830 -21.640 -21.520 -21.370 -21.290 -21.110 -20.980 -20.880 -20.680 -20.600 -20.300 -20.160 -19.940 -19.840 -19.830 -19.560 -19.480 -19.270 -19.210 -19.000 -18.720 -18.860 -18.820 -18.600 -18.670 -18.560 -18.470
-23.180 -23.250 -23.400 -23.290 -23.340 -23.290 -23.050 -22.760 -22.390 -22.140 -22.150 -22.710 -22.930 -23.170 -23.310 -23.260 -23.250 -23.270 -23.200 -23.100 -23.040 -23.110 -22.960 -22.960 -22.850 -22.650 -22.780 -22.700 -22.870 -22.590 -22.560 -22.560 -22.520 -22.460 -22.240 -22.270 -22.070 -22.090 -22.000 -21.900 -21.550 -21.470 -21.290 -20.980 -20.890 -20.930 -20.710 -20.510 -20.370 -20.300 -20.140 -19.890 -19.730 -19.660 -19.550 -19.430 -19.160 -19.060 -19.080 -18.810 -18.700 -18.610 -18.510 -18.300 -18.440 -18.370 -18.110
-23.060 -23.180 -23.130 -23.050 -23.010 -23.120 -23.160 -22.900 -22.900 -22.380 -22.480 -22.790 -23.080 -23.270 -23.040 -23.030 -23.120 -23.140 -22.910 -22.960 -23.020 -22.980 -22.870 -22.870 -22.710 -22.650 -22.510 -22.570 -22.610 -22.470 -22.470 -22.200 -22.200 -22.210 -22.040 -21.960 -21.980 -21.820 -21.690 -21.500 -21.350 -21.210 -21.070 -20.700 -20.650 -20.510 -20.440 -20.310 -20.050 -20.060 -19.830 -19.720 -19.420 -19.630 -19.290 -19.090 -19.020 -19.020 -18.840 -18.760 -18.570 -18.430 -18.260 -18.330 -18.060 -18.090 -17.810
-23.150 -22.990 -23.040 -22.990 -23.070 -23.050 -22.990 -22.850 -22.550 -22.720 -22.780 -22.890 -22.950 -23.060 -23.140 -22.950 -23.130 -23.100 -23.000 -22.890 -23.150 -22.850 -22.760 -22.670 -22.550 -22.450 -22.420 -22.270 -22.130 -22.170 -22.210 -22.150 -21.960 -21.700 -21.700 -21.720 -21.630 -21.510 -21.390 -21.150 -21.130 -20.770 -20.640 -20.670 -20.580 -20.320 -20.210 -20.020 -19.920 -19.720 -19.600 -19.490 -19.380 -19.180 -19.040 -18.890 -18.810 -18.590 -18.600 -18.510 -18.330 -18.190 -18.100 -17.990 -17.830 -17.780 -17.760
-23.080 -23.150 -23.000 -23.150 -23.220 -23.080 -22.980 -22.820 -22.870 -23.070 -23.160 -22.830 -23.030 -23.020 -23.300 -23.180 -22.980 -23.060 -22.890 -22.910 -23.120 -22.990 -22.720 -22.700 -22.800 -22.400 -22.270 -22.200 -22.160 -22.120 -22.010 -22.080 -21.630 -21.740 -21.630 -21.520 -21.420 -21.210 -21.110 -20.910 -20.730 -20.530 -20.430 -20.320 -20.220 -20.010 -19.800 -19.650 -19.570 -19.390 -19.220 -19.070 -19.090 -18.880 -18.790 -18.680 -18.720 -18.610 -18.330 -18.180 -18.090 -17.930 -18.040 -17.850 -17.570 -17.430 -17.460
-23.050 -23.030 -23.000 -22.880 -23.060 -22.760 -22.730 -22.800 -22.840 -22.780 -22.650 -23.000 -23.030 -23.000 -22.980 -23.080 -22.980 -23.030 -23.010 -22.980 -22.970 -22.740 -22.820 -22.580 -22.390 -22.460 -22.270 -22.330 -22.490 -22.090 -21.980 -21.670 -21.690 -21.500 -21.620 -21.220 -21.090 -20.880 -20.900 -20.710 -20.460 -20.340 -20.080 -20.100 -19.860 -19.760 -19.580 -19.440 -19.250 -19.110 -18.930 -18.890 -18.760 -18.720 -18.490 -18.440 -18.470 -18.280 -18.110 -17.940 -17.850 -17.880 -17.730 -17.550 -17.340 -17.240 -17.260
-22.770 -23.020 -22.870 -23.090 -22.860 -23.100 -23.110 -22.800 -22.850 -22.670 -22.800 -22.870 -22.870 -22.780 -22.810 -22.840 -22.890 -22.750 -22.910 -22.880 -22.880 -22.710 -22.790 -22.680 -22.400 -22.210 -22.130 -22.200 -22.420 -21.930 -21.580 -21.470 -21.320 -21.170 -21.130 -20.980 -20.920 -20.510 -20.580 -20.360 -20.210 -20.050 -19.830 -19.970 -19.630 -19.520 -19.320 -19.280 -19.130 -18.770 -18.640 -18.530 -18.420 -18.520 -18.320 -18.170 -18.110 -18.140 -17.910 -17.720 -17.780 -17.720 -17.460 -17.370 -17.220 -16.930 -17.070
-22.740 -22.760 -22.960 -22.840 -22.710 -22.800 -22.800 -22.960 -22.470 -22.530 -22.330 -22.570 -22.520 -22.570 -22.810 -22.810 -22.770 -22.600 -22.680 -22.720 -22.760 -22.940 -22.900 -22.400 -22.040 -22.060 -22.020 -21.830 -22.130 -21.600 -21.440 -21.330 -21.090 -21.060 -20.880 -20.640 -20.560 -20.310 -20.080 -20.130 -19.840 -19.780 -19.640 -19.540 -19.410 -19.280 -19.040 -18.940 -18.780 -18.670 -18.650 -18.670 -18.560 -18.330 -18.110 -18.020 -17.860 -17.880 -17.790 -17.690 -17.460 -17.320 -17.250 -17.040 -16.910 -17.000 -16.760
-22.750 -22.800 -22.510 -22.590 -22.440 -22.680 -22.910 -22.680 -22.600 -22.350 -21.970 -22.040 -22.390 -22.420 -22.550 -22.500 -22.450 -22.460 -22.340 -22.430 -22.450 -22.330 -22.300 -22.300 -22.360 -21.940 -21.660 -21.540 -21.380 -21.240 -21.140 -20.970 -21.040 -20.560 -20.350 -20.070 -20.050 -19.530 -19.570 -19.490 -19.510 -19.360 -19.280 -19.160 -18.990 -18.910 -18.770 -18.730 -18.540 -18.460 -18.410 -18.330 -18.300 -18.100 -17.980 -17.890 -17.690 -17.500 -17.490 -17.340 -17.430 -17.240 -16.990 -16.880 -16.650 -16.560 -16.330
-22.450 -22.210 -22.500 -22.300 -22.410 -22.440 -22.490 -22.390 -22.120 -21.940 -22.040 -21.910 -21.760 -22.030 -22.080 -22.080 -22.340 -22.160 -22.110 -22.080 -22.350 -21.700 -22.040 -22.180 -21.680 -21.610 -21.310 -21.050 -20.970 -20.840 -20.780 -20.700 -20.300 -20.240 -19.930 -19.670 -19.550 -19.320 -19.400 -19.350 -18.960 -18.890 -18.860 -18.980 -18.880 -18.610 -18.610 -18.430 -18.170 -18.220 -18.400 -18.080 -18.100 -17.900 -17.830 -17.610 -17.570 -17.370 -17.420 -17.180 -17.010 -16.980 -16.700 -16.560 -16.380 -16.260 -16.140
-22.550 -22.630 -22.110 -22.220 -22.190 -22.340 -22.220 -21.790 -21.830 -21.600 -21.610 -21.290 -21.330 -21.420 -21.610 -21.700 -21.740 -21.820 -21.550 -21.750 -21.720 -21.580 -21.760 -21.950 -21.270 -21.200 -20.910 -20.610 -20.640 -20.380 -20.320 -20.100 -20.060 -19.650 -19.390 -19.360 -19.320 -19.100 -19.000 -18.920 -18.800 -18.750 -18.590 -18.500 -18.510 -18.450 -18.410 -18.190 -18.040 -18.060 -18.240 -17.830 -17.950 -17.620 -17.630 -17.400 -17.430 -17.130 -16.940 -16.940 -16.720 -16.620 -16.590 -16.350 -16.050 -16.220 -16.370
-22.160 -22.460 -22.300 -22.070 -22.130 -21.940 -21.860 -21.710 -21.480 -21.330 -21.420 -20.980 -20.950 -21.030 -21.080 -21.130 -21.370 -21.150 -21.120 -21.200 -21.220 -21.750 -21.650 -21.140 -20.920 -20.750 -20.330 -20.590 -20.280 -19.910 -19.810 -19.650 -19.490 -19.730 -19.280 -19.270 -18.980 -18.940 -18.880 -18.620 -18.760 -18.570 -18.790 -18.370 -18.060 -18.000 -17.800 -18.250 -18.010 -17.900 -17.880 -17.700 -17.640 -17.420 -17.290 -17.200 -17.010 -17.070 -16.820 -16.870 -16.650 -16.530 -16.460 -15.880 -15.830 -15.660 -15.810
-21.920 -21.860 -21.920 -21.790 -21.760 -21.690 -21.890 -21.480 -21.290 -21.380 -20.990 -20.840 -20.840 -20.690 -20.650 -20.770 -20.770 -20.970 -20.700 -20.870 -20.770 -21.200 -20.760 -20.520 -20.450 -20.650 -20.020 -19.940 -19.760 -19.690 -19.550 -19.480 -19.210 -19.440 -19.270 -18.940 -18.840 -18.760 -18.730 -18.550 -18.390 -18.330 -18.360 -18.270 -18.210 -17.960 -18.070 -17.610 -17.710 -17.720 -17.550 -17.540 -17.420 -17.190 -17.290 -16.970 -16.790 -16.920 -16.930 -16.600 -16.330 -16.230 -16.100 -15.860 -16.160 -15.610 -16.050
-21.210 -21.630 -21.780 -21.220 -21.430 -21.510 -21.550 -21.270 -21.100 -20.810 -20.800 -20.640 -20.790 -20.600 -20.370 -20.470 -20.590 -20.510 -20.540 -20.970 -20.310 -20.250 -20.330 -20.100 -20.300 -19.920 -19.840 -19.680 -19.360 -19.320 -19.160 -19.160 -19.120 -19.130 -18.840 -18.690 -18.640 -18.590 -18.550 -18.460 -18.290 -18.190 -18.020 -18.270 -18.230 -18.050 -17.720 -17.630 -17.470 -17.380 -17.210 -17.340 -17.170 -17.080 -16.920 -16.940 -16.590 -16.630 -16.590 -16.240 -16.060 -16.050 -15.670 -15.870 -15.600 -15.690 -15.660
