0925_6225/LITTO3D_FRA_0929_6222_20150529_LAMB93_RGF93_IGN69/MNT5m/LITTO3D_FRA_0929_6222_MNT5_20150529_LAMB93_RGF93_IGN69.asc
ncols 200
nrows 200
xllcenter 929000.000
yllcenter 6221005.000
cellsize 5.0000
nodata_value -99999
[rows 150 to 179 of 200, columns 68 to 135 of 200]
-99999 -99999 -99999 -99999 -99999 -99999 -99999 -99999 -99999 -99999 -99999 -44.860 -44.490 -44.110 -43.710 -43.310 -42.520 -42.380 -42.230 -41.900 -40.890 -39.830 -39.730 -40.100 -39.610 -39.060 -38.870 -38.560 -37.910 -37.830 -37.280 -36.620 -36.140 -35.480 -35.180 -34.460 -34.320 -33.660 -32.870 -32.550 -32.100 -31.350 -30.490 -29.750 -29.140 -28.530 -27.860 -27.400 -26.790 -26.270 -25.640 -25.260 -24.780 -24.400 -23.910 -23.470 -23.060 -22.670 -22.280 -21.930 -21.480 -21.040 -20.800 -20.550 -20.280 -20.000 -19.830 -19.700
-99999 -99999 -99999 -99999 -99999 -99999 -99999 -99999 -99999 -99999 -99999 -99999 -44.680 -44.320 -43.950 -43.550 -43.120 -42.980 -42.740 -42.400 -41.580 -40.750 -40.020 -39.930 -39.880 -39.410 -38.750 -38.520 -37.740 -37.780 -37.380 -36.850 -36.960 -36.310 -35.350 -34.970 -34.530 -33.860 -33.190 -32.950 -32.430 -31.730 -30.810 -30.070 -29.550 -28.820 -28.300 -27.700 -27.230 -26.790 -26.060 -25.550 -25.060 -24.700 -24.180 -23.760 -23.350 -22.940 -22.590 -22.250 -21.850 -21.320 -21.020 -20.670 -20.320 -20.050 -19.880 -19.580
-99999 -99999 -99999 -99999 -99999 -99999 -99999 -99999 -99999 -99999 -99999 -99999 -99999 -44.500 -44.140 -43.770 -43.500 -43.240 -42.930 -42.530 -42.150 -41.200 -40.240 -40.310 -40.210 -39.970 -39.050 -38.480 -37.970 -38.050 -37.500 -37.360 -37.160 -36.320 -35.690 -35.000 -34.770 -34.470 -33.570 -33.100 -32.630 -32.220 -31.780 -30.870 -29.990 -29.300 -28.650 -28.110 -27.640 -27.160 -26.540 -25.950 -25.390 -24.980 -24.460 -24.030 -23.650 -23.120 -22.670 -22.300 -21.890 -21.520 -21.100 -20.790 -20.570 -20.260 -20.020 -19.740
-99999 -99999 -99999 -99999 -99999 -99999 -99999 -99999 -99999 -99999 -99999 -99999 -99999 -44.690 -44.330 -43.980 -43.730 -43.460 -43.060 -42.730 -42.360 -41.380 -40.620 -40.840 -40.160 -39.920 -39.250 -38.530 -37.850 -37.940 -37.480 -37.170 -36.910 -36.430 -36.250 -35.580 -34.910 -34.610 -34.380 -33.650 -33.190 -32.830 -32.370 -31.520 -30.720 -29.950 -29.170 -28.610 -28.010 -27.330 -26.840 -26.290 -25.760 -25.290 -24.700 -24.310 -23.840 -23.440 -23.040 -22.530 -22.050 -21.530 -21.330 -20.950 -20.680 -20.430 -20.220 -19.890
-99999 -99999 -99999 -99999 -99999 -99999 -99999 -99999 -99999 -99999 -99999 -99999 -99999 -99999 -44.510 -44.200 -43.960 -43.610 -43.280 -42.950 -42.560 -41.580 -40.830 -40.530 -40.240 -39.960 -39.310 -38.610 -37.910 -37.850 -37.520 -37.190 -37.350 -37.010 -36.720 -36.100 -35.440 -35.030 -34.500 -33.970 -33.430 -32.960 -32.290 -31.700 -31.040 -30.690 -29.680 -29.050 -28.440 -27.780 -27.150 -26.710 -26.120 -25.560 -25.030 -24.450 -24.110 -23.770 -23.260 -22.640 -22.150 -21.710 -21.360 -21.040 -20.960 -20.670 -20.420 -20.040
-99999 -99999 -99999 -99999 -99999 -99999 -99999 -99999 -99999 -99999 -99999 -99999 -99999 -99999 -44.700 -44.430 -44.120 -43.830 -43.500 -43.170 -42.760 -41.850 -41.220 -40.610 -40.320 -40.010 -39.380 -38.670 -38.320 -38.270 -38.080 -37.880 -37.630 -36.950 -36.960 -35.930 -35.800 -35.230 -34.610 -34.170 -33.670 -33.440 -32.810 -32.310 -31.710 -31.110 -30.530 -29.620 -28.890 -28.330 -27.570 -26.950 -26.510 -25.890 -25.270 -24.850 -24.420 -24.000 -23.510 -22.930 -22.440 -21.850 -21.570 -21.310 -21.100 -20.920 -20.540 -20.220
-99999 -99999 -99999 -99999 -99999 -99999 -99999 -99999 -99999 -99999 -99999 -99999 -99999 -99999 -99999 -44.510 -44.190 -43.920 -43.670 -43.390 -42.960 -42.270 -41.640 -41.000 -40.390 -40.090 -39.550 -38.890 -38.690 -38.580 -38.460 -37.850 -37.580 -36.990 -37.380 -36.890 -36.090 -35.760 -34.810 -34.360 -34.030 -33.890 -33.350 -32.790 -32.400 -31.470 -30.960 -30.240 -29.460 -28.690 -28.120 -27.440 -26.900 -26.270 -25.660 -25.300 -24.710 -24.150 -23.780 -23.380 -22.820 -22.390 -21.900 -21.730 -21.470 -21.110 -20.770 -20.530
-99999 -99999 -99999 -99999 -99999 -99999 -99999 -99999 -99999 -99999 -99999 -99999 -99999 -99999 -99999 -44.770 -44.270 -43.960 -43.710 -43.460 -42.950 -42.380 -41.820 -41.250 -40.680 -40.200 -39.910 -39.220 -38.830 -38.880 -38.760 -38.310 -38.200 -36.600 -36.970 -36.730 -36.420 -35.940 -35.070 -34.810 -34.410 -34.120 -33.770 -33.360 -32.890 -32.050 -31.560 -30.830 -30.080 -29.110 -28.470 -27.930 -27.400 -26.630 -26.120 -25.810 -25.230 -24.750 -24.070 -23.800 -23.210 -22.750 -22.420 -21.950 -21.600 -21.420 -21.160 -20.650
-99999 -99999 -99999 -99999 -99999 -99999 -99999 -99999 -99999 -99999 -99999 -99999 -99999 -99999 -99999 -99999 -44.520 -44.030 -43.750 -43.510 -42.530 -42.010 -41.690 -41.380 -41.060 -40.740 -40.370 -39.830 -39.410 -39.110 -38.860 -38.480 -37.760 -37.450 -37.730 -37.020 -36.720 -36.110 -35.580 -35.340 -35.380 -34.400 -34.020 -33.740 -33.170 -32.690 -32.210 -31.370 -30.570 -29.720 -29.060 -28.350 -27.820 -27.140 -26.500 -26.140 -25.550 -25.080 -24.360 -23.980 -23.650 -23.160 -22.760 -22.380 -21.780 -21.660 -21.360 -20.930
-99999 -99999 -99999 -99999 -99999 -99999 -99999 -99999 -99999 -99999 -99999 -99999 -99999 -99999 -99999 -99999 -44.900 -44.270 -43.790 -43.120 -42.640 -42.520 -42.210 -41.900 -41.590 -41.170 -40.720 -40.190 -39.600 -39.100 -38.760 -38.440 -38.370 -38.440 -38.330 -37.670 -37.140 -37.130 -35.940 -35.580 -35.420 -34.860 -34.400 -33.960 -33.650 -33.130 -32.540 -31.910 -31.270 -30.420 -29.610 -28.920 -28.340 -27.700 -27.000 -26.400 -25.860 -25.370 -24.580 -24.240 -23.940 -23.670 -23.170 -22.760 -22.360 -21.960 -21.700 -21.240
-99999 -99999 -99999 -99999 -99999 -99999 -99999 -99999 -99999 -99999 -99999 -99999 -99999 -99999 -99999 -99999 -99999 -44.660 -44.100 -43.230 -42.670 -42.740 -42.690 -42.380 -41.930 -41.450 -40.970 -40.520 -39.920 -39.420 -39.190 -39.060 -38.950 -38.540 -38.350 -38.230 -37.290 -37.030 -36.570 -36.600 -36.040 -35.260 -34.750 -34.760 -33.680 -33.600 -33.290 -32.460 -31.640 -31.040 -30.210 -29.490 -28.620 -28.100 -27.620 -26.820 -26.190 -25.730 -25.120 -24.710 -24.200 -23.870 -23.470 -23.040 -22.730 -22.240 -21.930 -21.450
-99999 -99999 -99999 -99999 -99999 -99999 -99999 -99999 -99999 -99999 -99999 -99999 -99999 -99999 -99999 -99999 -99999 -99999 -44.660 -43.690 -42.700 -42.770 -42.880 -42.670 -42.210 -41.730 -41.250 -40.760 -40.240 -39.810 -39.660 -39.510 -39.370 -38.990 -38.270 -38.080 -37.470 -37.300 -36.850 -36.290 -36.340 -35.700 -35.060 -34.830 -34.420 -34.130 -33.390 -32.940 -32.340 -31.300 -30.660 -29.830 -29.210 -28.610 -27.920 -27.220 -26.550 -25.910 -25.450 -24.990 -24.440 -24.020 -23.700 -23.340 -22.840 -22.540 -21.990 -21.560
-99999 -99999 -99999 -99999 -99999 -99999 -99999 -99999 -99999 -99999 -99999 -99999 -99999 -99999 -99999 -99999 -99999 -99999 -99999 -44.660 -42.760 -43.100 -43.120 -42.760 -42.380 -41.930 -41.480 -41.030 -40.560 -40.290 -40.140 -39.950 -39.770 -39.420 -38.680 -38.090 -37.710 -37.310 -36.880 -36.430 -36.400 -35.810 -35.390 -35.330 -34.900 -34.240 -33.770 -33.470 -32.730 -31.810 -31.250 -30.500 -29.610 -29.000 -28.400 -27.490 -26.850 -26.350 -25.860 -25.350 -24.910 -24.440 -23.960 -23.340 -23.060 -22.740 -22.270 -21.870
-99999 -99999 -99999 -99999 -99999 -99999 -99999 -99999 -99999 -99999 -99999 -99999 -99999 -99999 -99999 -99999 -99999 -99999 -99999 -99999 -99999 -43.560 -43.200 -42.840 -42.480 -42.090 -41.640 -41.190 -40.740 -40.510 -40.300 -40.110 -39.930 -39.630 -39.100 -38.300 -37.890 -37.450 -37.030 -36.720 -36.700 -36.650 -36.380 -35.590 -35.400 -34.830 -34.500 -34.070 -33.310 -32.460 -31.710 -31.350 -30.390 -29.330 -28.730 -27.780 -27.210 -26.760 -26.090 -25.540 -25.210 -24.620 -24.220 -23.740 -23.240 -22.900 -22.680 -22.240
-99999 -99999 -99999 -99999 -99999 -99999 -99999 -99999 -99999 -99999 -99999 -99999 -99999 -99999 -99999 -99999 -99999 -99999 -99999 -99999 -99999 -43.670 -43.290 -42.910 -42.560 -42.200 -41.790 -41.340 -40.930 -40.710 -40.500 -40.300 -40.070 -39.760 -39.410 -38.780 -38.200 -37.820 -37.380 -37.410 -36.840 -36.780 -36.610 -35.490 -35.470 -34.970 -34.700 -34.380 -33.830 -33.100 -32.290 -31.560 -31.220 -29.750 -29.130 -28.150 -27.460 -26.980 -26.550 -25.910 -25.580 -25.050 -24.720 -24.150 -23.540 -23.170 -22.820 -22.390
-99999 -99999 -99999 -99999 -99999 -99999 -99999 -99999 -99999 -99999 -99999 -99999 -99999 -99999 -99999 -99999 -99999 -99999 -99999 -99999 -99999 -99999 -43.420 -43.030 -42.650 -42.270 -41.910 -41.500 -41.140 -40.980 -40.570 -40.320 -40.110 -39.890 -39.530 -39.230 -38.640 -38.220 -37.870 -37.600 -37.170 -37.020 -36.920 -36.000 -35.750 -35.290 -35.050 -34.690 -34.340 -33.830 -33.100 -31.930 -31.530 -30.670 -29.930 -29.050 -28.180 -27.510 -27.050 -26.440 -26.010 -25.490 -24.940 -24.450 -24.030 -23.550 -23.280 -22.840
-99999 -99999 -99999 -99999 -99999 -99999 -99999 -99999 -99999 -99999 -99999 -99999 -99999 -99999 -99999 -99999 -99999 -99999 -99999 -99999 -99999 -99999 -43.550 -43.160 -42.780 -42.400 -42.020 -41.640 -41.400 -41.240 -41.080 -40.610 -40.150 -39.950 -39.650 -39.350 -39.060 -38.560 -38.010 -37.850 -37.460 -37.350 -37.250 -36.710 -36.160 -35.880 -35.430 -34.890 -34.660 -34.470 -33.970 -32.830 -32.450 -31.340 -30.170 -29.430 -28.830 -27.910 -27.250 -26.850 -26.280 -25.900 -25.450 -24.890 -24.470 -24.180 -23.650 -23.170
-99999 -99999 -99999 -99999 -99999 -99999 -99999 -99999 -99999 -99999 -99999 -99999 -99999 -99999 -99999 -99999 -99999 -99999 -99999 -99999 -99999 -99999 -99999 -43.290 -42.910 -42.530 -42.210 -41.950 -41.730 -41.560 -41.350 -40.920 -40.540 -40.090 -39.780 -39.470 -39.370 -39.120 -38.380 -38.230 -37.810 -37.370 -37.190 -37.250 -36.740 -36.360 -35.920 -35.690 -35.110 -34.640 -34.110 -33.630 -32.580 -31.890 -30.890 -29.890 -29.250 -28.430 -27.860 -27.230 -26.670 -26.200 -25.770 -25.270 -24.730 -24.410 -23.920 -23.420
-99999 -99999 -99999 -99999 -99999 -99999 -99999 -99999 -99999 -99999 -99999 -99999 -99999 -99999 -99999 -99999 -99999 -99999 -99999 -99999 -99999 -99999 -99999 -43.420 -43.100 -42.840 -42.570 -42.300 -42.080 -41.900 -41.540 -41.100 -40.700 -40.320 -39.940 -39.580 -39.380 -39.090 -39.000 -38.650 -38.350 -37.800 -37.120 -37.220 -37.140 -36.600 -36.480 -35.800 -35.300 -34.910 -34.640 -34.450 -33.230 -32.540 -31.840 -30.470 -29.760 -29.240 -28.390 -27.760 -27.070 -26.410 -26.310 -25.690 -25.040 -24.570 -24.230 -23.670
-99999 -99999 -99999 -99999 -99999 -99999 -99999 -99999 -99999 -99999 -99999 -99999 -99999 -99999 -99999 -99999 -99999 -99999 -99999 -99999 -99999 -99999 -99999 -99999 -99999 -43.190 -42.920 -42.660 -42.420 -42.170 -41.730 -41.290 -40.870 -40.520 -40.190 -39.860 -39.350 -39.220 -39.180 -38.980 -38.670 -38.410 -37.890 -37.290 -37.190 -36.990 -36.400 -35.910 -35.760 -35.680 -35.270 -34.510 -33.870 -33.350 -32.310 -31.170 -30.270 -29.620 -28.830 -28.140 -27.560 -26.980 -26.460 -25.930 -25.340 -24.870 -24.670 -23.990
-99999 -99999 -99999 -99999 -99999 -99999 -99999 -99999 -99999 -99999 -99999 -99999 -99999 -99999 -99999 -99999 -99999 -99999 -99999 -99999 -99999 -99999 -99999 -99999 -99999 -99999 -99999 -43.010 -42.770 -42.360 -41.870 -41.200 -40.540 -40.320 -40.110 -39.900 -39.790 -39.460 -39.250 -39.070 -38.960 -38.620 -38.210 -37.750 -37.420 -37.210 -36.710 -36.250 -35.820 -35.970 -35.460 -34.770 -34.590 -33.930 -32.710 -32.130 -30.860 -30.330 -29.430 -28.590 -27.990 -27.350 -26.920 -26.260 -25.760 -25.200 -24.700 -24.290
-99999 -99999 -99999 -99999 -99999 -99999 -99999 -99999 -99999 -99999 -99999 -99999 -99999 -99999 -99999 -99999 -99999 -99999 -99999 -99999 -99999 -99999 -99999 -99999 -99999 -99999 -99999 -99999 -99999 -99999 -99999 -40.610 -39.950 -39.550 -39.620 -39.750 -39.890 -39.640 -39.400 -39.370 -39.230 -38.830 -38.420 -38.010 -37.660 -37.480 -37.150 -36.730 -36.030 -36.190 -35.520 -35.140 -34.560 -34.460 -33.090 -32.440 -31.250 -30.570 -30.080 -29.220 -28.340 -27.730 -27.240 -26.490 -25.960 -25.450 -25.020 -24.480
-99999 -99999 -99999 -99999 -99999 -99999 -99999 -99999 -99999 -99999 -99999 -99999 -99999 -99999 -99999 -99999 -99999 -99999 -99999 -99999 -99999 -99999 -99999 -99999 -99999 -99999 -99999 -99999 -99999 -99999 -99999 -99999 -99999 -99999 -39.590 -39.720 -39.860 -39.800 -39.500 -39.340 -39.350 -38.930 -38.510 -38.200 -38.080 -37.780 -37.510 -37.320 -36.180 -35.900 -35.670 -35.550 -34.990 -34.220 -34.220 -33.180 -32.040 -31.630 -30.500 -29.760 -29.040 -28.270 -27.320 -26.890 -26.330 -25.810 -25.070 -24.770
-99999 -99999 -99999 -99999 -99999 -99999 -99999 -99999 -99999 -99999 -99999 -99999 -99999 -99999 -99999 -99999 -99999 -99999 -99999 -99999 -99999 -99999 -99999 -99999 -99999 -99999 -99999 -99999 -99999 -99999 -99999 -99999 -99999 -99999 -99999 -99999 -39.830 -39.970 -39.680 -39.440 -39.200 -39.020 -38.730 -38.630 -38.400 -38.060 -37.720 -37.370 -37.140 -36.670 -36.210 -35.890 -35.420 -34.690 -34.840 -33.550 -33.040 -32.600 -31.020 -30.150 -29.350 -28.650 -28.080 -27.220 -26.560 -26.350 -25.600 -24.880
-99999 -99999 -99999 -99999 -99999 -99999 -99999 -99999 -99999 -99999 -99999 -99999 -99999 -99999 -99999 -99999 -99999 -99999 -99999 -99999 -99999 -99999 -99999 -99999 -99999 -99999 -99999 -99999 -99999 -99999 -99999 -99999 -99999 -99999 -99999 -99999 -99999 -99999 -39.860 -39.630 -39.390 -39.170 -39.220 -39.210 -38.680 -38.310 -37.950 -37.600 -37.340 -36.900 -36.330 -36.050 -35.970 -35.260 -34.640 -34.100 -33.440 -33.090 -31.650 -30.850 -30.170 -29.170 -28.780 -27.920 -27.180 -26.500 -25.940 -25.370
-99999 -99999 -99999 -99999 -99999 -99999 -99999 -99999 -99999 -99999 -99999 -99999 -99999 -99999 -99999 -99999 -99999 -99999 -99999 -99999 -99999 -99999 -99999 -99999 -99999 -99999 -99999 -99999 -99999 -99999 -99999 -99999 -99999 -99999 -99999 -99999 -99999 -99999 -99999 -99999 -39.590 -39.360 -39.370 -39.230 -39.060 -38.580 -38.220 -37.870 -37.590 -37.250 -36.850 -36.570 -35.980 -35.350 -35.110 -34.830 -34.060 -33.270 -32.090 -31.380 -30.710 -29.880 -29.250 -28.380 -27.630 -27.140 -25.890 -25.750
-99999 -99999 -99999 -99999 -99999 -99999 -99999 -99999 -99999 -99999 -99999 -99999 -99999 -99999 -99999 -99999 -99999 -99999 -99999 -99999 -99999 -99999 -99999 -99999 -99999 -99999 -99999 -99999 -99999 -99999 -99999 -99999 -99999 -99999 -99999 -99999 -99999 -99999 -99999 -99999 -99999 -99999 -39.390 -39.240 -39.090 -38.900 -38.490 -38.160 -37.880 -37.620 -37.450 -36.760 -35.890 -35.360 -35.300 -35.260 -34.580 -33.810 -32.590 -31.810 -30.970 -30.320 -29.620 -28.890 -28.350 -27.440 -26.700 -26.020
-99999 -99999 -99999 -99999 -99999 -99999 -99999 -99999 -99999 -99999 -99999 -99999 -99999 -99999 -99999 -99999 -99999 -99999 -99999 -99999 -99999 -99999 -99999 -99999 -99999 -99999 -99999 -99999 -99999 -99999 -99999 -99999 -99999 -99999 -99999 -99999 -99999 -99999 -99999 -99999 -99999 -99999 -99999 -39.310 -39.140 -38.960 -38.760 -38.450 -38.140 -37.940 -37.380 -36.960 -36.730 -36.200 -35.730 -35.230 -35.000 -34.300 -33.750 -32.400 -31.290 -30.680 -30.100 -29.480 -28.930 -27.920 -27.310 -26.540
-99999 -99999 -99999 -99999 -99999 -99999 -99999 -99999 -99999 -99999 -99999 -99999 -99999 -99999 -99999 -99999 -99999 -99999 -99999 -99999 -99999 -99999 -99999 -99999 -99999 -99999 -99999 -99999 -99999 -99999 -99999 -99999 -99999 -99999 -99999 -99999 -99999 -99999 -99999 -99999 -99999 -99999 -99999 -99999 -39.260 -39.080 -38.900 -38.660 -38.370 -38.340 -38.310 -37.470 -36.600 -36.940 -35.870 -35.550 -35.200 -34.770 -33.780 -33.040 -32.230 -31.240 -30.590 -29.880 -29.320 -28.440 -27.800 -27.060
-99999 -99999 -99999 -99999 -99999 -99999 -99999 -99999 -99999 -99999 -99999 -99999 -99999 -99999 -99999 -99999 -99999 -99999 -99999 -99999 -99999 -99999 -99999 -99999 -99999 -99999 -99999 -99999 -99999 -99999 -99999 -99999 -99999 -99999 -99999 -99999 -99999 -99999 -99999 -99999 -99999 -99999 -99999 -99999 -99999 -99999 -39.020 -38.840 -38.540 -39.180 -38.640 -37.760 -36.970 -36.980 -36.090 -35.880 -35.720 -35.160 -34.410 -33.620 -33.240 -32.240 -31.070 -30.350 -29.800 -28.780 -28.220 -27.690
