0925_6225/LITTO3D_FRA_0929_6222_20150529_LAMB93_RGF93_IGN69/MNT5m/LITTO3D_FRA_0929_6222_MNT5_20150529_LAMB93_RGF93_IGN69.asc
ncols 200
nrows 200
xllcenter 929000.000
yllcenter 6221005.000
cellsize 5.0000
nodata_value -99999
[rows 30 to 59 of 200, columns 0 to 67 of 200]
-30.640 -30.170 -30.200 -29.790 -29.790 -29.410 -29.240 -28.880 -28.750 -28.320 -28.250 -27.820 -27.410 -27.230 -26.680 -26.240 -25.840 -25.010 -24.680 -24.250 -24.060 -23.760 -23.790 -23.650 -23.430 -22.910 -22.870 -22.450 -22.370 -22.110 -22.150 -22.000 -21.840 -21.780 -21.590 -21.570 -21.290 -21.280 -21.080 -20.890 -20.830 -20.680 -20.590 -20.540 -20.350 -20.340 -20.240 -20.140 -20.040 -19.860 -19.740 -19.510 -19.340 -19.220 -19.090 -18.920 -18.840 -18.550 -18.190 -17.910 -17.660 -17.690 -17.280 -17.010 -17.330 -17.270 -17.170 -17.200
-30.720 -30.700 -30.520 -30.080 -29.930 -29.700 -29.600 -29.510 -29.290 -29.190 -29.050 -28.530 -28.310 -27.950 -27.480 -27.230 -27.030 -26.610 -25.840 -25.310 -24.670 -24.590 -24.280 -24.170 -23.810 -23.450 -23.190 -23.040 -22.850 -22.800 -22.410 -22.530 -22.300 -22.210 -21.980 -21.740 -21.800 -21.550 -21.540 -21.310 -21.210 -21.120 -21.020 -20.910 -20.710 -20.610 -20.380 -20.250 -20.160 -19.940 -19.870 -19.610 -19.420 -19.230 -19.160 -18.940 -18.860 -18.470 -18.020 -18.030 -17.860 -17.770 -17.610 -17.390 -17.550 -17.320 -17.030 -17.120
-31.380 -31.300 -31.040 -30.720 -30.210 -30.350 -30.080 -29.820 -29.500 -29.550 -29.150 -28.920 -28.780 -28.430 -28.220 -27.920 -27.730 -27.360 -26.910 -26.590 -25.710 -25.210 -24.860 -24.670 -24.570 -24.430 -24.070 -23.780 -23.330 -23.320 -22.820 -22.880 -22.740 -22.500 -22.460 -22.240 -22.300 -22.020 -21.890 -21.700 -21.590 -21.310 -21.250 -21.060 -21.020 -20.770 -20.550 -20.490 -20.310 -20.030 -19.950 -19.710 -19.530 -19.310 -19.090 -19.110 -18.570 -18.530 -18.200 -18.060 -18.030 -17.900 -17.910 -17.720 -17.500 -17.270 -17.370 -17.270
-31.820 -31.810 -31.840 -31.580 -30.750 -30.590 -30.430 -30.360 -29.840 -29.640 -29.600 -29.370 -29.110 -28.800 -28.810 -28.430 -28.190 -28.050 -27.750 -27.390 -27.080 -26.610 -25.750 -25.670 -25.100 -24.890 -24.940 -24.320 -24.350 -24.210 -23.950 -23.500 -23.340 -22.890 -22.930 -22.720 -22.470 -22.430 -22.090 -22.200 -21.810 -21.850 -21.480 -21.430 -21.150 -20.950 -20.840 -20.760 -20.440 -20.240 -20.000 -19.850 -19.630 -19.300 -19.200 -18.980 -18.730 -18.310 -18.260 -18.150 -18.100 -18.010 -17.870 -17.910 -17.640 -17.450 -17.510 -17.430
-31.760 -31.990 -32.010 -31.790 -31.660 -30.880 -30.700 -30.600 -30.380 -29.920 -30.020 -29.910 -29.450 -29.340 -29.110 -28.890 -28.770 -28.440 -28.280 -28.110 -27.790 -27.650 -27.180 -27.000 -26.070 -25.570 -25.240 -25.180 -24.820 -24.540 -24.510 -24.160 -23.960 -23.700 -23.520 -23.250 -23.090 -22.900 -22.720 -22.540 -22.370 -22.050 -22.100 -21.690 -21.670 -21.420 -21.200 -21.000 -20.740 -20.440 -20.150 -19.900 -19.720 -19.570 -19.230 -18.890 -18.740 -18.460 -18.280 -18.140 -18.020 -18.030 -17.910 -17.980 -17.950 -17.930 -17.340 -17.440
-32.720 -32.810 -32.620 -31.940 -31.580 -31.370 -30.800 -30.740 -30.740 -30.470 -30.320 -30.240 -29.860 -29.710 -29.570 -29.500 -29.080 -28.830 -28.640 -28.380 -28.170 -28.060 -27.670 -27.470 -27.230 -26.410 -25.950 -25.870 -25.460 -25.090 -24.850 -24.590 -24.160 -24.190 -23.730 -23.790 -23.470 -23.250 -23.070 -22.830 -22.660 -22.700 -22.350 -22.070 -21.980 -21.680 -21.530 -21.190 -20.970 -20.590 -20.430 -19.970 -19.920 -19.580 -19.160 -18.970 -18.640 -18.430 -18.320 -18.210 -17.850 -17.870 -17.860 -17.980 -17.950 -17.810 -17.270 -17.490
-32.820 -32.530 -32.490 -32.380 -32.100 -31.820 -31.300 -31.000 -30.930 -31.030 -30.770 -30.440 -30.390 -30.170 -29.830 -29.640 -29.680 -29.170 -29.020 -28.810 -28.770 -28.270 -28.150 -27.900 -27.570 -27.370 -26.980 -26.620 -26.260 -25.660 -25.390 -24.860 -24.740 -24.590 -24.350 -24.090 -24.050 -23.720 -23.490 -23.080 -23.040 -22.960 -22.480 -22.490 -22.090 -22.000 -21.510 -21.260 -20.940 -20.720 -20.520 -20.170 -19.900 -19.620 -19.280 -18.860 -18.460 -18.550 -18.270 -18.130 -18.030 -17.900 -17.960 -18.010 -17.790 -17.630 -17.390 -17.250
-33.260 -32.960 -33.110 -32.410 -32.210 -32.070 -31.470 -31.530 -31.290 -31.200 -31.070 -30.890 -30.930 -30.550 -29.970 -29.830 -29.780 -29.470 -29.230 -28.890 -28.710 -28.490 -28.550 -28.030 -27.950 -27.420 -27.350 -27.330 -26.690 -26.110 -25.970 -25.650 -25.000 -25.010 -24.890 -24.420 -24.370 -24.050 -23.870 -23.760 -23.530 -23.300 -22.920 -22.770 -22.520 -22.100 -21.900 -21.400 -21.180 -20.980 -20.790 -20.390 -20.130 -19.760 -19.260 -18.820 -18.460 -18.150 -18.230 -18.180 -18.300 -18.300 -17.940 -18.130 -17.620 -17.470 -17.410 -17.380
-33.790 -33.820 -33.280 -32.590 -32.560 -32.460 -31.740 -31.820 -31.490 -31.210 -31.130 -31.120 -30.880 -30.600 -30.460 -30.180 -30.030 -29.780 -29.380 -29.190 -29.090 -28.960 -28.760 -28.640 -28.240 -28.010 -28.020 -27.490 -27.140 -26.510 -26.230 -25.760 -25.400 -25.090 -25.060 -24.580 -24.530 -24.370 -23.930 -23.950 -23.570 -23.470 -23.290 -22.880 -22.720 -22.390 -22.250 -21.890 -21.600 -21.260 -20.790 -20.510 -20.160 -19.840 -19.380 -19.050 -18.620 -18.310 -18.380 -18.340 -18.570 -18.320 -18.260 -18.210 -17.890 -17.530 -17.440 -17.580
-33.940 -33.520 -33.440 -32.730 -33.020 -32.580 -32.190 -32.090 -31.880 -31.660 -31.620 -31.160 -31.060 -30.730 -30.800 -30.660 -30.230 -29.790 -29.860 -29.590 -29.390 -29.430 -29.300 -28.790 -28.360 -28.350 -27.990 -27.800 -27.410 -27.300 -26.870 -25.860 -25.660 -25.430 -25.290 -25.020 -24.650 -24.560 -24.240 -24.160 -24.090 -23.850 -23.470 -23.180 -22.940 -22.640 -22.300 -22.060 -21.640 -21.490 -20.880 -20.610 -20.250 -19.930 -19.530 -18.930 -18.670 -18.450 -18.400 -18.450 -18.450 -18.440 -18.340 -18.290 -17.820 -17.540 -17.410 -17.630
-34.320 -34.110 -33.810 -33.570 -33.530 -33.350 -32.960 -32.350 -32.180 -31.920 -31.950 -31.550 -31.360 -31.180 -31.100 -30.920 -30.580 -30.300 -29.820 -29.990 -29.660 -29.510 -29.250 -28.900 -28.860 -28.490 -28.290 -27.970 -27.860 -27.360 -27.050 -26.610 -26.070 -25.910 -25.540 -25.370 -25.070 -24.880 -24.700 -24.300 -24.100 -23.780 -23.750 -23.380 -23.220 -22.880 -22.560 -22.260 -21.780 -21.290 -21.110 -20.610 -20.130 -19.770 -19.550 -19.180 -18.780 -18.340 -18.530 -18.340 -18.400 -18.400 -18.290 -18.360 -18.150 -17.860 -17.680 -17.640
-34.660 -34.190 -34.120 -33.750 -33.700 -33.420 -33.360 -32.810 -32.660 -32.110 -32.260 -32.200 -31.730 -31.450 -31.160 -30.920 -30.980 -30.550 -30.330 -30.020 -29.750 -29.700 -29.450 -29.270 -28.830 -28.660 -28.400 -28.170 -27.830 -27.340 -27.130 -27.000 -26.870 -26.050 -25.850 -25.610 -25.330 -24.930 -24.750 -24.650 -24.290 -24.040 -23.770 -23.550 -23.210 -22.950 -22.740 -22.320 -22.050 -21.680 -21.380 -20.800 -20.260 -20.060 -19.640 -19.300 -18.730 -18.470 -18.400 -18.600 -18.600 -18.400 -18.490 -18.430 -18.310 -18.010 -17.820 -17.680
-34.310 -34.520 -33.970 -34.200 -33.800 -33.880 -33.960 -33.010 -32.890 -32.670 -32.600 -32.630 -32.470 -31.740 -31.650 -31.620 -31.190 -31.010 -30.700 -30.180 -30.020 -29.770 -29.690 -29.290 -29.220 -28.970 -28.810 -28.500 -28.210 -27.780 -27.500 -27.170 -26.960 -26.370 -26.330 -25.730 -25.540 -24.910 -24.890 -24.730 -24.450 -24.180 -24.050 -23.730 -23.330 -23.150 -22.850 -22.430 -22.130 -21.690 -21.430 -20.750 -20.430 -20.140 -19.580 -19.420 -18.900 -18.470 -18.320 -18.470 -18.380 -18.460 -18.420 -18.350 -18.320 -18.320 -17.860 -17.910
-34.880 -34.730 -34.640 -34.610 -34.240 -34.300 -34.480 -33.460 -33.560 -33.300 -32.820 -32.550 -32.350 -32.190 -31.950 -31.720 -31.480 -31.280 -31.050 -30.790 -30.410 -30.310 -29.960 -29.700 -29.440 -29.350 -28.950 -28.770 -28.360 -28.100 -27.840 -27.390 -26.990 -26.860 -26.550 -26.120 -25.840 -25.210 -24.900 -24.850 -24.410 -24.340 -24.030 -23.940 -23.570 -23.350 -22.970 -22.640 -22.320 -22.040 -21.590 -21.120 -20.650 -20.220 -19.930 -19.430 -19.150 -18.510 -18.180 -18.330 -18.580 -18.420 -18.200 -18.320 -18.370 -18.380 -18.010 -18.050
-35.190 -34.890 -35.070 -34.750 -34.920 -34.670 -34.330 -33.530 -33.610 -33.460 -33.190 -32.900 -32.750 -32.540 -32.340 -32.070 -31.750 -31.530 -31.190 -30.990 -30.730 -30.370 -30.350 -29.820 -29.860 -29.460 -29.520 -29.000 -28.650 -28.340 -28.050 -27.730 -27.460 -26.910 -26.800 -26.160 -26.100 -25.520 -25.110 -24.900 -24.610 -24.290 -24.180 -24.110 -23.860 -23.280 -23.150 -22.840 -22.470 -22.060 -21.770 -21.240 -20.600 -20.310 -19.910 -19.570 -19.300 -18.670 -18.220 -18.200 -18.330 -18.350 -18.360 -18.340 -18.790 -18.670 -18.610 -18.470
-35.130 -34.790 -35.190 -34.910 -34.940 -34.810 -34.200 -34.320 -34.210 -33.900 -33.120 -33.110 -32.730 -32.590 -32.410 -32.290 -31.910 -31.680 -31.600 -31.430 -31.270 -30.740 -30.390 -30.040 -29.880 -29.760 -29.450 -29.220 -28.950 -28.510 -28.340 -28.050 -27.710 -27.360 -27.160 -26.730 -26.500 -26.140 -25.720 -25.340 -24.970 -24.300 -24.240 -24.050 -23.920 -23.670 -23.330 -23.100 -22.620 -22.420 -21.760 -21.550 -20.780 -20.510 -20.050 -19.570 -19.120 -18.800 -18.520 -18.560 -18.540 -18.840 -18.730 -18.690 -18.780 -18.810 -18.750 -18.540
-35.420 -35.490 -35.360 -35.340 -35.350 -35.210 -34.960 -34.940 -34.520 -34.560 -34.060 -33.750 -33.230 -33.350 -33.380 -33.250 -32.160 -32.230 -31.680 -31.700 -31.640 -31.500 -30.940 -30.530 -30.320 -30.110 -29.620 -29.350 -29.280 -29.060 -28.670 -28.480 -27.970 -27.520 -27.320 -27.160 -26.650 -26.460 -25.940 -25.620 -25.430 -24.970 -24.520 -24.380 -24.010 -23.770 -23.430 -23.160 -22.920 -22.550 -22.010 -21.750 -21.140 -20.700 -20.310 -19.790 -19.320 -18.980 -18.720 -18.750 -18.840 -18.860 -19.130 -18.880 -19.020 -18.850 -18.840 -18.630
-36.040 -35.820 -36.070 -35.630 -35.660 -35.600 -35.610 -35.340 -35.270 -35.090 -34.830 -34.260 -33.830 -33.660 -33.520 -32.990 -32.600 -32.490 -32.230 -31.970 -32.130 -31.900 -31.710 -30.980 -30.840 -30.490 -30.000 -29.790 -29.490 -29.320 -28.830 -28.630 -28.390 -27.920 -27.780 -27.260 -27.000 -26.670 -26.150 -25.960 -25.670 -25.240 -24.770 -24.380 -24.120 -23.920 -23.750 -23.340 -23.050 -22.680 -22.300 -21.760 -21.290 -20.730 -20.430 -20.000 -19.590 -19.490 -19.160 -19.000 -19.100 -19.310 -19.310 -19.240 -19.240 -19.060 -19.120 -18.910
-35.980 -36.050 -36.290 -36.000 -36.030 -36.020 -35.940 -35.680 -35.530 -35.240 -34.750 -34.630 -34.370 -34.190 -33.440 -33.150 -33.180 -32.900 -32.570 -32.340 -32.300 -32.100 -31.740 -31.550 -31.470 -31.270 -30.580 -29.750 -29.750 -29.420 -29.300 -28.910 -28.630 -28.480 -28.130 -27.600 -27.230 -27.030 -26.790 -26.370 -25.860 -25.670 -25.470 -24.840 -24.260 -24.030 -23.680 -23.390 -23.160 -22.690 -22.390 -21.890 -21.360 -20.940 -20.500 -20.150 -19.730 -19.650 -19.310 -19.440 -19.450 -19.320 -19.300 -19.370 -19.270 -19.090 -19.150 -18.850
-36.280 -35.880 -36.510 -36.530 -35.960 -35.940 -35.850 -35.760 -35.430 -35.300 -34.970 -34.800 -34.490 -34.560 -33.700 -33.640 -33.560 -33.380 -32.970 -32.650 -32.420 -32.360 -32.080 -31.740 -31.610 -31.450 -30.870 -30.400 -30.050 -29.690 -29.590 -29.340 -29.050 -28.790 -28.430 -28.100 -27.740 -27.450 -27.210 -26.630 -26.090 -25.810 -25.550 -25.030 -24.620 -24.430 -23.880 -23.560 -23.190 -22.900 -22.410 -21.880 -21.340 -21.030 -20.780 -20.130 -19.760 -19.570 -19.450 -19.540 -19.600 -19.390 -19.360 -19.350 -19.290 -19.230 -19.100 -18.900
-36.560 -36.700 -37.030 -36.350 -36.300 -36.070 -35.980 -35.900 -35.840 -35.610 -35.370 -35.110 -35.300 -34.850 -34.360 -34.190 -33.900 -33.410 -33.480 -33.130 -32.820 -32.580 -32.200 -32.090 -31.950 -31.840 -31.470 -31.020 -30.920 -30.100 -29.990 -29.760 -29.450 -28.990 -28.880 -28.450 -27.980 -27.760 -27.480 -27.060 -26.610 -26.200 -25.720 -25.280 -24.840 -24.370 -24.230 -23.770 -23.560 -22.890 -22.630 -22.190 -21.650 -21.340 -20.840 -20.350 -19.870 -19.550 -19.690 -19.540 -19.580 -19.540 -19.400 -19.330 -19.280 -19.180 -19.130 -18.960
-37.090 -36.870 -36.810 -36.930 -36.590 -36.410 -36.360 -36.410 -35.940 -35.870 -35.550 -35.640 -35.040 -35.080 -34.880 -34.450 -34.300 -34.180 -33.680 -33.250 -33.050 -32.870 -32.480 -32.380 -31.980 -32.070 -31.820 -31.220 -31.350 -30.610 -30.320 -29.830 -29.640 -29.200 -28.910 -28.610 -28.330 -27.940 -27.770 -27.700 -27.030 -26.460 -25.900 -25.560 -25.070 -24.720 -24.390 -24.010 -23.910 -23.180 -22.730 -22.390 -22.010 -21.500 -21.090 -20.570 -20.210 -19.790 -19.660 -19.760 -19.610 -19.500 -19.420 -19.320 -19.270 -19.190 -19.090 -18.680
-36.930 -36.820 -36.920 -37.200 -36.760 -36.360 -36.640 -35.980 -36.040 -36.260 -35.850 -35.810 -35.550 -35.600 -35.400 -34.860 -34.570 -34.520 -33.930 -33.490 -33.260 -33.430 -32.770 -32.970 -32.660 -32.500 -31.910 -31.520 -30.990 -30.720 -30.490 -30.050 -29.850 -29.690 -29.320 -29.080 -28.730 -28.380 -28.080 -27.790 -27.260 -26.870 -26.120 -25.770 -25.250 -24.980 -24.550 -24.280 -24.000 -23.410 -22.900 -22.570 -22.140 -21.670 -21.350 -20.660 -20.380 -19.880 -19.760 -19.810 -19.660 -19.600 -19.480 -19.380 -19.270 -19.330 -19.030 -18.540
-37.030 -36.890 -37.140 -37.290 -36.960 -36.920 -36.620 -36.590 -36.430 -36.440 -35.970 -35.930 -35.800 -35.730 -35.430 -35.230 -35.260 -34.980 -34.820 -34.440 -34.000 -33.610 -33.310 -33.070 -33.110 -32.720 -32.240 -32.070 -31.810 -31.230 -30.810 -30.510 -30.400 -30.220 -29.670 -29.310 -29.100 -28.660 -28.340 -27.890 -27.650 -27.030 -26.580 -26.210 -25.500 -25.070 -24.710 -24.320 -23.980 -23.690 -23.230 -22.830 -22.590 -21.980 -21.690 -21.100 -20.630 -19.930 -19.950 -19.660 -19.710 -19.620 -19.490 -19.470 -19.380 -19.320 -18.830 -18.720
-37.880 -37.580 -37.350 -37.360 -37.190 -37.120 -36.870 -36.940 -36.670 -36.390 -36.310 -36.320 -35.920 -35.790 -35.720 -35.440 -35.450 -35.300 -34.870 -34.610 -34.280 -33.940 -33.400 -33.450 -33.140 -32.940 -32.830 -32.650 -32.160 -31.620 -31.380 -30.870 -30.670 -30.350 -29.820 -29.860 -29.260 -28.930 -28.730 -28.410 -27.850 -27.380 -26.940 -26.510 -26.000 -25.420 -25.070 -24.680 -24.360 -23.840 -23.530 -23.060 -22.570 -22.170 -21.740 -21.360 -20.390 -20.230 -19.900 -19.780 -19.620 -19.650 -19.510 -19.380 -19.460 -19.370 -19.240 -18.760
-37.350 -37.360 -37.560 -37.690 -37.580 -37.300 -37.260 -36.990 -36.860 -36.530 -36.530 -36.220 -35.890 -35.740 -35.790 -35.570 -35.410 -35.450 -34.800 -34.760 -34.780 -34.260 -34.070 -33.830 -33.200 -33.300 -33.140 -32.860 -32.610 -32.220 -31.930 -31.860 -31.650 -31.170 -30.400 -29.930 -29.720 -29.160 -29.010 -28.750 -28.150 -27.700 -27.270 -26.720 -26.430 -25.850 -25.360 -24.900 -24.420 -23.920 -23.610 -23.300 -22.750 -22.480 -22.130 -21.690 -20.930 -20.070 -19.860 -19.810 -19.630 -19.530 -19.550 -19.470 -19.410 -19.410 -19.420 -19.040
-38.130 -37.910 -37.750 -38.080 -37.310 -37.050 -37.180 -36.900 -37.030 -36.700 -36.900 -36.760 -36.370 -36.170 -36.180 -35.820 -35.850 -35.370 -35.630 -35.140 -35.040 -34.560 -34.510 -34.420 -33.630 -33.380 -33.160 -32.970 -32.730 -32.480 -32.270 -32.210 -31.980 -31.650 -31.430 -30.530 -29.930 -29.560 -29.220 -28.900 -28.620 -28.210 -27.350 -27.200 -26.450 -26.290 -25.760 -25.110 -24.700 -24.090 -23.670 -23.250 -23.010 -22.970 -22.020 -21.590 -21.420 -20.780 -20.240 -19.790 -19.930 -19.850 -19.860 -19.750 -19.550 -19.570 -19.460 -19.310
-37.850 -38.110 -38.010 -37.690 -37.840 -37.530 -37.510 -37.600 -37.320 -37.290 -36.970 -37.050 -37.080 -36.560 -36.440 -36.160 -36.130 -35.970 -35.750 -35.560 -35.180 -34.900 -34.920 -34.370 -33.960 -33.860 -33.510 -33.300 -33.130 -32.700 -32.450 -32.080 -32.140 -32.110 -31.450 -31.320 -30.230 -30.360 -29.560 -29.050 -28.590 -28.390 -27.990 -27.360 -27.000 -26.600 -26.050 -25.390 -24.960 -24.350 -24.000 -23.650 -23.180 -22.890 -22.240 -21.910 -21.620 -21.160 -20.700 -20.260 -19.920 -19.940 -19.730 -19.820 -19.540 -19.540 -19.340 -19.040
-38.300 -37.800 -38.250 -38.060 -37.870 -37.940 -37.680 -37.680 -37.370 -37.250 -37.320 -37.200 -36.980 -37.010 -36.730 -36.550 -36.310 -35.880 -35.840 -35.480 -35.350 -35.280 -34.990 -35.000 -34.750 -34.170 -33.950 -33.570 -33.490 -32.810 -32.650 -32.620 -32.160 -31.880 -31.620 -31.200 -30.890 -30.420 -29.810 -29.460 -29.160 -28.660 -28.190 -27.500 -27.170 -26.940 -26.480 -26.280 -25.370 -24.600 -24.240 -24.170 -23.330 -23.050 -22.730 -22.380 -22.000 -21.470 -21.070 -20.770 -20.500 -20.000 -20.320 -19.870 -19.740 -19.570 -19.320 -19.060
-38.080 -38.320 -37.930 -37.930 -37.940 -38.150 -37.930 -37.920 -37.470 -37.450 -37.530 -36.910 -37.230 -36.770 -36.770 -36.580 -36.710 -36.520 -36.210 -35.860 -35.570 -35.300 -35.130 -35.050 -34.770 -34.720 -34.420 -34.350 -33.800 -33.560 -33.250 -32.740 -32.500 -32.180 -31.910 -31.800 -31.260 -31.270 -30.470 -30.240 -29.730 -29.090 -28.300 -28.310 -27.900 -27.250 -26.480 -26.080 -25.440 -25.040 -24.650 -24.220 -23.640 -23.120 -22.990 -22.720 -22.440 -21.710 -21.640 -21.220 -20.870 -20.350 -20.570 -20.350 -20.030 -19.660 -19.710 -19.420
