0925_6225/LITTO3D_FRA_0929_6222_20150529_LAMB93_RGF93_IGN69/MNT5m/LITTO3D_FRA_0929_6222_MNT5_20150529_LAMB93_RGF93_IGN69.asc
ncols 200
nrows 200
xllcenter 929000.000
yllcenter 6221005.000
cellsize 5.0000
nodata_value -99999
[rows 0 to 29 of 200, columns 0 to 67 of 200]
-19.510 -19.290 -19.120 -18.880 -18.920 -18.940 -18.910 -18.810 -18.730 -18.740 -18.740 -18.730 -18.690 -18.640 -18.640 -18.550 -18.530 -18.470 -18.400 -18.350 -18.190 -18.290 -18.040 -17.990 -17.910 -17.830 -17.840 -17.780 -17.580 -17.530 -17.490 -17.370 -17.510 -17.370 -17.150 -17.210 -17.160 -17.120 -17.090 -16.940 -17.110 -17.140 -16.920 -17.000 -16.740 -16.880 -16.730 -16.740 -16.900 -16.560 -16.620 -16.260 -16.570 -15.860 -15.860 -15.620 -15.510 -15.410 -15.540 -14.940 -15.340 -15.530 -15.450 -15.000 -15.110 -15.310 -15.240 -15.210
-19.680 -19.400 -19.390 -19.200 -19.030 -18.850 -18.810 -18.870 -18.810 -18.580 -19.040 -18.830 -18.880 -18.650 -18.700 -18.600 -18.600 -18.510 -18.400 -18.520 -18.310 -18.200 -18.170 -17.970 -18.110 -17.960 -17.810 -17.880 -17.840 -17.660 -17.660 -17.460 -17.500 -17.510 -17.290 -17.330 -17.230 -17.250 -17.250 -17.070 -17.180 -17.180 -17.130 -17.070 -17.090 -16.860 -16.810 -16.610 -16.630 -16.600 -16.630 -16.610 -16.300 -16.320 -16.460 -15.720 -15.810 -15.770 -15.840 -15.070 -15.180 -15.270 -15.470 -15.100 -15.220 -15.270 -15.300 -15.260
-19.800 -19.690 -19.570 -19.370 -19.160 -19.050 -19.140 -18.960 -18.970 -19.170 -19.000 -18.920 -18.970 -18.900 -18.850 -18.750 -18.670 -18.600 -18.490 -18.430 -18.440 -18.300 -18.320 -18.200 -18.160 -17.990 -18.040 -17.980 -18.000 -17.810 -17.710 -17.530 -17.470 -17.600 -17.400 -17.470 -17.420 -17.190 -17.370 -17.210 -17.350 -17.260 -17.170 -17.050 -17.160 -17.070 -16.990 -16.770 -16.730 -16.720 -16.530 -16.550 -16.350 -16.340 -16.330 -15.900 -15.820 -15.600 -15.370 -15.250 -15.370 -15.110 -15.680 -15.480 -15.440 -15.170 -15.400 -15.430
-20.080 -19.940 -19.830 -19.740 -19.470 -19.320 -19.130 -19.130 -19.110 -19.150 -19.120 -19.020 -18.980 -18.980 -18.870 -18.850 -18.780 -18.700 -18.560 -18.500 -18.490 -18.390 -18.320 -18.270 -18.260 -18.230 -18.050 -18.010 -17.940 -17.890 -17.870 -17.630 -17.620 -17.750 -17.620 -17.470 -17.430 -17.430 -17.370 -17.410 -17.370 -17.270 -17.230 -17.250 -17.130 -17.080 -16.970 -16.820 -16.700 -16.650 -16.620 -16.530 -16.510 -16.280 -16.630 -15.850 -15.710 -16.120 -15.490 -15.460 -15.300 -15.620 -15.350 -15.630 -15.410 -15.450 -15.150 -15.330
-20.400 -20.000 -20.000 -19.870 -19.740 -19.420 -19.470 -19.240 -19.280 -19.230 -19.210 -19.140 -19.110 -19.020 -18.950 -18.920 -18.830 -18.770 -18.640 -18.580 -18.540 -18.490 -18.380 -18.370 -18.260 -18.300 -18.210 -18.190 -18.030 -18.090 -18.010 -17.820 -17.760 -17.740 -17.630 -17.580 -17.480 -17.500 -17.340 -17.530 -17.390 -17.330 -17.240 -17.280 -17.230 -17.210 -17.050 -16.820 -16.650 -16.650 -16.850 -16.450 -16.460 -16.120 -15.960 -15.780 -15.750 -16.110 -15.990 -16.160 -15.770 -15.890 -15.730 -15.660 -15.690 -15.550 -15.420 -15.310
-20.370 -20.130 -20.180 -20.050 -19.690 -19.610 -19.360 -19.490 -19.570 -19.500 -19.300 -19.320 -19.200 -19.120 -19.040 -18.940 -18.980 -18.850 -18.850 -18.710 -18.660 -18.620 -18.550 -18.470 -18.340 -18.330 -18.240 -18.220 -18.170 -18.000 -17.950 -17.790 -17.880 -17.810 -17.660 -17.760 -17.670 -17.470 -17.520 -17.570 -17.560 -17.460 -17.380 -17.370 -17.300 -17.160 -17.100 -16.970 -16.880 -16.730 -16.800 -16.670 -16.620 -16.560 -15.990 -15.940 -16.060 -16.130 -16.280 -16.140 -15.930 -15.960 -15.820 -15.780 -15.980 -15.370 -15.330 -15.440
-20.850 -20.400 -20.190 -20.180 -20.050 -19.870 -19.690 -19.770 -19.810 -19.630 -19.490 -19.430 -19.280 -19.230 -19.160 -19.070 -19.010 -18.940 -18.860 -18.870 -18.810 -18.730 -18.610 -18.530 -18.420 -18.420 -18.360 -18.290 -18.250 -18.180 -18.080 -17.940 -17.810 -17.730 -17.820 -17.830 -17.670 -17.630 -17.640 -17.540 -17.470 -17.480 -17.310 -17.350 -17.240 -17.220 -17.170 -17.050 -16.970 -16.840 -16.780 -16.980 -16.800 -16.600 -16.550 -16.150 -16.050 -15.960 -16.370 -16.140 -15.960 -15.970 -16.040 -15.970 -15.820 -15.200 -15.690 -15.600
-20.970 -20.550 -20.630 -20.330 -20.410 -20.100 -19.880 -19.750 -19.930 -19.760 -19.690 -19.570 -19.430 -19.290 -19.330 -19.230 -19.120 -19.080 -18.910 -18.930 -18.850 -18.890 -18.670 -18.630 -18.600 -18.580 -18.480 -18.310 -18.330 -18.170 -18.190 -18.090 -17.780 -17.990 -17.880 -17.710 -17.660 -17.640 -17.640 -17.580 -17.520 -17.540 -17.420 -17.320 -17.360 -17.310 -17.260 -17.200 -17.010 -17.060 -17.040 -16.850 -16.570 -16.690 -16.590 -15.890 -16.330 -16.170 -16.280 -16.330 -15.960 -16.050 -15.960 -15.870 -15.910 -15.690 -15.760 -15.630
-21.420 -21.000 -20.980 -20.870 -20.520 -20.210 -20.350 -20.260 -20.030 -19.980 -19.820 -19.740 -19.700 -19.540 -19.470 -19.430 -19.350 -19.250 -19.150 -19.040 -19.030 -18.900 -18.940 -18.770 -18.730 -18.610 -18.580 -18.450 -18.420 -18.330 -18.300 -18.160 -18.160 -18.110 -17.920 -17.870 -17.840 -17.630 -17.760 -17.690 -17.520 -17.620 -17.530 -17.410 -17.410 -17.360 -17.300 -17.200 -17.150 -17.100 -17.050 -16.990 -16.900 -16.820 -16.960 -16.760 -16.800 -16.840 -16.050 -16.250 -16.300 -16.090 -16.040 -16.050 -15.700 -15.780 -15.700 -15.640
-21.760 -21.320 -21.220 -21.090 -20.900 -20.460 -20.560 -20.400 -20.390 -20.080 -20.120 -20.000 -19.860 -19.640 -19.620 -19.560 -19.500 -19.360 -19.260 -19.180 -19.140 -19.090 -19.000 -18.860 -18.850 -18.840 -18.670 -18.550 -18.470 -18.460 -18.420 -18.260 -18.220 -18.210 -18.120 -17.990 -17.970 -17.790 -17.820 -17.750 -17.760 -17.690 -17.630 -17.490 -17.550 -17.380 -17.330 -17.460 -17.230 -17.160 -17.260 -17.020 -16.970 -17.070 -16.970 -16.650 -16.820 -16.220 -15.940 -16.340 -16.300 -16.100 -16.110 -16.150 -15.710 -15.850 -15.770 -15.660
-21.950 -21.410 -21.390 -21.190 -20.830 -21.190 -20.980 -20.780 -20.450 -20.350 -20.240 -20.150 -19.940 -19.790 -19.690 -19.680 -19.640 -19.460 -19.450 -19.270 -19.310 -19.160 -19.060 -18.930 -18.820 -18.860 -18.710 -18.690 -18.610 -18.510 -18.530 -18.440 -18.370 -18.380 -18.220 -18.170 -18.110 -17.930 -18.020 -17.840 -17.740 -17.750 -17.710 -17.650 -17.530 -17.390 -17.360 -17.400 -17.090 -17.250 -17.120 -16.950 -17.140 -16.960 -16.950 -16.800 -16.890 -16.230 -16.270 -16.290 -15.950 -16.160 -16.150 -16.020 -15.960 -15.640 -15.800 -15.700
-21.930 -21.660 -21.620 -21.550 -21.370 -21.230 -21.110 -20.920 -20.670 -20.730 -20.330 -20.260 -20.050 -20.020 -19.890 -19.830 -19.660 -19.550 -19.460 -19.460 -19.310 -19.280 -19.200 -19.030 -18.900 -18.850 -18.800 -18.750 -18.690 -18.560 -18.500 -18.500 -18.410 -18.420 -18.300 -18.280 -18.170 -18.050 -17.930 -17.890 -17.800 -17.890 -17.700 -17.550 -17.580 -17.510 -17.480 -17.480 -17.310 -17.250 -17.330 -17.200 -17.150 -17.000 -16.890 -16.920 -16.770 -16.270 -16.380 -16.190 -16.350 -16.210 -16.250 -16.140 -15.990 -15.850 -15.750 -15.720
-22.430 -22.130 -21.650 -21.600 -21.440 -21.340 -21.330 -20.970 -20.950 -20.690 -20.560 -20.260 -20.230 -20.040 -20.050 -19.910 -19.870 -19.650 -19.590 -19.620 -19.450 -19.390 -19.260 -19.170 -19.090 -18.960 -18.940 -18.810 -18.820 -18.690 -18.660 -18.610 -18.530 -18.400 -18.410 -18.250 -18.330 -18.140 -18.060 -18.110 -17.910 -17.880 -17.750 -17.660 -17.650 -17.610 -17.570 -17.520 -17.490 -17.340 -17.290 -17.280 -17.140 -17.160 -16.980 -16.920 -16.960 -16.520 -16.740 -16.470 -16.210 -16.260 -16.090 -16.230 -15.920 -15.330 -15.890 -15.780
-22.560 -22.320 -22.040 -22.000 -21.930 -21.590 -21.460 -21.240 -21.090 -20.900 -20.660 -20.490 -20.270 -20.160 -20.130 -19.960 -19.930 -19.850 -19.680 -19.620 -19.580 -19.410 -19.370 -19.330 -19.200 -19.090 -19.020 -18.930 -18.880 -18.780 -18.740 -18.710 -18.650 -18.430 -18.520 -18.270 -18.290 -18.270 -18.180 -18.130 -18.010 -17.960 -17.810 -17.800 -17.670 -17.640 -17.510 -17.480 -17.530 -17.380 -17.300 -17.290 -17.140 -17.070 -17.040 -16.950 -16.830 -16.610 -16.440 -16.390 -16.470 -16.250 -16.150 -16.300 -16.030 -15.880 -15.910 -15.870
-22.910 -22.670 -22.420 -22.220 -21.970 -21.680 -21.610 -21.510 -21.340 -21.150 -20.970 -20.650 -20.540 -20.200 -20.280 -20.080 -20.000 -20.070 -19.800 -19.770 -19.570 -19.580 -19.510 -19.410 -19.290 -19.240 -19.010 -19.100 -18.910 -18.920 -18.880 -18.630 -18.720 -18.510 -18.550 -18.420 -18.380 -18.340 -18.220 -18.200 -18.130 -18.020 -18.050 -17.820 -17.710 -17.670 -17.690 -17.550 -17.470 -17.230 -17.270 -17.200 -17.100 -17.030 -17.100 -16.950 -16.850 -16.230 -16.280 -16.560 -16.420 -16.080 -16.220 -16.200 -16.200 -16.200 -15.640 -16.080
-23.340 -23.170 -22.760 -22.750 -22.310 -22.080 -21.770 -21.640 -21.470 -21.320 -21.250 -21.000 -20.750 -20.460 -20.380 -20.300 -20.170 -20.010 -19.880 -19.870 -19.750 -19.660 -19.600 -19.470 -19.520 -19.310 -19.290 -19.180 -19.150 -18.990 -18.920 -18.790 -18.660 -18.680 -18.450 -18.510 -18.350 -18.450 -18.280 -18.170 -18.190 -17.980 -18.070 -17.940 -17.860 -17.570 -17.590 -17.510 -17.450 -17.350 -17.230 -17.220 -17.140 -17.020 -16.950 -16.810 -16.600 -16.760 -16.380 -16.050 -15.880 -16.210 -16.240 -16.270 -16.250 -16.110 -16.090 -15.960
-24.050 -23.670 -22.890 -22.890 -22.550 -22.340 -22.070 -21.820 -21.750 -21.520 -21.320 -21.300 -21.060 -20.940 -20.450 -20.510 -20.340 -20.190 -20.010 -20.010 -19.910 -19.690 -19.760 -19.660 -19.450 -19.500 -19.330 -19.320 -19.210 -19.050 -19.030 -18.900 -18.850 -18.840 -18.610 -18.600 -18.510 -18.430 -18.320 -18.230 -18.240 -18.140 -17.950 -17.930 -17.870 -17.800 -17.630 -17.490 -17.300 -17.370 -17.170 -17.110 -17.160 -16.930 -17.030 -16.970 -16.850 -16.900 -16.780 -15.850 -16.260 -16.250 -16.230 -16.150 -16.240 -16.180 -16.130 -16.070
-24.640 -24.230 -23.280 -23.200 -22.840 -22.560 -22.230 -21.910 -21.920 -21.720 -21.660 -21.370 -21.300 -21.120 -20.850 -20.680 -20.510 -20.360 -20.300 -20.010 -20.000 -20.020 -19.970 -19.740 -19.620 -19.620 -19.330 -19.330 -19.250 -19.170 -19.130 -18.990 -18.940 -18.820 -18.680 -18.590 -18.600 -18.490 -18.470 -18.300 -18.270 -18.190 -18.030 -17.900 -17.820 -17.700 -17.690 -17.440 -17.410 -17.260 -17.190 -17.050 -17.080 -17.030 -17.000 -17.050 -16.940 -16.900 -16.940 -16.060 -16.250 -16.250 -16.260 -16.070 -16.040 -16.120 -16.030 -16.020
-24.970 -24.070 -23.610 -23.280 -23.110 -22.850 -22.760 -22.410 -22.260 -21.980 -21.740 -21.610 -21.430 -21.260 -21.090 -20.860 -20.760 -20.540 -20.480 -20.280 -20.270 -20.060 -20.010 -19.890 -19.800 -19.760 -19.640 -19.420 -19.400 -19.270 -19.180 -19.120 -19.040 -18.940 -18.810 -18.680 -18.600 -18.580 -18.500 -18.460 -18.300 -18.250 -18.130 -18.060 -17.960 -17.860 -17.820 -17.600 -17.470 -17.170 -17.200 -17.000 -17.040 -17.010 -16.980 -16.950 -16.800 -16.720 -16.790 -16.460 -16.120 -16.160 -16.130 -16.180 -16.100 -16.120 -16.010 -15.980
-25.050 -24.150 -23.730 -23.610 -23.400 -23.170 -22.910 -22.690 -22.500 -22.400 -21.730 -21.790 -21.590 -21.490 -21.210 -21.030 -20.850 -20.820 -20.550 -20.520 -20.380 -20.240 -20.100 -19.980 -19.880 -19.860 -19.710 -19.540 -19.520 -19.340 -19.350 -19.230 -19.100 -19.060 -18.990 -18.840 -18.800 -18.590 -18.610 -18.530 -18.410 -18.270 -18.250 -18.140 -18.030 -17.870 -17.850 -17.740 -17.560 -17.270 -17.310 -17.530 -17.110 -17.170 -16.970 -16.960 -16.710 -16.700 -16.640 -16.630 -16.100 -16.120 -16.110 -16.150 -16.150 -16.040 -16.040 -15.860
-25.450 -24.950 -24.160 -24.020 -23.700 -23.370 -23.050 -22.890 -22.640 -22.650 -22.310 -22.040 -21.790 -21.480 -21.550 -21.290 -21.180 -21.020 -20.950 -20.690 -20.500 -20.450 -20.310 -20.190 -20.020 -20.000 -19.910 -19.770 -19.690 -19.540 -19.450 -19.360 -19.270 -19.170 -19.150 -18.950 -18.930 -18.810 -18.730 -18.650 -18.580 -18.400 -18.340 -18.280 -18.280 -18.160 -18.200 -17.820 -17.600 -16.980 -17.300 -17.370 -17.170 -17.120 -16.870 -16.810 -16.680 -16.580 -16.550 -16.190 -16.150 -15.990 -16.110 -16.130 -16.150 -16.150 -16.090 -16.060
-26.200 -25.830 -25.380 -24.470 -23.820 -23.620 -23.450 -23.230 -22.930 -22.700 -22.700 -22.360 -22.280 -21.670 -21.610 -21.510 -21.320 -21.320 -20.990 -20.930 -20.770 -20.660 -20.510 -20.470 -20.300 -20.130 -20.010 -19.880 -19.910 -19.710 -19.590 -19.460 -19.470 -19.330 -19.280 -19.130 -19.070 -18.930 -18.840 -18.820 -18.720 -18.640 -18.500 -18.470 -18.420 -18.450 -18.440 -18.330 -18.100 -17.520 -17.510 -17.430 -17.310 -17.150 -17.080 -16.670 -16.780 -16.180 -15.950 -15.970 -15.990 -16.040 -15.930 -16.110 -15.940 -16.100 -16.130 -16.110
-26.660 -26.550 -26.430 -25.790 -24.690 -24.050 -23.930 -23.500 -23.240 -23.000 -22.920 -22.630 -22.500 -22.200 -21.900 -21.740 -21.510 -21.440 -21.280 -21.220 -20.950 -20.760 -20.700 -20.580 -20.380 -20.390 -20.260 -20.140 -20.060 -19.930 -19.860 -19.730 -19.620 -19.540 -19.410 -19.300 -19.250 -19.140 -19.100 -18.990 -18.980 -18.860 -18.780 -18.670 -18.530 -18.640 -18.490 -18.400 -18.250 -17.430 -17.680 -17.490 -17.470 -17.230 -17.390 -16.950 -16.850 -16.570 -16.400 -16.320 -15.950 -16.050 -16.040 -16.230 -16.480 -15.860 -16.100 -16.130
-27.330 -27.240 -27.170 -26.660 -26.120 -25.380 -24.440 -23.810 -23.470 -23.220 -22.960 -22.970 -22.740 -22.680 -22.340 -22.150 -21.840 -21.580 -21.580 -21.280 -21.130 -20.960 -20.930 -20.770 -20.660 -20.460 -20.390 -20.280 -20.190 -20.060 -20.120 -19.920 -19.920 -19.710 -19.610 -19.580 -19.440 -19.260 -19.280 -19.080 -19.080 -18.980 -18.890 -18.970 -18.780 -18.770 -18.620 -18.560 -18.300 -17.780 -17.800 -17.610 -17.800 -17.850 -17.810 -17.710 -17.110 -16.960 -17.000 -16.570 -16.590 -16.630 -16.050 -16.220 -16.400 -16.460 -16.220 -16.200
-27.750 -27.840 -27.470 -27.150 -26.800 -26.380 -25.720 -24.340 -24.300 -23.870 -23.500 -23.220 -23.120 -22.820 -22.660 -22.450 -22.220 -21.950 -21.760 -21.630 -21.390 -21.270 -21.180 -21.040 -20.700 -20.760 -20.630 -20.620 -20.410 -20.400 -20.270 -20.160 -19.930 -19.950 -19.860 -19.760 -19.560 -19.460 -19.530 -19.330 -19.160 -19.190 -19.170 -19.080 -18.880 -18.850 -18.790 -18.540 -18.470 -18.120 -17.930 -17.670 -17.850 -18.170 -18.170 -17.950 -18.000 -17.530 -17.260 -16.850 -16.510 -16.720 -16.480 -16.170 -16.550 -16.420 -16.470 -16.450
-28.070 -27.980 -27.670 -27.630 -27.380 -26.960 -26.440 -26.060 -25.020 -24.470 -24.030 -23.390 -23.320 -23.050 -22.900 -22.660 -22.570 -22.260 -21.990 -21.950 -21.710 -21.560 -21.360 -21.160 -21.150 -20.900 -20.950 -20.780 -20.660 -20.510 -20.450 -20.420 -20.260 -20.140 -20.040 -19.990 -19.780 -19.730 -19.630 -19.600 -19.570 -19.440 -19.400 -19.300 -19.170 -19.010 -18.950 -18.580 -18.440 -18.350 -18.370 -18.400 -18.360 -18.480 -18.280 -18.270 -18.230 -18.150 -17.750 -17.600 -17.020 -17.110 -17.380 -16.450 -16.180 -16.620 -16.710 -16.640
-28.580 -28.490 -28.400 -28.230 -28.020 -27.580 -27.340 -26.740 -26.310 -25.750 -24.670 -24.130 -23.970 -23.560 -23.300 -23.340 -23.020 -22.870 -22.250 -22.510 -22.080 -21.880 -21.560 -21.490 -21.490 -21.160 -21.280 -21.030 -20.970 -20.770 -20.580 -20.610 -20.540 -20.390 -20.300 -20.240 -20.080 -19.920 -19.860 -19.850 -19.760 -19.580 -19.610 -19.600 -19.450 -19.320 -19.290 -19.080 -18.850 -18.990 -18.680 -18.550 -18.730 -18.580 -18.610 -18.460 -18.490 -18.110 -17.510 -17.560 -17.120 -16.770 -17.200 -16.280 -16.500 -16.630 -16.770 -16.790
-29.000 -29.120 -28.920 -28.570 -28.370 -28.150 -27.880 -27.370 -26.880 -26.180 -25.660 -25.210 -24.530 -24.290 -23.780 -23.650 -23.340 -23.140 -23.090 -22.880 -22.740 -22.480 -22.240 -21.760 -21.700 -21.650 -21.440 -21.400 -21.220 -21.260 -20.980 -21.040 -20.790 -20.650 -20.590 -20.440 -20.310 -20.240 -20.240 -20.140 -19.970 -19.850 -19.880 -19.770 -19.720 -19.610 -19.600 -19.360 -19.440 -19.310 -19.160 -18.940 -18.860 -18.670 -18.640 -18.480 -18.490 -18.200 -17.800 -17.560 -17.370 -17.330 -17.240 -17.180 -16.620 -16.720 -16.740 -16.730
-29.380 -29.360 -29.130 -29.020 -28.840 -28.890 -28.420 -28.100 -27.590 -27.200 -26.830 -26.400 -25.660 -25.130 -24.770 -24.100 -23.960 -23.780 -23.580 -23.200 -23.210 -23.000 -22.600 -22.380 -22.030 -21.950 -21.670 -21.750 -21.710 -21.600 -21.540 -21.140 -21.200 -20.930 -20.920 -20.830 -20.710 -20.600 -20.530 -20.440 -20.230 -20.030 -20.100 -20.030 -19.960 -19.940 -19.850 -19.750 -19.420 -19.500 -19.480 -19.040 -18.940 -18.920 -18.860 -18.680 -18.600 -18.450 -18.060 -17.750 -17.530 -17.300 -17.410 -17.340 -17.230 -16.540 -16.850 -16.770
-29.960 -29.790 -29.660 -29.480 -29.150 -29.220 -28.710 -28.470 -28.260 -27.700 -27.410 -27.080 -26.730 -26.300 -26.110 -25.100 -24.400 -24.230 -24.020 -23.820 -23.480 -23.470 -23.210 -23.050 -22.380 -22.450 -22.130 -22.060 -21.940 -21.660 -21.790 -21.510 -21.560 -21.260 -21.220 -21.080 -20.870 -20.850 -20.760 -20.650 -20.610 -20.430 -20.420 -20.240 -20.170 -20.140 -20.020 -20.020 -19.930 -19.810 -19.570 -19.390 -19.030 -19.200 -18.960 -18.790 -18.740 -18.420 -18.220 -17.870 -17.640 -17.350 -17.350 -17.190 -17.380 -17.080 -17.150 -16.980
