0925_6225/LITTO3D_FRA_0929_6222_20150529_LAMB93_RGF93_IGN69/MNT5m/LITTO3D_FRA_0929_6222_MNT5_20150529_LAMB93_RGF93_IGN69.asc
ncols 200
nrows 200
xllcenter 929000.000
yllcenter 6221005.000
cellsize 5.0000
nodata_value -99999
[rows 0 to 29 of 200, columns 68 to 135 of 200]
-15.100 -15.170 -14.670 -14.880 -14.880 -14.900 -14.800 -14.650 -14.650 -14.580 -14.610 -14.560 -14.410 -14.420 -14.410 -14.190 -14.370 -14.260 -14.220 -14.180 -14.170 -14.190 -14.170 -14.100 -14.110 -14.090 -14.010 -13.980 -13.930 -13.890 -13.800 -13.760 -13.650 -13.490 -13.260 -13.230 -13.270 -12.470 -10.350 -11.880 -10.790 -9.900 -11.100 -10.840 -10.130 -8.570 -9.050 -9.000 -8.560 -7.110 -7.550 -7.320 -5.600 -4.630 -3.660 -4.540 -3.660 -5.000 -5.130 -4.340 -4.380 -4.210 -4.260 -3.090 -3.980 -2.930 -2.380 -1.270
-15.290 -15.190 -15.160 -15.120 -15.140 -15.060 -14.890 -14.740 -14.800 -14.650 -14.470 -14.550 -14.540 -14.370 -14.350 -14.360 -14.360 -14.260 -14.250 -14.330 -14.230 -14.210 -14.180 -14.080 -14.090 -14.080 -14.130 -14.020 -14.040 -14.020 -13.940 -13.850 -13.670 -13.820 -13.500 -13.450 -13.570 -13.430 -12.920 -13.170 -12.650 -12.400 -12.200 -10.730 -10.290 -9.140 -9.070 -8.820 -8.680 -7.880 -7.240 -5.660 -5.630 -4.440 -6.630 -6.210 -5.610 -4.780 -5.390 -4.910 -4.780 -4.480 -4.510 -4.390 -3.820 -3.770 -3.540 -2.590
-15.250 -15.240 -15.200 -15.150 -15.080 -15.020 -14.920 -14.760 -14.700 -14.690 -14.630 -14.580 -14.580 -14.460 -14.460 -14.360 -14.290 -14.330 -14.320 -14.370 -14.360 -14.260 -14.300 -14.260 -14.260 -14.200 -14.160 -14.040 -14.270 -14.020 -13.920 -13.960 -13.810 -13.570 -13.750 -13.760 -13.770 -13.480 -13.340 -13.200 -12.020 -11.750 -10.410 -7.560 -10.330 -9.910 -9.170 -9.720 -8.660 -9.120 -8.470 -5.360 -5.220 -5.770 -5.880 -6.140 -6.160 -5.740 -5.260 -4.850 -4.940 -4.730 -4.680 -4.290 -4.190 -4.260 -4.120 -3.690
-15.340 -15.360 -15.270 -15.040 -15.050 -14.940 -14.770 -14.660 -14.660 -14.660 -14.580 -14.680 -14.570 -14.580 -14.460 -14.440 -14.390 -14.580 -14.320 -14.610 -14.450 -14.590 -14.340 -14.320 -14.330 -14.280 -14.210 -14.160 -13.850 -14.150 -14.110 -14.150 -13.920 -14.040 -13.700 -13.700 -13.790 -13.690 -13.780 -13.300 -13.260 -13.240 -10.510 -9.640 -11.040 -9.870 -9.390 -9.710 -9.020 -7.660 -8.700 -8.260 -8.070 -7.490 -6.730 -7.020 -6.480 -5.670 -5.570 -5.330 -4.780 -4.920 -5.060 -4.930 -4.680 -4.850 -4.600 -2.570
-15.550 -15.440 -15.340 -15.230 -14.930 -15.170 -15.140 -14.900 -14.930 -14.730 -14.560 -14.950 -14.700 -14.810 -14.660 -14.700 -14.540 -14.600 -14.430 -14.430 -14.340 -14.420 -14.390 -14.370 -14.320 -14.340 -14.230 -14.110 -14.170 -14.110 -14.170 -14.160 -13.820 -14.130 -13.900 -13.850 -13.820 -13.690 -13.660 -13.420 -13.330 -13.240 -13.080 -12.010 -11.640 -11.440 -10.950 -10.000 -9.990 -8.860 -9.010 -6.120 -7.620 -8.090 -7.440 -7.170 -6.840 -6.460 -6.180 -5.920 -5.560 -5.590 -5.480 -5.360 -3.420 -2.900 -4.930 -2.620
-15.600 -15.380 -15.410 -15.390 -15.210 -15.240 -15.090 -15.110 -15.020 -14.980 -14.460 -14.860 -14.890 -14.790 -14.830 -14.700 -14.730 -14.600 -14.610 -14.590 -14.480 -14.490 -14.490 -14.440 -14.330 -14.280 -14.300 -13.840 -14.170 -14.170 -14.200 -14.170 -14.150 -13.990 -13.960 -13.960 -13.850 -13.890 -13.870 -13.760 -13.300 -13.530 -13.280 -11.330 -12.290 -11.340 -10.120 -8.170 -7.890 -8.080 -8.650 -5.160 -8.810 -8.380 -8.190 -7.850 -7.210 -6.750 -6.750 -6.550 -6.190 -5.680 -5.940 -2.540 -1.880 -5.390 -3.350 -2.010
-15.570 -15.550 -15.430 -15.310 -15.280 -15.260 -15.350 -15.220 -15.080 -15.090 -15.100 -14.910 -14.480 -14.760 -14.830 -14.690 -14.760 -14.680 -14.660 -14.530 -14.650 -14.370 -14.480 -14.620 -14.480 -14.360 -14.330 -14.240 -14.320 -14.090 -14.200 -14.290 -13.930 -14.020 -14.010 -14.110 -14.310 -13.800 -13.840 -13.800 -13.560 -12.790 -12.470 -13.250 -12.330 -10.350 -9.360 -8.880 -11.380 -10.990 -11.210 -9.540 -9.330 -9.000 -8.640 -8.410 -8.110 -7.640 -7.210 -7.030 -6.140 -6.930 -2.480 -1.660 -2.880 -5.830 -5.210 -4.360
-15.520 -15.540 -15.450 -15.410 -15.430 -15.110 -15.210 -15.190 -15.230 -15.150 -15.110 -14.920 -14.940 -14.810 -14.880 -14.960 -14.670 -14.880 -14.670 -14.570 -14.490 -14.460 -14.630 -14.540 -14.530 -14.600 -14.490 -14.560 -14.210 -14.200 -14.340 -14.350 -14.190 -14.160 -13.900 -13.860 -13.910 -13.810 -13.870 -13.810 -13.740 -13.580 -12.810 -13.200 -11.660 -9.950 -9.540 -11.790 -12.760 -11.780 -11.280 -10.480 -9.860 -9.520 -8.930 -8.850 -7.820 -8.180 -7.390 -5.260 -7.440 -7.580 -3.680 -2.890 -4.090 -3.230 -4.920 -5.720
-15.550 -15.500 -15.450 -15.440 -15.350 -15.320 -15.170 -15.270 -15.140 -15.100 -15.170 -14.800 -15.060 -14.560 -14.830 -14.760 -14.500 -14.880 -14.800 -14.640 -14.790 -14.860 -14.650 -14.680 -14.670 -14.520 -14.720 -14.480 -14.480 -13.940 -14.460 -14.380 -14.430 -14.280 -14.020 -13.950 -13.740 -13.980 -14.010 -13.930 -13.880 -13.720 -13.550 -13.640 -13.270 -13.160 -13.120 -13.140 -12.970 -12.120 -11.510 -10.030 -9.890 -9.800 -9.580 -9.060 -8.790 -8.510 -7.910 -7.120 -7.790 -7.820 -4.150 -4.310 -4.630 -3.720 -5.560 -6.160
-15.490 -15.610 -15.470 -15.440 -15.370 -15.370 -15.170 -15.260 -15.190 -15.040 -15.230 -15.190 -15.190 -15.190 -15.040 -15.130 -14.740 -14.950 -14.800 -14.780 -14.910 -14.710 -14.710 -14.420 -14.570 -14.670 -14.750 -14.740 -14.750 -14.380 -14.520 -14.460 -14.330 -14.230 -13.840 -13.920 -14.180 -13.850 -13.980 -13.970 -13.950 -13.610 -13.620 -13.490 -13.310 -13.130 -13.040 -13.080 -13.260 -12.820 -11.770 -11.030 -10.430 -9.960 -9.950 -8.190 -7.890 -9.490 -7.820 -4.970 -5.190 -7.630 -4.050 -4.620 -5.420 -5.320 -5.380 -4.800
-15.600 -15.480 -15.630 -15.360 -15.470 -15.260 -15.320 -15.320 -15.160 -15.290 -15.230 -15.150 -15.120 -15.260 -15.250 -15.120 -15.050 -15.090 -14.990 -14.950 -14.820 -14.740 -14.790 -14.540 -14.810 -14.590 -14.680 -14.670 -14.710 -14.580 -14.610 -14.450 -14.530 -14.270 -14.090 -13.960 -14.160 -14.000 -13.930 -13.870 -13.790 -13.820 -13.920 -13.680 -13.640 -13.600 -13.300 -13.190 -13.260 -13.060 -12.190 -11.890 -11.060 -10.960 -10.220 -8.400 -9.540 -10.020 -5.680 -5.190 -6.710 -7.030 -6.840 -4.660 -2.800 -6.550 -4.260 -3.960
-15.670 -15.530 -15.570 -15.460 -15.320 -15.450 -15.430 -15.390 -15.310 -15.140 -15.340 -15.300 -15.280 -15.190 -15.250 -15.190 -15.240 -15.130 -15.190 -15.120 -14.870 -15.040 -14.750 -14.410 -14.790 -14.500 -14.620 -14.720 -14.660 -14.560 -14.580 -14.600 -14.450 -14.250 -14.300 -14.130 -14.170 -14.250 -13.910 -14.030 -13.840 -13.880 -13.810 -13.800 -13.710 -13.680 -13.530 -13.400 -12.990 -12.940 -12.550 -12.060 -11.520 -11.520 -11.130 -10.840 -10.940 -10.320 -7.200 -8.410 -9.240 -8.130 -5.360 -7.000 -8.250 -7.920 -3.110 -5.300
-15.800 -15.640 -15.590 -15.440 -15.480 -15.400 -15.360 -15.320 -15.360 -15.300 -15.240 -15.140 -15.130 -15.290 -15.200 -15.220 -15.140 -15.170 -15.070 -14.970 -15.000 -15.020 -14.960 -14.890 -14.540 -14.410 -14.770 -14.730 -14.700 -14.650 -14.630 -14.610 -14.590 -14.600 -14.250 -14.300 -14.220 -14.230 -14.170 -14.100 -14.000 -13.880 -13.960 -13.880 -13.940 -13.770 -13.600 -13.530 -13.120 -12.880 -12.540 -12.300 -12.110 -12.080 -10.290 -11.170 -11.170 -9.160 -8.390 -9.750 -9.300 -8.070 -7.210 -8.970 -8.490 -6.510 -6.390 -8.050
-15.860 -15.640 -15.800 -15.440 -15.400 -15.540 -15.530 -15.480 -15.480 -15.070 -15.360 -15.330 -15.260 -15.310 -15.170 -15.090 -15.200 -15.080 -15.180 -15.060 -14.950 -14.940 -14.950 -14.990 -14.980 -14.690 -14.860 -14.720 -14.670 -14.700 -14.570 -14.630 -14.560 -14.610 -14.540 -14.380 -14.340 -14.190 -14.110 -14.070 -13.990 -13.990 -13.950 -13.720 -13.890 -13.780 -13.680 -13.670 -13.330 -12.980 -12.950 -12.520 -12.550 -12.430 -10.430 -10.310 -10.850 -7.920 -6.640 -6.770 -9.380 -8.970 -9.260 -9.170 -8.280 -8.670 -8.640 -8.660
-15.940 -15.940 -15.770 -15.550 -15.700 -15.750 -15.650 -15.580 -15.560 -15.380 -15.420 -15.140 -15.350 -15.310 -15.270 -15.160 -15.260 -15.210 -15.180 -15.130 -15.060 -15.020 -15.060 -15.000 -15.060 -14.750 -15.040 -15.000 -14.830 -14.760 -14.550 -14.570 -14.650 -14.700 -14.560 -14.670 -14.620 -14.440 -14.340 -14.050 -14.080 -14.010 -13.810 -13.800 -13.870 -14.000 -13.630 -13.590 -13.350 -13.020 -12.990 -12.830 -12.430 -12.200 -11.430 -11.670 -11.310 -7.940 -6.810 -8.240 -9.920 -9.510 -9.650 -9.180 -9.290 -9.360 -9.430 -9.140
-15.910 -15.860 -15.840 -15.810 -15.680 -15.660 -15.590 -15.580 -15.460 -15.070 -15.350 -15.380 -15.350 -15.400 -15.460 -15.270 -15.200 -15.160 -15.210 -15.180 -15.070 -15.040 -15.180 -15.080 -15.020 -14.860 -14.970 -15.030 -15.000 -14.870 -14.680 -14.600 -14.670 -14.690 -14.790 -14.790 -14.690 -14.630 -14.560 -14.680 -14.370 -14.290 -13.860 -13.810 -13.890 -14.010 -13.480 -13.480 -13.310 -13.030 -12.960 -12.130 -10.770 -10.310 -10.830 -12.130 -11.610 -8.890 -8.400 -9.690 -11.050 -10.600 -10.070 -9.740 -9.330 -9.490 -9.740 -9.690
-15.910 -15.980 -15.910 -15.790 -15.880 -15.670 -15.740 -15.650 -15.740 -15.280 -15.420 -15.360 -15.330 -15.390 -15.360 -15.380 -15.340 -15.410 -15.220 -15.080 -15.110 -15.120 -15.140 -15.150 -15.020 -15.040 -15.080 -15.040 -15.180 -14.970 -15.030 -14.790 -14.550 -14.790 -14.750 -14.840 -14.690 -14.630 -14.560 -14.560 -14.490 -14.370 -14.190 -14.080 -13.940 -14.020 -13.890 -13.450 -13.430 -13.090 -13.080 -11.670 -10.780 -11.470 -10.160 -12.590 -12.260 -12.200 -9.700 -11.180 -11.220 -11.300 -10.810 -10.140 -10.160 -9.690 -9.870 -9.980
-15.930 -15.900 -15.870 -15.800 -15.770 -15.730 -15.720 -15.910 -15.560 -15.460 -15.620 -15.510 -15.620 -15.440 -15.430 -15.340 -15.260 -15.420 -15.270 -15.280 -15.220 -15.190 -15.090 -15.080 -15.030 -15.130 -15.090 -15.020 -15.080 -15.170 -15.030 -14.990 -14.950 -14.800 -14.870 -14.890 -14.850 -14.750 -14.640 -14.420 -14.340 -14.390 -14.370 -14.220 -13.640 -13.930 -13.890 -13.800 -13.480 -13.410 -13.190 -12.560 -11.560 -12.210 -12.650 -12.730 -12.640 -12.500 -12.350 -11.740 -11.020 -11.250 -11.080 -10.990 -10.820 -10.470 -10.360 -10.220
-15.870 -16.000 -15.800 -15.890 -15.770 -15.770 -15.690 -15.760 -15.670 -15.670 -15.650 -15.660 -15.590 -15.640 -15.510 -15.470 -15.430 -15.410 -15.270 -15.230 -15.310 -15.190 -15.180 -15.140 -15.040 -15.070 -15.020 -15.040 -15.120 -15.160 -15.150 -15.030 -15.000 -14.910 -14.930 -14.870 -14.780 -14.700 -14.630 -14.470 -14.380 -14.610 -14.280 -14.060 -13.840 -14.040 -13.850 -13.730 -13.620 -13.500 -13.490 -13.270 -13.000 -12.830 -12.490 -12.660 -12.640 -12.180 -12.090 -11.720 -11.140 -11.210 -10.770 -10.920 -10.780 -10.570 -10.350 -9.910
-15.880 -15.950 -16.000 -15.930 -15.660 -15.790 -15.890 -15.740 -15.720 -15.690 -15.690 -15.700 -15.600 -15.660 -15.490 -15.570 -15.450 -15.440 -15.270 -15.320 -15.320 -15.200 -15.060 -15.150 -15.100 -15.120 -14.950 -15.030 -15.020 -15.010 -14.990 -14.900 -15.020 -14.930 -14.990 -14.860 -14.790 -14.720 -14.580 -14.400 -14.440 -14.540 -14.460 -14.310 -14.220 -14.140 -13.780 -13.880 -13.750 -13.430 -13.450 -13.290 -12.990 -12.700 -12.650 -12.300 -12.380 -11.910 -12.090 -11.980 -11.510 -11.090 -10.740 -10.890 -10.640 -10.420 -10.350 -10.410
-15.870 -15.870 -15.840 -15.920 -15.900 -15.900 -15.870 -15.810 -15.830 -15.800 -15.710 -15.760 -15.750 -15.610 -15.700 -15.670 -15.700 -15.490 -15.470 -15.190 -15.240 -15.310 -15.180 -15.250 -15.010 -15.050 -15.030 -15.010 -15.010 -14.890 -14.960 -14.970 -15.040 -14.930 -15.030 -14.980 -14.860 -14.870 -14.380 -14.380 -14.660 -14.610 -14.580 -14.480 -14.360 -14.090 -13.830 -14.080 -13.940 -13.820 -13.570 -13.350 -13.240 -12.870 -12.630 -12.300 -12.240 -11.990 -11.960 -11.710 -11.120 -11.080 -10.860 -10.470 -10.590 -10.430 -10.510 -10.600
-16.180 -15.900 -15.930 -15.990 -15.860 -15.750 -15.960 -15.760 -15.790 -15.810 -15.810 -15.670 -15.700 -15.450 -15.570 -15.660 -15.650 -15.560 -15.680 -15.400 -15.340 -15.310 -14.950 -15.500 -15.440 -15.350 -15.340 -15.280 -15.070 -14.760 -14.890 -15.010 -15.000 -14.950 -14.960 -15.030 -14.970 -14.890 -14.860 -14.650 -14.710 -14.670 -14.620 -14.530 -14.470 -14.160 -14.200 -14.080 -13.900 -13.730 -13.540 -13.400 -13.020 -12.930 -12.480 -12.260 -12.250 -12.190 -11.800 -11.830 -11.460 -11.140 -11.110 -10.830 -10.780 -10.680 -10.720 -10.700
-16.100 -16.010 -16.010 -16.030 -15.830 -16.000 -16.010 -15.820 -15.860 -15.800 -15.660 -15.650 -15.720 -15.390 -15.520 -15.920 -15.850 -15.690 -15.710 -15.780 -15.820 -15.590 -15.130 -15.590 -15.490 -15.330 -15.300 -15.090 -15.290 -15.170 -15.150 -15.120 -15.100 -14.980 -15.000 -14.830 -15.120 -14.980 -15.060 -14.820 -14.730 -14.640 -14.720 -14.680 -14.570 -14.160 -14.300 -14.250 -14.040 -13.920 -13.560 -13.450 -13.130 -12.890 -12.540 -12.330 -12.130 -12.080 -12.050 -11.840 -11.690 -11.490 -11.150 -10.870 -10.920 -10.750 -10.840 -10.810
-16.160 -16.260 -16.010 -16.010 -16.140 -16.040 -15.940 -16.150 -16.170 -16.140 -15.650 -15.780 -16.090 -16.010 -16.060 -15.890 -16.260 -15.520 -15.680 -15.870 -15.580 -15.840 -15.620 -15.820 -15.650 -15.650 -15.720 -15.810 -15.800 -15.650 -15.590 -15.460 -15.350 -15.020 -14.900 -15.020 -15.090 -15.100 -15.070 -15.010 -14.930 -14.650 -14.590 -14.640 -14.600 -14.210 -14.280 -14.010 -14.030 -13.720 -13.730 -13.570 -13.180 -12.810 -12.500 -12.460 -12.210 -12.340 -12.190 -12.170 -11.710 -11.290 -11.070 -11.200 -11.110 -11.060 -10.960 -10.910
-15.980 -15.960 -16.040 -16.100 -16.140 -16.220 -16.030 -16.200 -16.230 -16.320 -16.000 -16.390 -15.790 -16.250 -16.230 -16.060 -16.200 -15.860 -15.990 -16.090 -15.890 -15.960 -15.930 -15.810 -15.820 -15.830 -15.840 -15.770 -15.720 -15.700 -15.680 -15.450 -15.270 -15.300 -14.930 -15.190 -15.230 -15.170 -15.210 -15.130 -14.960 -14.750 -14.850 -14.750 -14.530 -14.340 -14.430 -14.190 -13.880 -13.850 -13.740 -13.710 -13.390 -13.120 -12.620 -12.730 -12.430 -12.480 -12.280 -12.180 -11.860 -11.510 -11.140 -11.440 -11.270 -11.180 -11.140 -10.820
-16.230 -16.190 -16.400 -16.400 -16.360 -16.540 -16.400 -16.350 -16.150 -16.360 -16.430 -16.490 -16.360 -16.340 -16.500 -16.090 -16.210 -16.260 -16.140 -16.080 -16.150 -16.250 -15.680 -15.830 -15.770 -15.730 -15.720 -15.740 -15.700 -15.620 -15.680 -15.590 -15.540 -15.630 -15.440 -15.030 -15.340 -15.170 -15.080 -15.120 -14.950 -14.990 -15.040 -14.810 -14.660 -14.470 -14.530 -14.260 -13.880 -13.920 -13.740 -13.580 -13.090 -12.790 -12.710 -12.860 -12.770 -12.480 -12.380 -12.010 -11.620 -11.620 -11.530 -11.490 -11.280 -11.280 -11.210 -11.030
-16.710 -16.430 -16.140 -16.420 -16.450 -16.520 -16.550 -16.590 -16.650 -16.110 -16.360 -16.480 -16.400 -16.370 -16.410 -16.390 -16.370 -16.340 -16.410 -16.330 -16.370 -16.320 -15.930 -16.060 -16.060 -15.890 -15.700 -15.690 -15.570 -15.550 -15.680 -15.860 -15.760 -15.590 -15.500 -15.390 -15.160 -15.180 -15.060 -14.930 -15.010 -15.040 -14.950 -15.000 -14.850 -14.350 -14.480 -14.330 -13.980 -13.930 -14.190 -13.550 -13.400 -13.000 -12.940 -12.890 -12.870 -12.540 -11.970 -12.040 -12.040 -11.730 -11.540 -11.520 -11.490 -11.460 -11.380 -11.120
-16.790 -16.630 -16.140 -16.120 -16.110 -16.210 -16.230 -16.540 -16.630 -16.850 -16.310 -16.470 -16.480 -16.500 -16.430 -16.380 -16.410 -16.260 -16.360 -16.290 -16.320 -16.140 -16.190 -16.130 -16.040 -15.910 -15.850 -15.720 -15.820 -15.790 -15.660 -15.800 -15.760 -15.730 -15.500 -15.680 -15.490 -15.350 -15.140 -15.210 -15.220 -14.970 -15.040 -15.100 -14.900 -14.750 -14.560 -14.540 -14.360 -14.210 -13.950 -13.690 -13.260 -13.140 -13.130 -12.720 -12.710 -12.710 -12.360 -12.190 -12.140 -11.940 -11.830 -11.540 -11.620 -11.510 -11.390 -11.180
-16.740 -16.650 -16.090 -16.430 -16.430 -16.620 -16.620 -16.610 -16.690 -16.710 -16.200 -16.520 -16.480 -16.510 -16.530 -16.360 -16.370 -16.390 -16.380 -16.290 -16.220 -16.190 -16.130 -16.070 -15.990 -15.760 -15.800 -15.860 -15.790 -15.790 -15.900 -15.920 -15.840 -15.910 -16.000 -15.780 -15.790 -15.630 -15.560 -15.340 -15.340 -15.310 -15.120 -15.140 -15.080 -15.220 -14.790 -14.790 -14.560 -14.040 -13.990 -13.800 -13.540 -13.550 -13.230 -13.080 -12.760 -12.840 -12.590 -12.330 -12.210 -12.090 -11.910 -11.840 -11.590 -11.570 -11.320 -11.250
-16.730 -16.640 -16.620 -16.470 -16.420 -16.610 -16.760 -16.700 -16.740 -16.680 -16.540 -16.670 -16.540 -16.540 -15.980 -16.510 -16.370 -16.440 -16.360 -16.450 -16.350 -16.310 -15.930 -16.020 -15.990 -15.650 -15.870 -16.060 -15.940 -15.680 -15.890 -15.830 -15.890 -15.860 -15.850 -15.820 -15.690 -15.720 -15.570 -15.560 -15.530 -15.520 -15.280 -15.340 -15.160 -15.160 -14.960 -14.800 -14.700 -14.400 -14.050 -13.800 -13.520 -13.510 -13.640 -13.040 -12.750 -12.790 -12.790 -12.330 -12.430 -12.370 -11.980 -11.710 -11.690 -11.570 -11.390 -11.240
