0925_6225/LITTO3D_FRA_0929_6225_20150529_LAMB93_RGF93_IGN69/MNT5m/LITTO3D_FRA_0929_6225_MNT5_20150128_LAMB93_RGF93_IGN69.asc
ncols 200
nrows 200
xllcenter 929000.000
yllcenter 6224005.000
cellsize 5.0000
nodata_value -99999
[rows 0 to 31 of 200, columns 0 to 70 of 200]
11.810 11.870 11.950 12.200 12.090 11.990 12.050 12.480 12.240 12.530 12.590 12.840 12.910 12.860 13.270 12.990 13.360 13.250 13.440 13.740 13.780 13.910 14.040 13.900 14.220 14.030 14.330 14.480 14.560 14.690 14.720 15.010 15.130 15.250 14.850 15.250 15.550 15.350 15.500 15.580 15.550 15.800 15.690 15.630 15.430 15.360 15.350 15.440 15.320 15.490 15.690 16.080 16.290 16.400 16.830 16.930 16.720 17.060 17.170 17.300 17.310 17.580 17.570 17.850 17.890 18.410 18.080 18.370 18.850 18.900 19.120
11.690 11.780 12.090 12.390 12.540 12.390 12.190 12.250 12.200 12.100 12.760 12.780 13.010 13.130 12.920 12.780 13.000 13.550 13.390 13.910 13.770 13.880 13.990 14.110 14.030 13.880 14.120 14.480 14.640 14.760 15.090 15.280 15.520 15.490 15.520 15.750 15.870 15.700 15.680 15.770 16.070 16.230 16.100 16.050 15.790 15.510 15.680 15.670 15.860 15.680 15.950 16.180 16.590 16.460 17.380 17.390 17.460 17.050 17.220 17.390 17.410 17.400 17.570 17.670 17.630 17.970 17.770 18.090 18.510 18.460 18.680
11.770 11.920 12.060 12.420 12.630 12.720 12.590 12.470 12.340 12.430 12.650 12.820 12.920 12.790 12.660 12.610 13.160 13.360 13.490 13.730 13.970 13.940 13.960 14.240 14.070 14.380 14.430 14.620 14.620 14.860 15.190 15.360 15.500 15.620 15.630 15.890 15.880 15.800 15.960 15.970 16.320 16.540 16.350 16.450 16.230 16.560 16.840 17.350 16.080 16.190 16.230 16.640 16.660 16.470 17.540 17.470 17.550 17.260 17.350 17.340 17.470 17.440 17.580 17.430 17.340 17.960 17.980 18.060 18.310 18.370 18.720
11.630 11.940 12.370 12.760 12.630 12.530 12.530 12.380 12.240 12.470 12.610 12.630 12.800 12.890 12.490 12.650 12.860 13.440 13.610 13.840 14.380 14.250 14.020 14.200 14.140 14.540 14.620 14.670 14.650 14.790 15.090 15.400 15.770 15.820 15.760 15.950 15.890 15.910 16.040 16.110 16.660 16.520 16.560 16.630 16.790 17.450 17.360 17.460 16.640 16.670 16.690 16.970 16.610 16.580 17.010 17.270 17.170 17.280 17.300 17.070 17.470 17.440 17.430 17.560 17.420 17.910 18.060 18.110 17.970 18.100 18.470
11.660 11.900 12.060 12.600 12.420 12.590 12.550 12.410 12.390 12.480 12.690 12.720 12.740 12.880 12.980 13.000 13.160 13.410 13.780 13.870 13.880 13.890 14.070 14.060 14.090 14.500 14.430 14.680 14.800 15.010 15.080 15.650 15.740 15.720 15.700 15.680 15.900 16.080 15.960 16.150 16.710 16.580 16.570 16.940 17.370 17.450 17.400 17.460 17.260 17.090 16.830 16.770 16.660 16.650 16.670 16.730 16.800 16.950 17.040 17.080 17.240 17.370 17.350 17.450 17.470 17.950 18.090 18.050 18.070 18.180 18.090
11.660 11.860 12.130 12.160 12.340 12.260 12.270 12.220 12.660 12.490 12.330 12.760 12.750 13.060 12.910 13.110 13.220 13.360 13.650 13.840 13.840 13.800 13.960 14.190 14.210 14.440 14.580 14.410 14.550 14.950 15.390 15.470 15.540 15.620 15.710 15.720 15.600 15.600 15.700 16.020 16.700 16.670 16.740 17.210 17.270 17.360 17.290 17.160 16.810 16.660 16.410 16.420 16.670 16.780 17.180 17.120 16.930 16.960 16.890 16.910 16.930 16.910 17.090 17.250 17.420 17.840 18.150 18.000 18.080 18.200 17.990
11.680 11.740 11.660 12.100 11.850 11.860 12.100 12.200 12.460 12.530 12.710 12.750 12.750 12.870 13.110 12.890 13.080 13.290 13.380 13.580 13.610 13.980 14.030 14.140 14.050 14.000 14.450 14.030 14.650 14.920 15.180 15.480 15.540 15.600 15.710 15.790 15.820 15.600 15.670 16.570 16.640 16.800 16.830 17.460 16.960 17.040 17.150 17.080 16.600 16.540 16.640 16.680 16.710 17.100 16.990 17.220 17.370 17.420 17.240 17.080 17.100 17.000 17.080 17.280 17.410 17.590 17.530 17.550 17.980 17.990 17.960
11.560 11.450 11.470 11.480 11.550 11.960 11.890 11.960 12.390 12.400 12.690 12.870 12.720 12.650 12.800 12.680 12.790 12.790 13.300 13.530 13.640 13.730 13.940 14.190 14.040 14.070 14.340 14.340 14.670 14.990 15.210 15.220 15.590 15.560 15.600 15.700 15.370 15.370 15.760 16.620 16.710 16.660 16.840 17.210 17.150 17.100 16.950 16.940 16.990 16.930 16.980 16.690 16.810 16.950 17.080 17.170 17.350 17.230 17.340 17.120 17.120 17.120 17.180 17.360 17.480 17.560 17.410 17.560 17.720 17.910 18.020
11.020 11.130 11.200 11.220 11.600 11.900 12.110 12.220 12.200 12.090 12.570 12.740 12.630 12.550 12.600 12.570 12.600 12.230 12.210 12.790 13.250 13.710 13.850 13.980 14.110 14.240 14.180 14.470 14.580 14.890 14.860 15.070 15.230 15.360 15.540 15.740 15.660 15.480 16.080 16.670 16.570 17.020 16.970 17.300 17.010 17.030 17.000 16.950 16.880 16.780 16.980 16.820 16.930 16.870 17.250 17.330 17.330 17.280 17.360 17.250 17.260 17.200 17.150 17.470 17.440 17.490 17.500 17.470 17.930 17.880 17.970
10.700 10.810 10.870 10.890 10.830 11.350 11.720 11.800 11.590 11.470 12.230 12.480 12.360 12.260 12.330 12.400 12.240 12.090 12.240 12.020 13.000 13.530 13.700 13.910 14.050 14.160 14.290 14.650 14.670 14.720 14.960 14.980 15.100 15.130 15.320 15.630 15.680 15.440 16.140 16.530 16.550 16.850 17.070 17.270 17.290 17.250 17.030 16.920 16.770 16.810 16.920 16.890 17.000 17.190 17.390 17.240 17.200 17.280 17.550 17.440 17.340 17.340 17.410 17.290 17.510 17.510 17.470 17.870 17.740 17.890 18.040
10.620 10.230 10.180 10.140 10.060 11.240 11.650 11.160 11.320 11.260 11.880 12.130 12.050 12.030 12.320 12.090 12.230 12.190 12.410 12.290 12.680 13.260 13.260 13.340 13.430 13.930 14.400 14.470 14.520 14.650 14.760 14.810 14.960 15.090 15.220 15.440 15.530 15.430 16.600 16.460 16.510 16.850 17.280 17.380 17.410 17.380 17.160 17.160 16.980 17.010 16.960 17.010 17.300 17.410 17.600 17.430 17.300 17.420 17.580 17.560 17.540 17.520 17.600 17.540 17.470 17.470 17.600 17.840 17.820 18.050 18.060
9.110 9.200 9.400 9.490 9.610 10.450 11.690 11.470 11.150 11.060 10.970 11.250 11.520 11.820 11.560 11.780 12.020 12.090 12.360 12.280 12.450 12.890 13.370 13.510 13.420 13.380 13.560 13.450 14.360 14.590 14.720 14.770 14.780 15.010 15.160 15.330 15.320 15.440 16.170 16.300 16.760 17.080 17.140 17.140 17.350 17.480 17.250 17.160 17.100 17.140 16.960 17.370 17.420 17.480 17.650 17.630 17.470 17.790 17.740 17.740 17.700 17.710 17.770 17.780 17.810 17.540 17.670 17.670 17.660 17.780 17.840
8.610 8.650 9.010 9.190 9.160 9.800 11.380 11.160 10.600 10.930 10.790 10.840 10.970 11.030 10.970 11.340 11.720 11.930 12.010 12.000 12.210 12.390 13.310 13.270 13.360 13.430 13.370 13.350 13.700 13.960 14.080 14.150 14.400 14.850 15.070 15.210 15.360 15.530 15.650 15.810 15.960 16.240 16.510 16.630 16.950 16.960 17.000 17.250 17.240 17.030 17.180 17.600 17.690 17.760 17.780 17.690 17.750 17.870 17.790 17.830 17.800 17.890 17.980 17.660 17.730 17.650 17.900 17.700 17.670 17.580 17.710
8.220 8.660 8.300 8.730 8.920 9.440 9.950 10.230 10.200 10.960 10.930 10.900 10.880 10.900 10.610 11.020 10.770 10.800 10.730 10.980 11.140 11.780 12.980 13.090 13.370 13.620 13.560 13.850 13.080 13.220 13.450 13.900 13.900 14.640 14.790 14.960 15.150 15.140 15.580 15.750 15.860 16.090 16.200 16.340 16.470 16.670 16.910 16.880 16.970 17.060 17.230 17.430 17.790 17.660 17.570 17.670 17.690 17.780 17.590 17.790 17.810 17.990 17.950 17.940 17.850 18.160 18.170 18.090 17.520 17.520 17.610
8.180 8.110 8.330 8.540 8.790 9.220 9.260 9.540 9.820 10.830 11.020 10.930 10.690 10.510 10.140 10.440 10.400 10.370 10.430 10.010 10.650 11.080 11.100 11.010 11.610 12.030 12.020 12.260 12.480 12.440 12.580 13.140 13.630 13.840 14.110 14.390 14.370 14.890 15.010 15.340 15.750 16.080 16.470 16.510 16.750 16.730 16.830 16.780 16.900 16.960 16.990 17.230 17.310 17.530 17.560 17.620 17.750 17.650 17.700 17.900 17.830 18.040 18.020 17.930 17.880 17.820 17.630 17.430 17.430 17.470 17.930
8.240 8.400 8.330 8.360 8.770 9.010 9.170 9.110 9.690 10.570 9.970 10.730 10.700 10.670 9.800 10.110 10.110 10.190 10.330 10.090 10.240 10.750 10.910 11.070 11.020 11.070 11.410 11.540 11.730 12.120 12.180 12.490 13.000 13.490 13.970 14.060 13.970 14.000 14.090 12.610 12.600 12.580 12.500 13.890 13.930 15.520 15.430 15.840 16.540 16.840 17.110 17.170 17.230 17.260 17.360 17.440 17.520 17.610 17.640 17.660 17.780 17.850 17.560 17.440 17.230 17.440 17.300 17.330 17.360 17.470 18.120
7.960 7.900 7.560 8.000 8.430 8.770 8.940 8.870 9.180 9.180 9.090 9.340 9.530 9.870 9.610 9.740 9.530 9.640 9.780 9.960 10.200 10.290 10.580 10.770 10.720 10.740 11.440 11.410 11.390 11.850 11.770 12.160 12.770 12.980 13.460 13.750 13.770 13.480 11.500 9.690 10.390 10.140 10.090 10.310 10.500 11.370 13.200 13.400 14.690 15.800 15.800 16.510 16.050 16.470 16.840 17.380 17.320 17.460 17.520 17.460 17.350 17.300 17.230 17.030 16.780 16.820 17.030 17.070 17.290 18.030 18.230
7.280 7.530 7.930 7.750 8.010 8.380 8.770 8.580 9.430 9.470 9.440 9.570 9.650 9.450 9.330 9.620 9.360 9.530 9.440 9.560 9.910 10.260 10.780 10.760 10.860 10.720 11.320 11.310 11.260 11.840 11.730 11.850 12.370 12.910 13.110 13.240 13.390 10.990 9.340 9.650 9.760 9.600 9.780 9.720 9.830 9.920 10.340 11.400 12.560 14.060 15.590 15.780 15.650 15.480 16.180 16.070 16.530 17.030 17.210 17.260 17.380 17.080 16.850 16.350 16.480 16.640 16.640 16.970 17.510 18.920 19.010
7.370 7.980 7.640 7.750 8.230 8.260 8.450 8.600 9.340 9.450 9.660 9.450 9.470 9.260 9.150 9.460 9.270 9.490 9.360 9.720 9.800 10.120 10.920 10.910 10.800 10.770 11.130 11.420 11.480 11.650 11.800 11.810 12.000 13.150 13.050 12.880 11.720 9.630 9.530 9.510 9.670 9.610 9.720 9.710 9.780 9.720 9.590 10.330 10.290 11.960 13.820 15.140 15.340 15.160 15.680 15.550 15.940 16.370 16.480 16.640 16.770 16.720 16.210 15.970 16.340 16.330 16.490 16.860 17.920 19.130 19.170
7.380 8.000 7.610 7.670 7.970 8.150 8.290 8.750 9.400 9.410 9.330 9.310 9.290 9.310 8.920 9.210 9.440 9.450 9.440 9.590 9.910 9.930 10.790 10.530 10.810 10.740 11.150 11.230 11.250 11.850 11.550 11.460 11.790 12.390 12.510 12.550 10.770 9.480 9.550 9.660 9.740 9.760 9.700 9.790 9.740 9.330 9.320 9.990 10.450 11.780 12.000 13.900 14.500 14.800 14.800 15.350 15.160 14.980 15.720 15.860 15.980 15.410 15.410 15.550 15.690 16.000 14.840 16.970 18.760 19.260 19.220
7.140 7.790 7.660 7.770 7.950 8.130 8.160 8.580 8.700 8.810 8.820 8.960 8.890 8.870 8.850 9.160 9.320 9.440 9.400 9.540 9.800 9.820 9.970 9.960 10.360 10.280 10.330 10.660 10.900 11.160 11.360 11.350 11.380 11.640 11.670 11.530 9.420 9.490 9.770 8.800 7.990 8.210 9.370 9.910 10.270 9.860 9.480 10.110 10.150 11.170 11.910 11.770 13.550 14.170 14.440 14.700 14.760 14.870 15.210 15.350 14.680 14.720 14.970 15.250 15.320 14.180 13.570 17.000 18.340 19.450 19.230
6.780 7.030 7.390 7.840 7.880 8.090 7.710 8.510 8.820 8.970 9.040 8.980 8.920 8.620 8.790 9.160 9.140 9.250 9.170 9.260 9.680 9.700 9.680 9.810 9.920 9.980 10.210 10.430 10.490 10.640 10.830 11.090 11.200 11.420 11.490 10.570 9.640 9.570 9.840 9.210 9.750 10.010 9.840 10.210 10.400 10.700 10.050 10.080 10.220 10.540 11.330 11.550 13.470 13.640 13.910 14.090 14.390 14.550 14.610 14.090 14.080 14.370 14.560 14.690 14.140 13.570 14.900 16.860 18.230 18.930 19.320
6.850 6.870 7.410 7.720 7.740 7.790 7.770 8.790 9.110 9.030 8.960 9.050 8.950 8.530 8.940 9.180 9.540 9.450 9.150 9.130 9.540 9.790 9.780 9.820 9.810 9.980 10.050 10.260 10.350 10.430 10.670 10.950 11.220 11.230 11.380 11.420 9.730 9.790 9.620 8.960 9.580 10.740 10.190 10.000 10.180 10.460 9.460 9.970 10.190 10.380 11.050 11.810 12.880 13.160 13.510 13.320 13.770 13.930 13.990 13.520 13.920 13.880 14.080 13.450 13.770 14.940 15.630 16.840 18.050 18.460 19.300
6.780 7.050 7.520 7.650 7.720 7.790 7.860 8.820 8.790 8.930 8.880 8.800 8.890 8.380 8.670 9.010 9.180 9.220 9.220 9.220 9.470 9.720 9.640 9.690 9.810 9.870 10.240 10.410 10.370 10.460 10.630 10.780 11.280 11.430 11.290 10.970 9.850 9.770 9.330 7.880 9.540 10.000 10.230 10.160 9.900 10.080 9.780 9.790 10.140 10.400 10.720 11.320 11.810 12.410 13.100 12.860 13.240 13.180 12.880 13.180 13.350 13.490 14.190 13.570 13.990 15.820 16.160 16.720 17.170 17.570 18.920
7.030 7.040 7.550 7.770 7.860 7.460 7.870 8.470 8.600 8.410 8.430 8.500 8.510 8.290 8.510 8.740 8.790 8.830 8.910 8.990 9.370 9.640 9.630 9.660 9.760 9.850 10.030 10.190 10.300 10.380 10.600 10.600 11.130 11.260 11.230 11.170 10.480 10.080 7.850 8.410 8.910 10.150 10.150 10.010 10.140 9.940 9.990 10.370 9.750 10.330 10.500 10.860 11.500 12.110 12.660 12.870 12.670 12.670 12.570 12.810 12.910 13.250 13.170 13.450 13.860 14.730 15.690 16.000 16.620 17.260 18.110
7.000 7.140 7.720 7.690 7.320 7.200 8.240 8.380 8.480 8.330 8.430 8.450 8.260 8.220 8.470 8.620 8.840 8.790 8.870 8.860 9.360 9.640 9.660 9.650 9.740 9.760 10.050 10.230 10.200 10.290 10.380 10.600 11.110 11.170 11.030 10.680 10.030 9.320 9.750 9.580 9.760 9.960 10.160 10.030 10.040 10.360 10.410 11.030 10.290 10.340 10.470 10.840 11.720 11.750 11.920 12.220 12.290 12.300 12.370 12.450 12.930 12.750 13.220 13.430 13.680 14.260 14.860 15.220 15.690 16.580 16.930
6.250 6.810 7.400 7.580 7.460 7.720 8.210 8.280 8.300 8.230 8.430 8.240 8.150 8.130 8.580 8.950 8.950 8.760 8.760 8.830 9.500 9.680 9.750 9.770 9.810 9.860 9.950 10.030 10.160 10.230 10.220 10.670 10.770 10.760 10.680 10.520 10.230 10.010 10.220 9.890 9.910 9.880 9.980 10.160 10.440 10.260 10.380 11.030 11.410 9.830 10.560 10.670 11.150 11.490 11.530 12.110 12.060 12.150 12.190 12.190 12.450 13.010 13.230 13.300 13.440 13.830 14.110 14.560 14.920 15.750 16.270
6.120 5.830 6.980 7.280 7.260 7.420 8.020 7.860 8.250 8.110 8.140 8.290 7.950 8.020 8.420 8.780 8.780 8.720 8.860 9.020 9.540 9.540 9.630 9.600 9.610 9.680 9.820 10.120 10.350 10.090 10.110 10.390 10.720 10.630 10.510 8.590 9.210 9.840 9.820 9.700 9.830 9.890 9.990 10.140 10.270 10.260 10.350 11.140 11.380 11.390 9.610 10.720 11.080 11.430 11.520 11.800 12.010 12.010 12.170 11.890 12.400 12.730 12.780 13.200 13.310 13.570 13.760 14.140 14.470 15.170 16.110
5.870 6.130 6.480 7.450 7.370 7.300 7.250 7.360 7.340 7.280 7.440 7.790 7.740 8.000 8.490 8.470 8.590 8.650 8.690 8.830 9.450 9.550 9.820 9.620 9.690 9.690 9.810 9.910 10.100 9.920 9.930 10.360 10.480 10.510 10.390 8.770 8.230 9.590 9.680 9.720 9.840 9.900 10.040 10.100 10.150 10.320 11.180 11.020 11.120 10.710 9.030 10.660 11.100 11.320 11.730 11.770 11.780 11.800 12.040 12.200 12.280 12.730 12.910 12.910 13.120 13.520 13.790 13.940 14.460 15.860 15.970
5.740 6.530 6.840 7.620 7.480 7.370 7.590 7.440 7.360 7.400 7.500 7.550 7.590 7.700 7.920 8.300 8.540 8.580 8.800 8.940 8.980 9.660 9.950 9.760 9.710 9.680 9.760 9.820 9.860 9.880 9.830 10.280 9.950 10.050 9.590 8.550 9.570 9.430 9.720 9.690 9.790 10.030 10.110 10.080 10.270 10.500 11.290 11.090 11.150 10.770 9.180 10.220 10.900 11.500 11.670 11.640 11.740 11.940 11.960 12.190 12.510 12.640 12.650 12.910 13.080 13.250 13.610 13.740 14.020 15.670 15.690
6.100 6.560 6.350 6.510 6.910 7.080 7.350 7.470 7.360 7.720 7.520 7.560 7.510 7.600 7.860 8.140 8.620 8.690 8.630 8.860 9.730 9.880 9.960 10.010 9.760 9.670 9.680 9.650 9.830 9.700 9.850 10.120 10.030 9.960 9.540 8.110 9.590 9.730 9.780 9.800 9.960 10.020 10.110 10.210 10.320 11.370 11.110 11.110 11.280 11.310 10.940 8.940 11.020 11.460 11.650 11.570 11.290 11.710 11.960 12.590 12.580 12.720 12.650 12.720 12.850 13.230 13.460 13.760 13.950 15.470 15.540
5.760 5.880 5.540 5.900 6.380 7.070 7.200 7.280 7.390 7.710 7.740 7.400 7.360 7.570 7.940 8.190 8.440 8.550 8.710 9.120 9.990 9.980 9.980 10.020 9.920 9.760 9.710 9.790 9.760 9.570 9.810 10.030 10.010 9.880 9.370 8.570 10.440 9.860 9.700 9.800 9.890 9.970 10.150 10.100 10.540 11.160 11.100 11.150 11.150 11.620 11.550 9.040 11.290 11.380 11.420 11.510 11.230 11.670 11.800 11.840 12.440 12.600 12.590 12.560 13.020 13.190 13.290 13.530 14.100 15.290 15.270
