0925_6225/LITTO3D_FRA_0929_6225_20150529_LAMB93_RGF93_IGN69/MNT5m/LITTO3D_FRA_0929_6225_MNT5_20150128_LAMB93_RGF93_IGN69.asc
ncols 200
nrows 200
xllcenter 929000.000
yllcenter 6224005.000
cellsize 5.0000
nodata_value -99999
[rows 96 to 127 of 200, columns 0 to 70 of 200]
15.350 15.870 15.650 15.770 16.070 16.120 16.280 16.650 16.980 17.150 17.250 17.090 17.300 17.430 17.420 17.390 17.350 17.450 17.460 17.620 17.370 17.590 17.580 18.160 18.200 18.280 18.320 18.660 18.860 19.100 19.250 19.680 20.220 20.400 20.930 21.150 21.440 22.330 22.670 22.660 22.620 23.310 23.750 24.310 24.370 24.410 25.290 25.690 26.520 26.790 26.980 27.250 27.410 27.840 29.210 29.970 29.930 30.140 30.090 30.190 30.020 29.910 29.560 29.720 30.010 29.540 29.460 29.500 29.290 29.150 28.870
15.340 15.230 15.630 15.880 16.080 16.110 16.410 16.440 16.810 16.950 17.030 17.040 17.130 17.530 17.210 17.510 17.560 17.730 17.470 17.540 17.810 17.940 17.620 17.920 18.020 18.180 18.000 18.500 19.080 19.190 19.210 19.630 19.660 19.840 20.020 20.230 21.490 21.990 21.950 22.290 22.200 22.830 23.040 24.330 24.410 24.590 24.940 25.260 25.830 26.440 26.780 27.300 27.520 27.730 28.090 28.270 29.640 30.030 29.620 30.030 30.190 30.300 30.240 30.080 30.320 30.110 29.880 29.950 29.750 29.730 29.560
14.940 15.120 15.490 16.030 15.950 16.120 16.440 16.450 16.360 16.640 16.690 16.860 17.140 17.340 17.210 17.220 17.530 17.750 17.760 17.820 17.880 17.900 17.420 17.770 17.940 18.110 18.250 18.850 19.050 19.020 18.800 19.610 19.600 19.960 20.330 20.400 21.580 21.840 22.060 21.790 22.300 22.030 22.220 22.270 23.860 24.170 24.310 25.290 25.610 25.940 25.980 26.830 27.540 27.810 28.120 28.420 28.600 28.890 29.260 29.830 30.160 30.500 30.820 30.510 31.130 31.010 30.810 30.760 30.630 30.600 30.700
14.550 14.940 15.180 15.880 15.570 16.220 16.220 16.470 16.130 16.160 16.360 16.460 17.100 17.190 17.330 17.300 17.560 17.660 17.910 18.000 18.090 18.080 17.780 17.730 17.670 18.120 18.300 18.900 19.110 19.080 19.010 19.540 19.730 20.100 20.220 20.370 20.520 20.950 21.530 21.900 22.440 22.250 22.190 22.690 22.940 23.720 23.680 25.200 24.720 25.100 25.570 26.590 27.090 27.000 27.680 28.100 28.640 29.000 29.340 29.620 29.960 30.210 30.380 30.640 31.200 31.210 31.310 31.470 30.360 30.630 31.420
14.440 14.790 14.640 14.840 15.100 15.760 16.010 15.910 15.720 16.140 16.350 16.110 16.520 17.080 17.190 17.240 17.560 17.710 18.020 18.130 17.910 17.770 17.820 17.550 17.550 18.000 18.690 18.920 18.950 19.090 18.960 18.950 18.740 19.000 19.830 20.120 20.330 20.590 20.730 21.190 21.630 21.800 21.940 22.320 22.610 23.090 23.170 23.490 23.270 24.220 24.740 25.890 26.180 26.230 26.860 27.470 27.900 28.680 29.320 29.570 30.220 30.380 30.650 30.970 30.950 31.390 31.560 32.180 31.810 30.810 32.130
14.380 14.340 14.540 14.670 15.040 15.100 14.970 15.160 15.420 16.040 16.230 15.730 16.580 17.100 17.140 17.130 17.310 17.590 17.650 17.650 17.730 17.660 17.700 17.390 17.450 17.810 18.720 18.960 19.040 19.030 19.030 19.190 19.260 19.660 19.770 19.710 20.030 20.360 20.440 21.100 21.490 21.890 21.990 22.170 22.630 22.750 23.200 23.410 23.510 23.460 24.120 25.570 25.720 25.680 26.480 26.660 27.080 27.730 28.330 28.630 29.550 30.280 30.610 30.960 31.180 31.530 31.810 32.340 32.390 32.510 32.450
14.230 14.260 14.520 14.670 14.520 14.810 14.920 15.040 15.160 15.290 15.540 15.490 15.880 16.910 17.050 16.960 16.550 16.720 16.960 16.860 17.610 17.510 17.500 17.510 17.390 17.470 17.870 18.430 18.460 18.770 18.900 19.200 19.400 19.340 19.570 19.700 19.770 20.120 20.250 21.070 21.840 22.060 22.080 22.010 22.730 22.800 23.320 23.590 23.810 23.740 24.060 25.240 25.610 25.620 26.220 26.440 26.640 27.000 27.210 27.320 28.810 30.580 30.430 30.980 31.350 31.640 31.940 32.290 32.610 33.020 32.880
13.960 14.040 14.380 14.290 14.590 14.620 15.120 15.240 15.430 15.290 15.340 15.730 15.980 16.420 16.560 17.070 16.340 16.410 16.350 16.450 16.640 16.810 17.380 17.250 17.160 17.230 17.860 18.040 18.330 18.100 18.520 18.750 18.720 19.070 19.240 19.390 19.670 20.080 20.400 21.300 21.940 21.530 21.670 22.040 22.610 22.940 23.030 23.320 23.770 23.890 24.710 25.350 25.410 25.420 25.620 25.780 26.590 27.060 27.090 27.330 28.320 29.380 29.980 30.810 31.040 31.450 31.970 32.300 32.590 32.790 33.230
13.850 14.080 13.930 14.040 14.500 14.610 15.090 15.330 15.530 15.430 15.370 15.880 15.930 16.090 16.020 16.170 16.490 16.440 16.540 16.360 16.630 16.720 16.700 16.950 17.150 17.090 17.890 17.970 17.730 18.060 18.380 18.600 18.500 18.760 18.820 18.970 19.220 19.960 20.190 21.120 21.670 21.570 21.800 22.180 22.580 23.050 23.320 23.630 23.580 23.540 24.310 24.900 25.210 25.500 25.590 25.790 26.740 26.910 27.130 27.600 28.550 29.420 29.640 30.400 30.710 31.540 31.620 32.290 32.600 32.840 33.290
13.740 14.140 13.990 14.240 14.470 14.690 15.100 15.280 15.390 15.480 15.680 15.860 15.760 16.020 15.690 16.200 16.380 16.420 16.460 16.390 16.390 16.380 16.310 16.430 16.930 17.060 17.800 17.770 17.650 18.100 18.190 18.430 18.440 18.640 18.710 18.890 19.120 19.720 20.170 20.680 21.280 21.280 21.690 22.030 22.870 23.090 23.520 23.950 23.640 23.790 24.540 24.900 25.260 25.390 25.520 25.910 26.620 26.680 27.180 28.530 28.990 29.300 29.620 30.070 30.560 31.300 31.430 32.130 32.430 33.180 33.390
13.660 13.820 13.940 14.140 14.400 15.070 15.060 15.240 15.190 15.310 15.450 15.620 15.670 15.670 15.800 15.950 16.260 16.310 16.150 16.290 16.210 16.060 16.060 16.230 16.580 16.890 17.510 17.440 17.580 17.170 17.780 17.690 18.490 18.680 19.000 19.340 19.320 20.040 20.560 20.830 20.800 21.090 21.370 22.260 22.950 23.200 23.660 23.690 23.790 23.750 25.010 25.170 25.340 25.470 25.450 25.930 26.310 26.720 27.590 28.560 29.400 29.210 29.360 29.680 30.190 31.080 31.270 31.640 32.170 32.870 33.330
13.660 13.890 14.050 14.020 14.050 14.160 14.390 14.440 14.670 15.000 15.170 15.460 15.630 15.500 15.490 15.580 15.460 15.940 15.860 16.120 16.270 15.920 15.950 16.170 16.530 16.870 17.580 17.650 17.490 17.770 17.580 17.910 18.340 18.310 18.960 19.200 19.470 20.210 20.660 20.650 20.980 21.240 21.350 22.030 23.370 23.720 23.770 24.480 24.290 24.650 24.970 24.900 25.260 25.570 25.860 26.330 26.570 27.190 27.650 28.250 29.000 29.020 29.440 29.400 30.180 30.980 31.030 31.610 31.670 32.210 32.410
13.560 13.680 14.190 14.130 14.410 14.490 14.460 14.380 14.410 14.700 15.020 15.490 15.600 15.450 15.460 15.320 15.450 15.680 15.650 15.940 16.120 15.790 15.790 16.100 16.470 16.780 17.370 17.120 17.400 17.560 17.830 17.940 18.420 18.760 18.860 19.280 19.300 19.770 20.480 20.950 21.010 21.500 21.550 22.420 23.870 24.000 25.320 25.520 25.250 25.080 25.120 25.950 26.010 25.890 26.050 26.600 27.060 27.180 27.410 28.030 29.050 29.210 29.120 29.480 29.980 30.980 30.970 31.500 31.930 32.200 32.820
13.620 13.750 13.970 13.930 14.070 14.520 14.500 14.590 14.540 14.920 14.560 14.750 15.000 15.460 15.470 15.450 15.500 15.440 15.550 15.710 15.740 15.590 15.610 15.770 16.360 16.730 16.820 16.980 17.370 17.400 17.860 18.040 18.420 18.340 19.080 19.350 19.660 19.790 20.530 20.850 21.210 21.370 22.330 22.800 23.600 24.780 25.930 26.120 25.750 26.120 26.110 26.080 26.410 26.380 26.470 26.870 27.040 26.850 27.090 28.290 28.950 29.060 28.840 29.200 29.350 30.160 30.760 30.800 31.850 32.380 33.190
13.370 13.670 13.770 13.950 14.410 14.480 14.570 14.490 14.340 14.670 14.650 14.800 14.900 15.180 15.210 14.890 15.220 15.050 15.370 15.450 15.430 15.070 15.460 15.600 16.000 16.500 16.660 17.040 17.090 17.210 17.840 17.710 18.710 18.960 19.010 19.550 19.440 19.710 20.700 21.200 21.550 21.990 22.400 22.910 24.120 24.970 25.790 25.960 26.120 26.580 26.870 26.870 26.910 26.730 26.920 27.230 27.240 27.200 27.280 28.970 29.000 29.110 29.120 29.170 29.370 29.550 30.070 30.630 31.070 31.910 32.520
13.330 13.580 13.520 13.490 14.100 14.440 14.530 14.550 14.590 14.760 14.890 15.050 14.860 14.890 15.340 15.190 14.840 14.720 15.240 15.300 15.510 15.340 15.430 15.460 15.800 16.430 16.740 17.010 17.330 17.420 17.640 17.670 18.480 19.420 19.310 19.530 19.700 20.030 21.370 20.940 21.830 22.330 22.330 23.450 24.330 24.830 25.420 25.640 26.060 26.950 26.860 27.020 27.590 27.410 27.550 27.730 27.890 27.800 27.870 28.490 28.950 28.940 29.000 28.730 29.400 29.300 29.770 29.520 30.590 31.130 31.600
12.850 13.390 13.380 13.650 13.600 13.800 14.090 14.200 14.340 14.670 14.840 14.910 14.910 15.010 15.200 15.110 15.080 14.840 14.930 14.880 15.110 15.250 15.490 15.400 15.880 16.340 16.670 16.790 17.060 17.470 17.470 17.550 18.460 18.980 19.220 19.730 19.990 19.690 20.350 20.980 21.910 22.270 22.820 23.550 24.390 24.740 25.090 25.760 26.460 27.680 27.770 28.110 28.230 28.070 27.960 28.430 28.410 28.060 28.380 28.600 28.900 28.790 29.010 28.910 28.700 29.350 29.310 29.430 29.630 29.580 31.500
13.020 13.300 13.330 13.300 13.420 13.530 13.680 13.930 14.050 14.180 14.660 14.910 14.830 15.040 14.870 14.790 14.840 14.850 14.860 14.610 14.930 15.050 15.470 15.550 16.160 16.180 16.450 16.940 17.160 17.260 17.290 17.670 18.630 19.000 18.800 19.630 19.900 19.730 20.370 20.820 21.530 22.350 22.750 23.400 24.100 24.400 24.980 25.730 26.430 27.670 27.930 28.190 28.370 28.160 28.110 28.740 28.960 28.380 28.490 28.830 28.920 28.740 28.700 28.830 28.680 29.130 29.560 29.440 29.490 29.390 29.450
12.710 13.340 13.530 13.730 13.030 13.210 13.530 13.780 13.900 14.390 14.230 14.390 14.630 15.070 14.620 14.760 14.650 14.800 15.020 15.090 15.020 15.010 15.240 15.310 15.990 16.190 16.440 16.580 16.590 17.020 17.170 17.850 18.010 18.610 18.840 19.490 19.640 20.350 20.250 20.860 21.450 22.160 22.710 23.180 23.740 24.320 25.150 25.760 26.410 27.320 28.160 28.490 28.710 28.880 29.310 29.210 29.070 29.080 28.800 28.390 28.580 28.770 28.580 28.620 28.530 28.900 29.220 29.320 29.330 29.320 29.490
12.660 12.700 13.200 13.120 13.020 13.030 13.670 14.120 14.140 14.290 14.010 14.160 14.390 14.590 14.620 14.580 14.660 14.930 15.100 14.820 15.100 14.970 14.690 15.230 15.930 16.010 16.480 16.740 16.710 16.890 17.510 17.540 17.950 18.550 19.020 19.360 19.820 20.010 20.490 20.610 21.020 21.950 22.500 24.100 23.640 24.100 25.100 25.540 26.110 27.940 28.410 28.490 28.310 28.750 29.400 29.400 29.260 28.950 28.850 28.660 28.430 28.590 28.610 28.430 28.470 28.690 28.540 28.610 28.860 29.240 29.100
12.660 12.590 12.540 12.640 12.950 13.360 13.560 13.510 13.840 13.620 13.740 13.950 14.230 14.610 14.260 14.510 14.570 14.790 15.060 14.890 14.860 14.820 14.980 15.280 15.670 15.880 16.450 16.940 16.980 17.230 16.970 17.300 18.220 18.490 19.040 19.350 19.910 20.370 20.250 20.810 21.080 21.430 21.930 22.400 23.690 24.380 25.060 25.340 26.090 26.920 28.140 28.130 28.230 28.750 29.070 29.270 29.290 28.260 28.860 28.740 28.360 28.340 28.680 28.500 28.280 28.370 28.310 28.610 28.180 28.880 29.070
12.640 12.730 12.720 12.640 12.890 13.130 13.340 13.260 13.460 13.400 13.480 13.630 13.940 13.940 14.010 14.210 14.360 14.960 14.740 14.830 14.840 15.230 15.160 15.060 15.690 15.860 16.470 16.750 16.840 16.920 17.000 17.800 18.030 18.710 18.470 19.360 19.280 19.960 20.550 20.880 20.940 21.400 21.660 22.610 23.420 24.160 24.680 25.100 25.640 26.590 27.030 27.560 27.820 28.910 29.150 29.240 29.290 28.710 28.450 28.130 28.160 28.510 28.030 28.360 28.420 28.010 27.910 28.130 28.380 28.790 28.800
12.190 12.340 12.740 12.690 12.780 13.220 13.350 13.250 13.480 13.580 13.470 13.690 13.840 13.980 13.850 14.120 14.210 14.140 14.580 14.890 14.990 15.150 14.960 15.280 15.720 15.760 16.330 16.600 17.020 16.600 16.970 17.560 17.930 18.140 18.220 18.670 19.260 19.730 20.240 20.760 20.540 21.250 21.750 22.370 23.330 23.720 24.030 24.440 24.910 25.550 26.380 26.540 27.670 28.630 29.270 29.200 28.940 28.320 28.180 27.780 27.820 27.860 27.960 27.860 27.930 28.130 28.000 27.670 27.650 28.350 28.260
11.890 11.590 12.020 12.300 12.740 12.980 13.160 13.380 13.470 13.420 13.520 13.550 13.840 14.000 14.040 14.100 14.160 14.120 14.320 14.110 14.430 14.620 15.080 15.450 15.620 15.780 16.170 16.410 16.070 16.560 16.780 17.080 17.700 17.900 18.300 18.530 19.110 19.800 20.430 20.490 20.800 21.090 21.760 22.240 22.890 24.000 24.340 24.280 24.710 25.270 25.440 25.690 26.640 28.010 28.510 29.070 28.000 27.840 27.720 27.790 27.890 27.990 27.970 27.960 27.910 27.850 27.810 27.670 27.480 27.250 27.270
11.940 11.690 12.130 12.140 12.110 12.590 13.050 13.170 13.330 13.450 13.560 13.760 13.850 13.900 14.070 14.100 14.090 14.210 14.260 14.310 14.330 14.480 14.490 14.730 15.590 15.660 16.110 16.020 16.230 16.280 16.400 17.150 17.450 17.820 18.250 18.570 18.930 19.910 20.010 20.040 20.140 20.770 21.300 22.090 22.490 24.100 24.040 24.100 24.350 24.900 25.260 25.450 25.410 26.540 26.750 27.020 27.090 27.290 27.240 28.140 28.000 27.940 27.990 27.920 27.900 27.730 27.810 27.370 27.180 27.430 27.200
11.930 11.750 12.190 12.030 12.210 12.560 12.570 12.850 12.690 12.810 13.300 13.520 13.590 13.750 13.780 13.830 13.890 14.170 14.230 14.250 14.430 14.380 14.350 14.360 15.390 15.400 15.540 15.680 16.240 16.400 16.650 17.390 17.450 17.820 18.100 18.610 18.830 19.110 19.400 19.550 19.850 20.160 20.930 21.460 22.010 24.120 24.070 24.070 24.230 24.560 24.580 25.020 25.050 25.320 25.990 26.120 26.500 26.900 27.170 28.080 27.710 27.780 27.790 27.860 27.900 27.500 27.140 26.840 26.600 27.050 26.930
11.550 11.770 12.280 12.040 12.150 12.500 12.630 12.800 12.830 12.820 12.700 12.920 13.290 13.500 13.690 13.790 13.790 14.100 14.180 14.080 14.520 14.330 14.290 14.390 15.260 15.470 15.760 15.600 15.820 16.010 16.570 16.630 17.410 17.250 17.390 18.130 18.190 18.670 19.140 19.220 19.720 20.110 20.410 21.290 21.690 22.540 24.090 24.130 24.100 24.140 24.150 24.280 24.620 24.810 25.280 25.810 26.170 26.540 27.100 27.510 27.650 27.670 27.790 27.800 27.820 27.100 26.560 26.470 26.280 26.310 26.230
11.520 11.740 12.480 12.230 12.240 12.510 12.770 12.750 12.720 12.520 12.530 13.150 13.320 13.550 13.530 13.600 13.850 14.010 14.180 14.240 14.210 14.190 14.340 14.340 15.240 15.240 15.740 15.680 15.580 15.990 16.450 16.400 17.150 16.810 17.420 17.780 18.390 18.420 18.740 19.060 19.260 20.140 20.380 20.830 21.460 21.710 21.980 22.170 22.630 23.490 23.690 23.740 24.180 24.380 24.750 25.430 25.350 25.780 26.210 26.600 26.180 26.590 26.390 26.220 27.070 26.580 26.500 26.540 26.570 26.500 26.470
11.370 11.680 11.610 11.810 11.910 12.240 12.480 12.320 12.510 12.570 12.570 13.150 13.440 13.430 13.540 13.510 13.450 13.720 13.970 14.080 14.190 14.260 14.460 14.570 15.120 15.120 15.810 15.920 16.230 16.260 16.670 16.620 17.020 17.460 17.780 17.830 17.940 18.450 18.550 19.160 19.230 19.660 19.690 20.670 21.270 21.930 22.320 22.370 22.420 22.430 22.750 23.350 23.530 23.690 24.070 24.660 24.730 25.060 25.090 25.350 25.470 25.600 25.660 25.730 25.970 26.010 26.470 26.620 26.550 26.400 26.190
11.470 11.650 11.750 11.780 11.980 12.100 12.330 12.440 12.480 12.860 12.740 13.370 13.360 13.340 13.430 13.510 13.300 13.390 13.370 13.610 14.170 14.230 14.390 14.670 14.920 14.960 15.760 15.860 16.640 16.540 16.580 16.610 17.060 17.370 17.840 17.810 17.860 18.370 18.370 19.450 19.520 19.760 20.030 20.620 21.020 21.230 21.730 22.230 22.140 22.190 21.920 21.920 21.770 22.830 23.680 24.050 24.240 24.300 24.540 24.870 24.900 25.080 25.180 25.180 25.520 25.430 25.930 26.140 26.290 26.260 26.020
11.550 11.560 11.700 11.970 11.790 11.750 12.210 12.500 12.340 12.470 12.550 12.640 13.420 13.400 13.420 13.330 13.120 13.500 13.460 13.420 13.480 13.550 13.990 14.630 14.790 14.860 15.700 15.670 16.330 16.770 16.870 16.790 16.940 17.350 17.820 17.870 17.960 18.640 18.140 18.210 19.340 19.640 19.830 20.360 21.060 21.010 21.490 22.060 21.860 21.940 21.930 21.980 21.970 22.970 23.380 23.760 23.810 24.110 24.570 24.640 24.710 24.710 24.660 24.700 24.950 24.860 25.060 25.850 24.890 24.790 25.120
11.680 11.650 11.850 11.900 11.850 11.500 11.640 12.210 12.440 12.610 11.930 12.660 12.590 13.120 13.320 12.980 13.160 13.270 13.450 13.410 13.590 13.570 13.670 13.930 14.610 14.670 15.430 15.490 16.560 16.410 16.590 16.480 16.710 17.260 17.780 17.950 17.910 18.590 18.330 18.240 18.150 18.640 19.590 20.090 21.070 21.090 21.190 21.730 21.710 21.710 22.080 22.000 21.990 22.680 22.990 23.630 23.400 23.740 24.260 24.540 24.600 24.430 24.510 24.460 24.420 24.420 24.230 24.190 24.590 24.860 24.820
