0925_6225/LITTO3D_FRA_0929_6225_20150529_LAMB93_RGF93_IGN69/MNT5m/LITTO3D_FRA_0929_6225_MNT5_20150128_LAMB93_RGF93_IGN69.asc
ncols 200
nrows 200
xllcenter 929000.000
yllcenter 6224005.000
cellsize 5.0000
nodata_value -99999
[rows 96 to 127 of 200, columns 71 to 141 of 200]
28.200 28.370 28.450 28.220 28.110 27.590 27.290 27.570 27.760 27.780 28.440 28.510 28.450 28.290 28.400 27.830 26.460 26.520 26.480 26.490 26.460 26.120 25.860 26.460 27.700 28.640 29.270 29.840 29.720 29.800 29.820 30.330 30.900 30.910 30.860 30.560 30.570 30.330 30.180 29.890 29.540 29.110 28.780 27.780 27.330 27.100 26.600 26.340 25.760 25.560 26.040 24.940 24.830 24.480 24.090 24.060 24.360 24.070 24.010 24.180 24.080 24.070 23.970 23.650 23.820 23.700 23.360 23.450 23.480 23.390 23.480
29.480 29.410 28.960 28.780 28.400 28.000 27.960 28.100 28.710 28.650 29.050 29.020 28.850 29.100 28.480 28.280 27.830 26.930 26.440 26.510 26.470 26.430 26.510 27.030 28.240 29.090 29.330 29.940 30.370 30.380 30.440 31.080 31.450 31.530 31.450 31.080 30.840 30.690 30.500 30.140 29.850 29.430 28.650 28.250 27.950 27.550 26.990 26.730 26.350 26.180 26.400 26.090 25.620 24.970 24.650 24.730 24.770 24.390 24.190 24.170 24.430 24.340 24.140 24.060 24.000 23.710 23.620 23.720 23.710 23.610 23.710
30.380 29.890 29.590 29.600 29.300 29.000 28.560 29.070 29.140 29.000 29.290 29.150 29.170 29.480 29.410 28.760 28.390 28.430 27.780 27.170 26.540 26.530 26.600 27.800 28.500 29.040 29.900 30.450 30.960 30.720 31.040 31.390 31.980 31.780 31.680 31.350 31.250 31.520 31.160 30.730 30.030 29.890 28.700 28.670 28.600 28.160 27.440 27.190 26.890 26.980 26.560 26.540 26.490 25.870 24.830 25.470 25.370 24.990 24.860 24.500 24.770 24.180 24.080 24.280 24.600 23.830 23.890 23.910 23.880 23.970 23.940
32.260 30.910 30.620 30.170 29.870 30.000 29.640 30.030 30.040 29.770 29.890 29.900 30.280 29.980 29.900 28.970 28.500 28.480 28.400 28.380 27.840 27.400 27.500 28.050 29.010 29.620 30.380 31.160 31.170 31.030 31.660 31.880 32.200 32.320 31.990 31.810 31.600 31.610 31.210 30.750 30.450 29.980 28.950 28.660 28.770 28.690 28.580 28.080 27.720 27.360 26.790 26.750 27.230 27.010 26.980 27.020 26.050 25.810 25.460 24.780 25.160 24.890 24.870 24.950 24.850 24.350 24.260 24.150 24.080 24.100 24.120
32.350 31.720 31.790 31.000 30.590 30.510 30.370 30.600 30.640 30.590 30.620 30.330 30.740 30.500 30.520 30.060 29.090 28.560 28.490 28.350 28.400 28.320 28.290 28.470 29.220 29.720 30.660 31.210 31.310 31.260 31.780 32.210 32.340 32.590 32.390 32.220 32.080 32.000 31.530 31.190 30.900 29.910 29.260 29.420 28.770 28.640 28.950 28.680 28.490 28.100 26.880 26.790 26.890 27.040 27.200 27.230 26.610 26.050 26.270 25.780 25.480 25.210 25.150 25.170 25.260 25.610 25.030 24.730 24.390 24.320 24.360
32.380 32.520 32.280 31.520 31.290 31.170 32.160 32.340 31.910 31.690 31.500 31.340 31.400 31.180 31.240 30.870 30.790 30.440 29.030 28.400 28.390 28.340 28.230 28.970 29.450 29.980 30.820 31.260 31.200 31.400 32.350 32.970 33.040 33.050 32.840 32.650 32.110 32.240 31.890 31.560 31.200 30.810 29.990 30.030 29.330 29.410 29.740 29.400 29.250 29.040 27.680 26.640 26.890 27.880 28.050 27.590 27.270 26.850 26.860 26.320 26.260 25.860 25.620 25.570 25.860 26.560 26.050 26.080 25.210 24.850 24.700
32.880 32.950 32.540 32.160 32.100 32.080 32.060 32.220 32.240 32.250 32.360 32.480 32.190 31.940 32.290 30.540 30.630 30.770 30.820 30.360 29.370 28.510 28.440 29.320 29.610 30.340 31.370 31.300 31.240 31.640 32.450 32.870 33.100 33.210 33.110 33.140 32.310 32.440 32.290 31.930 31.880 31.330 30.870 30.890 30.840 30.860 30.590 30.290 30.830 30.240 29.220 29.250 29.200 29.110 28.600 28.250 28.080 27.330 27.330 26.950 26.830 26.380 25.960 25.810 26.250 26.570 26.770 26.470 26.550 26.520 26.160
33.360 33.230 33.400 32.950 32.790 33.310 33.360 32.640 33.090 33.670 32.440 32.800 32.650 32.690 32.880 31.800 30.170 30.830 30.890 30.850 30.420 29.530 29.060 29.690 30.100 30.810 31.570 31.490 31.440 31.830 32.760 32.820 33.350 33.490 33.620 33.570 33.140 32.950 32.440 32.010 31.940 32.170 31.340 30.890 30.760 31.630 31.210 31.100 31.210 31.180 30.950 30.580 30.170 29.730 29.720 28.960 28.480 28.140 27.410 27.160 26.690 27.060 26.340 26.240 26.540 26.870 26.810 26.770 26.760 26.790 26.850
33.480 33.520 33.880 33.940 33.650 34.080 34.040 35.110 34.800 34.780 34.250 33.640 33.340 33.180 33.020 32.940 32.930 32.610 31.890 30.840 30.650 30.440 29.950 30.100 30.740 31.170 31.420 31.390 31.840 32.390 33.050 33.670 34.000 34.420 34.150 34.180 33.740 33.410 33.200 32.690 32.500 33.550 33.330 32.340 31.010 31.990 31.870 31.810 32.020 31.540 31.230 31.140 30.890 30.660 29.710 29.400 28.940 28.600 27.740 27.370 27.180 26.900 26.750 26.800 27.050 26.970 26.840 26.880 26.830 26.810 26.800
33.500 33.900 34.250 34.330 34.420 34.020 34.080 34.980 34.980 34.880 34.740 34.180 34.000 33.310 33.150 33.060 32.990 32.940 32.750 32.130 31.170 31.070 30.840 31.280 31.560 31.470 31.730 32.090 32.390 32.920 33.480 34.000 34.550 34.800 34.650 34.280 33.980 34.080 33.790 32.970 33.050 33.430 33.670 33.730 32.260 32.910 32.640 32.580 32.820 32.450 31.980 31.280 31.170 30.850 30.330 30.250 29.190 28.620 27.990 27.900 27.690 27.300 27.260 27.150 26.920 26.850 26.900 26.890 26.820 26.800 26.970
33.880 34.290 34.290 34.580 34.690 34.890 34.780 34.990 35.130 35.010 35.000 34.750 34.850 34.880 34.570 33.320 34.620 33.850 33.600 33.740 31.950 31.460 31.510 31.630 31.650 32.010 32.390 32.650 33.250 33.330 34.000 35.200 35.420 35.200 34.890 35.080 34.890 34.390 33.950 33.760 33.860 33.750 33.690 33.610 34.020 33.540 33.470 33.550 33.740 33.450 32.960 32.540 31.470 31.260 30.880 30.380 29.590 28.820 28.320 28.230 28.220 28.180 28.080 27.600 26.660 26.770 27.270 27.000 27.000 26.940 26.930
33.880 34.550 34.730 34.830 34.850 35.150 35.230 35.300 35.230 35.530 35.520 35.310 35.550 35.760 35.610 35.150 35.270 35.490 34.220 34.080 33.820 32.710 33.180 33.020 32.810 32.700 33.420 33.730 33.910 34.350 35.860 36.230 35.750 35.700 35.420 35.270 35.580 34.970 34.800 34.850 35.280 35.070 34.480 34.550 34.550 34.210 34.260 33.830 33.750 33.400 33.430 33.420 33.450 31.620 31.580 30.510 29.550 29.230 28.580 28.700 28.500 28.630 28.590 27.930 27.580 27.640 27.710 27.030 26.930 27.230 27.100
34.160 34.150 34.810 35.060 35.170 35.260 35.430 35.590 35.710 36.000 35.870 36.390 36.220 36.610 36.460 35.590 35.810 35.840 34.960 34.350 34.120 33.360 33.180 33.340 33.670 33.630 34.420 34.450 34.990 35.890 36.400 36.520 36.650 36.370 36.110 36.390 35.970 36.170 35.760 35.610 35.600 35.600 35.760 35.830 35.440 34.890 34.620 34.640 34.460 34.100 33.510 33.420 33.450 31.950 31.870 30.660 29.820 29.730 29.360 29.770 29.010 29.450 28.600 28.290 27.570 27.690 27.580 27.370 27.390 27.310 27.540
33.720 34.330 34.470 34.140 34.960 35.440 35.600 35.660 35.870 36.040 36.420 36.630 36.810 36.730 36.770 36.200 36.240 36.070 35.540 34.570 34.260 32.960 33.640 34.340 34.170 34.460 35.460 36.210 37.700 37.540 37.290 37.020 36.920 37.050 37.210 37.170 37.080 36.880 36.310 36.560 36.770 36.170 35.870 36.320 35.890 35.750 35.710 35.210 34.790 34.590 33.850 33.550 33.120 32.610 31.940 31.130 30.740 29.820 29.540 30.100 30.020 29.890 29.050 28.540 28.220 27.860 27.640 27.650 27.430 27.520 27.710
33.090 33.930 34.470 34.520 34.660 34.830 35.410 36.050 36.080 36.130 36.440 36.680 37.210 36.910 36.720 36.770 36.550 36.580 36.200 35.100 34.430 33.930 34.080 34.700 34.840 35.750 36.680 38.850 38.580 38.170 37.750 38.300 37.990 38.190 38.420 38.300 37.540 37.390 37.340 37.950 38.780 38.180 36.780 36.830 36.590 36.520 36.310 36.180 35.990 34.890 34.560 34.120 33.350 32.860 32.350 31.050 30.720 30.900 30.670 30.730 30.110 30.050 29.550 28.890 28.580 28.210 27.590 27.760 27.780 27.750 27.810
32.370 32.840 33.510 34.280 34.800 34.800 34.790 35.550 35.800 36.330 36.470 36.710 36.810 37.230 37.110 37.000 36.800 36.820 36.810 35.720 35.270 34.650 34.790 34.680 34.990 36.470 38.300 39.750 39.310 38.910 38.800 39.000 38.990 39.430 39.410 38.950 38.650 38.250 38.340 38.800 38.810 38.540 37.050 37.590 37.290 37.510 37.110 36.970 36.470 36.200 35.830 34.880 33.970 33.090 32.390 31.340 31.010 30.980 31.420 31.250 30.650 30.480 30.170 29.230 28.740 28.790 28.630 28.320 28.240 28.030 27.970
32.010 32.640 33.090 33.590 34.000 34.910 34.440 34.790 36.050 36.110 36.530 36.820 37.070 37.180 37.350 37.590 37.250 37.250 37.000 36.590 35.720 35.590 35.850 35.820 36.620 37.580 39.370 40.370 40.020 39.690 40.010 39.960 40.510 40.660 40.340 39.690 39.690 39.070 38.900 38.940 38.920 38.930 38.220 38.250 38.150 38.280 38.720 38.250 37.490 35.980 35.760 35.120 34.570 33.210 32.670 32.010 31.730 31.640 31.810 31.750 31.370 30.820 30.380 30.100 29.150 28.640 28.780 28.370 28.500 28.440 28.220
30.660 31.660 32.410 32.830 33.280 34.480 33.780 33.670 34.920 35.990 36.220 36.450 36.970 37.250 37.580 37.780 37.930 37.770 37.890 37.410 36.800 36.270 36.520 37.070 37.640 38.230 39.750 40.510 40.610 40.300 40.260 40.460 41.470 41.650 41.470 41.080 40.710 40.320 39.960 39.640 39.260 39.020 39.260 38.890 39.140 39.150 39.280 39.210 38.370 37.070 36.290 35.380 35.000 33.920 33.060 32.810 32.700 32.540 32.260 32.190 31.690 31.350 30.770 30.520 29.680 29.120 28.960 28.720 28.500 29.050 28.750
29.840 30.310 31.060 32.520 32.480 32.780 33.150 33.450 34.220 35.260 35.650 35.750 37.000 37.310 37.740 37.910 38.290 38.370 38.580 38.260 37.530 37.760 37.860 38.220 38.830 39.390 40.320 41.000 41.030 40.770 40.750 41.520 42.110 42.380 41.840 41.460 41.570 40.990 41.050 41.040 40.610 40.160 40.120 39.710 39.880 39.370 39.370 39.240 39.310 38.750 37.180 35.920 35.110 34.380 34.040 33.360 33.470 33.070 32.210 31.990 31.800 31.770 30.920 30.530 29.690 29.580 29.150 29.060 28.860 29.020 28.910
29.820 30.430 30.330 31.710 32.040 32.700 33.430 33.980 33.690 34.610 35.150 35.840 36.570 37.230 37.710 38.160 38.410 38.480 38.710 39.080 39.300 39.350 38.870 38.910 39.350 39.960 40.760 41.390 41.510 42.290 42.680 43.110 42.810 43.290 42.970 42.890 42.850 42.320 41.210 41.030 41.040 41.150 40.620 40.620 40.610 39.980 39.300 39.220 39.210 39.210 38.470 36.580 35.610 34.700 34.560 34.390 34.000 33.390 32.830 32.510 32.390 31.910 30.860 30.490 30.330 29.990 29.770 29.330 28.810 28.990 28.840
28.810 29.480 30.240 31.010 31.630 32.550 33.140 34.010 33.940 34.230 34.670 35.750 36.450 37.300 37.510 37.800 38.240 39.010 38.840 39.160 39.360 39.720 39.830 40.250 39.900 40.770 41.200 41.630 41.780 42.850 43.160 43.220 44.020 44.100 43.670 43.570 43.590 43.460 42.790 42.460 41.370 41.430 41.240 41.460 41.420 41.050 40.370 39.580 39.260 39.080 37.800 36.910 36.180 35.570 35.390 34.910 34.450 34.140 33.600 32.850 32.690 32.280 31.750 31.230 30.630 30.360 30.020 30.050 29.150 29.320 29.240
28.750 29.000 29.680 29.980 30.710 31.390 31.860 32.600 33.770 33.780 34.190 35.420 36.330 37.130 37.170 37.440 38.130 38.630 38.950 39.500 39.650 39.930 40.010 40.240 40.510 40.910 41.320 41.720 42.160 42.600 43.410 44.140 44.140 44.770 44.340 44.410 44.160 43.820 43.570 43.630 42.990 42.020 41.670 41.960 41.420 41.270 41.070 40.810 40.140 39.100 38.370 37.720 36.810 36.010 35.510 35.470 34.920 34.540 34.120 33.540 32.510 32.240 31.920 31.670 31.030 30.390 30.020 30.250 29.910 29.680 29.490
28.390 28.450 28.820 29.700 30.090 30.600 31.470 31.730 32.360 32.860 33.410 35.410 36.320 36.300 36.570 36.910 37.820 38.320 38.670 38.970 39.350 39.660 39.700 40.210 40.660 41.090 41.400 41.760 42.000 42.300 43.010 44.020 44.470 44.780 44.960 44.990 44.840 44.260 43.830 43.780 43.690 42.340 43.050 41.900 41.790 41.820 41.430 40.730 40.490 39.700 38.940 38.260 37.470 36.720 36.140 35.610 35.210 34.470 34.140 33.400 33.500 32.290 31.860 31.540 31.770 30.740 30.360 30.320 30.360 30.240 30.100
28.360 28.180 28.760 29.270 29.610 29.950 30.720 31.070 31.370 32.300 33.420 34.710 36.410 36.260 36.360 36.310 36.690 36.610 38.160 38.370 38.930 39.260 39.410 39.870 40.490 40.510 41.210 41.740 41.940 42.210 42.250 42.400 42.480 44.180 44.550 44.990 44.840 44.530 44.550 44.540 43.320 42.570 44.050 42.780 43.090 42.640 42.280 41.360 40.610 39.860 39.510 38.670 37.420 36.700 36.260 35.630 35.070 34.760 34.450 33.390 33.520 33.390 32.790 31.950 31.680 31.090 30.830 30.740 30.440 30.260 30.540
26.980 27.800 28.350 28.530 29.130 29.090 29.650 30.520 31.420 31.770 33.860 34.260 34.290 34.300 35.320 36.020 36.390 36.560 37.170 37.280 38.390 38.300 38.930 39.720 40.270 40.290 40.170 40.780 41.710 42.100 42.290 42.360 42.310 42.480 42.490 42.610 43.820 44.570 44.620 44.530 42.700 43.040 44.380 43.780 43.800 43.610 43.090 42.720 41.550 40.260 39.900 38.620 37.630 37.080 36.840 36.090 35.650 34.860 34.650 33.910 33.920 33.800 33.120 32.410 32.050 31.810 31.270 30.790 30.670 30.470 30.760
26.850 26.610 27.210 28.040 28.600 28.880 29.320 29.760 30.480 31.270 32.670 34.260 34.300 34.470 34.740 35.050 35.880 36.280 37.390 37.260 37.590 37.530 38.040 37.620 39.430 40.290 40.240 40.030 40.720 41.660 41.820 41.850 42.340 42.640 42.470 42.560 42.710 42.660 43.180 43.030 42.590 43.000 43.830 43.860 43.860 43.820 43.820 43.060 41.130 40.800 40.090 38.780 38.190 37.370 36.600 36.460 35.540 35.290 35.030 34.600 34.360 33.720 33.620 33.100 32.500 32.330 31.620 31.280 31.160 30.730 30.760
26.760 26.410 26.510 27.150 27.850 28.390 28.870 29.300 29.720 30.800 32.000 33.070 33.620 34.140 34.380 34.590 35.440 35.540 35.780 36.410 36.610 37.160 37.720 37.700 37.580 37.590 38.530 38.740 39.880 40.790 40.850 41.220 41.800 41.830 42.400 42.370 42.720 42.620 42.640 42.510 42.470 42.880 43.820 43.830 43.830 43.880 43.690 43.090 40.970 41.050 39.910 39.110 38.570 37.840 37.080 36.810 35.610 35.680 35.330 34.950 34.920 34.600 33.940 33.420 32.750 32.370 31.840 31.740 31.600 31.130 30.700
26.330 26.240 26.050 26.690 27.180 27.580 28.130 28.810 29.380 30.320 30.940 32.300 33.360 33.510 33.710 34.250 34.400 34.880 35.060 35.650 35.600 36.410 37.540 37.640 37.560 37.520 37.440 37.850 39.230 39.420 39.740 40.150 40.210 40.630 41.380 41.890 42.110 42.430 42.470 42.450 42.510 42.320 42.170 42.610 43.620 44.110 43.390 41.750 40.630 40.350 39.700 39.610 38.630 37.730 37.580 37.040 36.210 35.920 35.530 35.260 34.930 34.770 33.980 33.410 32.830 32.240 32.030 31.840 31.820 31.790 31.430
26.310 25.960 25.790 26.170 26.950 27.250 27.660 28.540 28.900 30.220 30.800 31.670 32.850 33.020 32.860 33.360 33.590 34.040 34.390 34.560 35.010 36.430 37.480 37.480 37.540 37.600 37.240 37.990 38.880 38.740 38.860 39.010 39.290 39.520 39.480 39.650 40.850 41.560 41.870 42.070 42.390 42.220 42.120 41.890 41.600 41.250 41.140 40.480 40.210 39.720 39.480 39.370 38.800 38.000 37.640 36.980 36.790 36.020 35.970 35.620 35.330 35.020 34.570 33.980 33.460 32.270 32.090 32.160 32.100 31.720 31.840
25.970 25.800 25.540 25.580 26.540 26.780 27.630 28.330 28.780 30.250 30.400 30.680 31.050 31.150 31.530 32.180 32.480 32.950 33.690 33.650 34.790 35.980 37.470 37.430 37.360 37.440 37.190 37.080 37.790 37.880 38.070 38.260 38.310 38.730 38.570 38.890 40.220 40.510 41.660 41.360 41.330 41.870 41.910 41.890 41.410 41.180 40.830 40.470 40.040 39.610 39.160 39.180 38.650 38.390 37.380 36.800 37.080 36.460 36.180 35.900 35.480 35.240 34.910 34.250 34.160 33.340 32.630 32.220 32.190 31.750 31.830
25.580 25.260 25.240 25.250 25.980 26.070 26.920 27.630 28.360 28.780 30.250 29.890 30.250 30.800 30.890 31.000 31.540 31.830 32.690 32.980 33.630 34.390 35.670 36.560 37.400 37.760 36.630 36.760 36.870 37.000 37.290 37.440 37.290 37.850 38.210 38.530 39.030 39.600 40.010 40.570 40.840 40.800 40.820 40.720 40.720 40.800 40.800 40.440 40.010 39.540 39.050 38.670 38.160 37.770 37.790 37.520 36.880 36.580 36.550 36.330 36.950 35.510 35.360 34.340 34.350 34.890 33.320 32.780 32.310 31.630 32.090
24.930 24.970 24.970 25.050 25.560 25.990 26.640 27.030 27.800 28.100 28.560 29.100 29.930 30.050 30.690 30.680 31.000 31.120 31.620 32.430 32.710 33.420 34.080 35.020 36.290 35.460 35.290 36.220 36.740 37.010 37.140 36.900 36.410 36.960 37.340 37.700 38.260 38.820 38.590 39.970 40.700 40.670 39.990 39.860 39.940 40.000 40.020 39.960 39.850 39.490 39.090 38.480 37.940 37.440 37.210 37.030 36.800 36.660 36.390 36.410 36.330 35.730 35.590 34.240 34.180 34.370 35.050 33.040 32.690 32.540 32.100
