0925_6225/LITTO3D_FRA_0929_6225_20150529_LAMB93_RGF93_IGN69/MNT5m/LITTO3D_FRA_0929_6225_MNT5_20150128_LAMB93_RGF93_IGN69.asc
ncols 200
nrows 200
xllcenter 929000.000
yllcenter 6224005.000
cellsize 5.0000
nodata_value -99999
[rows 160 to 191 of 200, columns 0 to 70 of 200]
9.510 9.430 9.700 9.150 9.180 9.230 9.120 9.310 9.710 9.470 9.700 10.170 10.710 10.360 10.790 11.250 11.250 11.490 11.540 11.480 11.610 11.550 11.730 11.930 12.030 12.000 11.970 12.550 12.490 12.010 12.460 12.720 12.530 12.820 12.710 12.490 12.780 12.960 13.110 13.090 13.220 13.370 13.410 13.620 13.560 13.430 13.850 13.610 14.210 14.210 14.540 15.060 15.380 15.330 15.400 15.450 15.570 15.570 15.360 15.730 15.430 15.760 16.140 16.180 16.230 16.300 16.440 16.130 16.210 17.040 18.410
9.540 9.530 9.270 9.180 9.130 9.220 9.370 9.030 9.390 9.820 10.080 10.320 10.430 10.450 10.800 11.100 11.280 11.500 11.620 11.510 11.470 11.500 11.790 12.010 11.770 11.950 12.130 12.180 12.270 12.200 12.510 12.610 12.490 12.720 12.660 12.660 12.510 12.870 13.010 13.050 13.120 13.320 13.420 13.500 13.700 13.810 13.840 13.440 13.630 14.220 14.320 15.260 15.400 15.390 15.390 15.420 15.560 15.540 15.570 15.770 15.660 15.830 16.020 16.100 16.220 16.320 16.280 16.300 16.370 17.170 18.030
9.510 9.260 9.260 9.170 9.150 9.040 9.030 9.410 9.610 9.650 10.220 10.140 10.410 10.540 10.720 10.850 11.110 11.690 11.480 11.490 11.520 11.610 11.610 11.810 11.810 12.070 12.250 12.200 12.240 12.330 12.480 12.530 12.600 12.570 12.500 12.650 12.690 12.770 12.880 13.050 13.230 13.190 13.340 13.490 13.650 13.730 14.020 13.800 14.230 14.170 15.060 15.200 15.270 15.420 15.310 15.340 15.400 15.500 15.470 15.370 15.430 15.490 15.970 16.110 16.220 16.300 16.410 16.510 16.600 17.180 17.930
9.570 9.600 9.520 9.330 9.200 9.180 9.060 9.230 9.720 10.090 10.100 10.040 10.290 10.370 10.890 10.860 10.970 10.980 11.170 11.330 11.390 11.440 11.530 11.700 11.860 12.080 12.240 12.320 12.440 12.290 12.370 12.600 12.780 12.540 12.700 12.640 12.690 12.740 12.850 13.130 13.160 13.270 13.330 13.500 13.570 13.700 13.830 13.920 14.420 14.640 15.300 15.440 15.250 15.300 15.280 15.360 15.450 15.550 15.540 15.630 15.750 15.840 16.000 16.290 16.240 16.340 16.430 16.540 16.600 17.140 17.890
9.510 9.520 9.590 9.350 9.060 9.700 9.250 9.300 9.500 9.890 9.980 9.810 10.180 10.500 10.630 10.810 10.850 11.110 11.210 11.120 11.310 11.390 11.610 11.690 11.810 12.140 12.190 12.420 12.220 12.320 12.420 12.630 12.850 12.380 12.660 12.490 12.570 12.600 13.010 12.940 13.330 13.420 13.430 13.530 13.560 13.710 13.790 13.970 14.490 14.860 15.070 15.150 15.320 15.470 15.460 15.310 15.470 15.540 15.560 15.620 15.660 15.500 15.990 15.950 16.160 16.280 16.360 16.540 16.770 17.510 17.770
9.510 9.660 9.620 9.660 9.560 9.550 9.580 9.420 9.400 9.680 9.960 10.080 10.470 10.400 10.680 10.740 10.620 10.930 10.940 11.330 11.420 11.320 11.650 11.800 11.980 12.370 12.990 12.770 12.170 12.150 12.150 12.210 12.490 12.400 12.360 12.520 12.630 12.790 12.950 13.280 13.170 13.530 13.200 13.240 13.640 13.860 13.940 14.480 14.430 15.070 15.160 15.040 15.350 15.360 15.410 15.650 15.610 15.570 15.790 15.610 15.840 15.410 15.910 16.080 16.090 16.310 16.380 16.550 16.640 17.350 17.610
9.530 9.610 9.690 9.610 9.650 9.630 9.710 9.580 9.660 9.800 9.680 10.130 10.190 10.510 10.590 10.830 10.720 10.870 10.980 11.010 11.320 11.350 11.440 11.790 11.820 12.920 12.500 12.100 12.020 12.200 12.210 12.150 12.390 12.310 12.460 12.550 12.590 12.820 12.690 13.070 13.170 13.270 13.380 13.510 13.690 13.600 13.840 14.410 14.610 15.130 15.220 15.230 15.360 15.350 15.470 15.590 15.560 15.620 15.370 15.270 15.620 15.560 15.930 15.870 16.260 16.190 16.370 16.510 16.520 17.370 17.570
9.820 9.700 9.680 9.680 9.710 9.610 9.740 9.640 9.570 9.680 9.770 10.070 10.160 10.250 10.450 10.660 10.860 10.930 11.070 10.990 11.250 11.310 11.390 11.170 11.340 11.600 12.000 12.220 12.170 12.190 11.960 12.300 12.260 12.300 12.370 12.500 12.650 12.660 12.560 13.470 13.260 13.250 13.380 13.660 13.840 13.700 13.860 14.410 15.050 15.310 15.270 15.350 15.170 15.310 15.430 15.510 15.520 15.580 15.420 15.640 15.830 16.020 16.050 15.960 16.050 16.420 16.590 16.870 17.090 17.480 17.600
9.710 9.770 9.780 9.850 9.890 9.720 9.790 9.550 9.640 9.600 9.760 9.940 9.860 10.060 10.290 10.320 10.570 10.780 10.880 11.050 11.200 11.350 10.650 9.480 9.920 11.190 11.850 12.170 11.800 11.800 11.910 12.150 12.350 12.380 12.350 12.520 12.800 12.050 13.110 13.340 13.250 13.540 13.490 13.780 14.100 13.690 13.790 14.870 15.100 15.240 15.240 15.380 15.170 15.250 15.320 15.330 15.520 15.520 15.570 15.650 16.000 16.110 16.300 16.130 16.250 16.560 16.660 16.830 16.810 17.270 17.580
9.780 9.830 9.860 9.940 9.660 9.850 9.920 9.650 9.520 9.760 9.690 9.880 10.080 10.170 10.290 10.520 10.550 10.710 10.790 10.970 11.050 11.070 9.470 12.000 11.580 9.550 11.280 11.730 11.740 11.760 11.860 12.150 12.290 12.370 12.460 12.560 12.710 12.630 13.360 13.180 13.490 13.830 14.130 13.990 13.850 13.780 14.110 14.810 15.030 15.130 15.200 15.210 15.210 15.260 15.170 15.250 15.420 15.490 15.630 15.650 16.140 16.150 16.170 15.990 16.190 16.420 16.500 16.670 16.750 16.890 17.210
9.560 9.920 9.820 9.830 9.680 9.790 9.640 9.770 9.860 9.860 9.660 9.980 10.530 10.720 10.830 10.900 10.910 10.900 11.020 10.930 11.240 10.120 11.000 12.440 12.570 10.870 10.290 10.010 11.770 11.570 11.930 11.940 12.330 12.400 12.550 12.690 12.940 13.120 13.060 13.320 13.740 14.080 14.140 13.970 13.770 13.660 14.710 14.970 15.060 14.970 15.030 15.220 15.230 15.210 15.210 15.100 15.270 15.360 15.500 15.810 15.730 15.860 15.850 15.880 16.190 16.370 16.410 16.440 16.540 16.840 16.890
9.520 9.640 9.760 9.940 9.870 9.730 9.690 9.810 9.920 9.950 9.870 10.500 10.530 11.210 10.800 10.940 11.010 11.120 11.100 11.200 11.350 10.720 11.650 12.200 12.100 12.110 11.670 10.800 10.210 10.040 10.860 12.170 12.260 12.160 12.310 12.540 13.020 13.220 13.270 13.340 13.460 13.640 13.620 13.530 13.620 13.650 14.510 14.880 14.960 14.870 14.800 15.030 15.240 15.100 15.180 15.090 15.490 15.460 15.520 15.670 15.780 15.930 15.750 15.750 16.070 16.130 16.290 16.350 16.640 17.120 17.380
9.760 9.680 10.000 9.720 9.720 9.830 9.840 9.960 9.950 10.180 10.440 10.650 10.600 11.130 10.950 10.770 11.200 11.190 11.390 11.270 11.470 11.700 12.220 12.210 12.110 12.160 12.190 12.090 12.210 11.300 10.390 10.200 11.640 11.880 11.890 12.020 12.820 13.090 13.410 13.500 13.490 13.460 13.670 13.180 13.350 13.660 14.480 14.750 14.620 14.810 14.900 14.620 14.790 14.750 14.750 14.960 15.120 15.360 15.570 15.610 15.760 15.690 15.850 15.870 16.160 16.200 16.350 16.300 16.470 17.280 17.410
9.520 9.960 10.080 9.990 9.950 10.020 10.060 9.930 10.390 10.590 10.650 10.720 10.780 10.940 11.060 10.760 11.220 11.700 11.450 11.230 11.420 12.730 12.260 12.150 12.230 12.200 12.160 12.160 12.200 12.370 11.650 11.190 11.740 11.820 11.900 12.980 13.020 13.220 13.300 13.440 13.460 13.420 13.520 13.340 13.720 14.010 14.560 14.410 14.490 14.640 14.640 14.690 14.710 14.710 14.730 14.840 15.150 15.370 15.770 15.790 15.980 15.730 15.800 15.850 16.150 16.040 16.150 16.320 16.600 17.000 17.340
9.740 9.770 9.840 10.070 10.120 10.090 10.060 10.090 10.970 10.720 10.450 10.660 10.640 10.680 10.450 11.060 11.450 11.770 11.760 11.460 11.560 12.320 12.280 12.240 12.180 12.230 12.240 12.220 12.260 12.210 12.200 12.190 11.830 12.050 12.500 12.940 13.310 13.340 13.360 13.180 13.360 13.480 13.420 13.760 14.210 14.430 14.390 14.370 14.430 14.460 14.580 14.490 14.740 14.680 14.670 14.840 15.100 15.430 15.900 16.060 16.270 15.920 15.870 15.920 16.190 16.130 16.230 16.360 16.760 16.860 17.380
9.760 9.740 10.190 10.370 10.360 10.410 10.260 10.460 11.260 10.930 10.920 11.040 10.440 10.850 10.620 10.860 11.130 11.700 12.000 11.690 11.950 12.290 12.220 12.230 12.150 12.320 12.170 12.200 12.310 12.270 12.160 12.250 12.170 12.190 12.560 12.800 12.850 12.830 12.940 13.570 13.440 13.330 13.790 14.240 14.700 13.920 14.150 14.320 14.250 14.290 14.350 14.330 14.620 14.790 14.680 14.790 15.040 15.390 15.740 16.070 16.010 16.080 16.050 15.960 16.180 16.120 16.270 16.560 16.910 17.280 17.190
9.930 10.260 10.460 10.540 10.580 9.860 10.750 11.330 11.330 11.340 11.420 10.990 11.480 11.030 11.240 11.200 11.020 11.770 11.530 12.020 12.310 12.320 12.290 12.200 12.290 12.180 12.310 12.330 12.240 12.300 12.310 12.360 12.240 12.340 12.790 12.790 13.000 13.060 13.080 13.120 13.080 13.300 12.910 12.920 13.160 12.850 12.990 13.220 13.870 14.170 14.310 14.470 14.840 14.720 14.810 14.830 15.060 15.470 16.050 16.030 15.970 15.970 16.050 16.110 16.250 16.630 16.530 16.640 16.990 17.350 17.180
10.230 10.810 10.600 10.810 10.340 10.260 10.780 11.550 11.440 11.430 11.280 11.170 11.520 11.500 11.360 11.000 11.740 12.010 12.020 12.550 12.400 12.260 12.230 12.240 12.280 12.260 12.290 12.260 12.320 12.340 12.350 12.330 12.360 12.560 12.680 13.060 13.200 13.150 13.170 13.170 13.030 13.070 12.710 13.300 13.170 13.290 13.170 13.290 14.020 14.300 14.640 14.630 14.890 14.690 14.760 14.720 14.920 15.410 15.890 15.970 16.080 16.150 16.000 16.200 16.270 16.950 16.720 16.710 17.080 17.220 17.420
10.860 10.960 10.870 10.800 10.380 10.590 11.010 11.580 11.590 11.530 11.510 11.400 11.460 11.580 11.620 11.630 11.750 12.190 11.950 12.490 12.360 12.320 12.260 12.320 12.280 12.300 12.300 12.240 12.370 12.360 12.360 12.420 12.520 12.850 13.330 13.310 13.240 13.270 13.320 13.210 13.260 13.200 13.580 14.050 14.190 14.110 14.310 14.410 14.420 14.480 14.490 14.720 14.930 14.780 14.840 14.870 15.130 15.420 15.480 15.750 16.030 16.260 16.490 16.340 16.470 16.580 16.720 16.920 17.020 17.100 17.210
10.920 11.160 11.120 11.060 10.700 11.020 11.350 11.490 11.600 11.400 11.440 11.530 11.830 11.570 11.830 11.810 11.780 11.900 12.170 12.390 12.350 12.310 12.420 12.270 12.280 12.370 12.400 12.390 12.350 12.360 12.370 12.400 12.590 13.010 13.320 13.110 13.240 13.380 13.340 13.430 13.410 13.300 13.790 14.150 14.450 14.650 14.380 14.690 14.490 14.620 14.600 14.780 14.910 14.750 14.930 15.160 15.280 15.220 15.200 15.220 15.260 15.740 16.270 16.270 16.150 16.700 16.750 17.260 17.240 17.130 17.240
11.200 11.530 11.330 11.060 11.360 11.070 11.280 11.080 11.460 11.520 11.590 11.790 11.760 11.810 12.030 12.050 11.970 11.960 12.240 12.380 12.380 12.320 12.360 12.350 12.370 12.380 12.430 12.470 12.400 12.440 12.410 12.520 12.860 13.180 13.380 13.430 13.480 13.490 13.510 13.560 13.520 13.350 14.170 14.550 14.470 14.510 14.560 14.440 14.490 14.520 14.530 14.990 15.000 14.840 14.870 14.980 15.300 15.150 15.280 15.200 15.180 16.250 16.490 16.590 16.240 16.740 16.700 16.910 17.450 17.160 17.350
11.560 11.520 11.600 11.100 11.300 11.120 11.160 11.140 11.490 11.620 11.580 11.520 11.570 11.940 12.370 12.270 11.940 12.240 12.590 12.350 12.360 12.430 12.340 12.430 12.320 12.350 12.350 12.460 12.470 12.500 12.540 12.500 12.940 13.330 13.320 13.210 13.400 13.470 13.470 13.550 13.400 13.520 14.620 14.730 14.910 14.590 14.660 14.910 14.880 15.050 14.780 15.160 14.860 14.780 15.070 15.290 14.980 15.430 15.710 15.540 15.230 16.200 16.960 16.880 16.880 16.980 17.040 17.100 17.120 17.280 17.260
11.680 11.680 11.530 11.240 11.340 11.290 11.050 11.650 11.400 11.450 11.600 11.730 11.720 12.170 12.340 12.130 12.030 12.690 12.400 12.430 12.420 12.340 12.310 12.390 12.400 12.490 12.430 12.450 12.440 12.440 12.590 12.790 13.070 13.310 13.330 13.270 13.300 13.280 13.320 13.380 13.350 13.960 14.790 14.950 15.190 14.750 14.690 15.080 15.050 15.010 14.810 14.890 14.910 14.880 15.230 15.920 15.470 15.480 15.950 15.710 15.860 16.030 16.970 16.970 17.010 17.210 17.290 17.350 17.220 17.210 17.450
11.720 11.620 11.680 11.620 11.570 11.420 11.130 11.430 11.420 11.410 11.410 11.480 11.560 12.000 12.220 12.090 12.230 12.530 12.460 12.390 12.480 12.350 12.470 12.470 12.490 12.450 12.420 12.360 12.510 12.480 12.640 13.010 13.290 13.320 13.340 13.320 13.320 13.280 13.330 13.330 13.390 14.540 14.770 15.020 14.860 14.640 15.040 15.170 15.080 15.100 14.910 15.110 14.870 14.860 15.130 15.300 15.530 15.540 15.690 15.900 16.020 16.050 16.910 17.010 17.100 17.550 17.520 17.490 17.320 17.230 17.630
11.870 11.820 11.770 11.790 11.620 11.570 11.530 11.390 11.470 11.390 11.440 11.810 11.990 12.000 12.080 12.100 12.520 12.560 12.400 12.390 12.480 12.360 12.450 12.430 12.400 12.490 12.450 12.440 12.520 12.540 12.750 13.280 13.350 13.430 13.340 13.340 13.290 13.330 13.300 13.350 13.470 14.870 14.770 14.730 14.630 14.690 15.090 15.330 15.140 15.300 15.020 15.070 14.920 14.970 15.300 15.440 15.530 15.860 15.890 15.920 16.010 16.290 16.810 16.970 17.110 17.600 17.610 17.490 17.450 17.400 17.870
11.780 12.000 11.860 12.070 11.950 11.890 11.580 11.290 11.320 11.620 11.590 11.990 12.470 12.360 12.170 12.310 12.500 12.450 12.540 12.440 12.450 12.480 12.410 12.490 12.470 12.510 12.450 12.570 12.550 12.590 13.080 13.290 13.410 13.450 13.410 13.340 13.380 13.430 13.400 13.320 13.810 14.720 14.840 14.760 14.760 14.790 15.010 15.210 15.030 15.110 15.070 14.910 14.940 15.280 15.590 15.580 15.710 15.870 15.990 15.950 15.970 16.100 16.800 16.960 17.260 17.280 17.300 17.360 17.380 17.720 18.210
11.960 12.250 12.140 11.970 12.050 11.910 11.560 11.350 11.750 11.830 11.910 12.160 12.610 12.600 12.320 12.560 12.550 12.440 12.480 12.340 12.380 12.440 12.460 12.520 12.480 12.430 12.610 12.580 12.600 12.740 13.180 13.560 13.580 13.490 13.390 13.410 13.340 13.380 13.420 13.460 14.220 14.770 14.770 14.650 14.660 14.860 14.750 14.780 14.850 14.890 15.000 14.930 15.110 15.350 15.840 15.870 16.090 16.020 16.090 16.040 16.050 16.750 16.970 17.120 17.040 17.090 17.130 17.470 17.540 17.690 18.180
12.280 12.200 12.040 12.100 12.020 11.660 11.580 11.790 11.930 12.260 12.080 12.370 12.400 12.450 12.300 12.550 12.520 12.460 12.450 12.430 12.480 12.440 12.490 12.540 12.460 12.470 12.560 12.590 12.640 13.150 13.520 13.610 13.630 13.640 13.580 13.500 13.440 13.420 13.430 13.430 14.070 14.760 14.690 14.790 14.630 14.790 14.840 14.830 14.860 14.860 14.920 15.110 15.270 15.230 15.720 15.970 15.970 16.010 15.960 16.020 16.060 17.100 17.010 17.320 17.210 17.000 17.170 17.400 17.700 17.770 18.100
12.330 12.350 12.220 12.070 11.840 11.740 11.970 12.150 12.140 12.020 12.150 12.270 12.380 12.520 12.430 12.530 12.570 12.550 12.450 12.490 12.560 12.460 12.580 12.470 12.480 12.570 12.620 12.570 12.740 13.320 13.560 13.490 13.490 13.500 13.530 13.520 13.500 13.440 13.500 13.810 14.520 14.680 14.720 14.840 14.860 14.910 14.960 14.960 14.970 15.460 15.100 15.050 15.120 15.280 15.270 15.400 15.510 15.680 16.030 16.070 16.450 17.200 17.170 17.330 17.280 17.280 17.350 17.490 17.770 17.880 18.030
12.160 12.270 12.170 12.080 11.970 12.250 12.300 12.250 12.240 12.170 12.370 12.380 12.420 12.420 12.690 12.560 12.610 12.450 12.450 12.490 12.540 12.540 12.530 12.550 12.530 12.610 12.710 12.710 13.120 13.370 13.590 13.550 13.970 13.600 13.550 13.450 13.510 13.600 13.700 14.490 14.860 14.780 14.780 14.850 14.760 14.820 15.020 15.110 15.050 15.330 15.310 15.210 15.240 15.250 15.300 15.450 15.500 15.620 15.780 16.250 16.390 16.730 17.020 17.210 17.260 17.270 17.340 17.600 17.730 17.900 18.070
12.430 12.390 12.390 12.170 12.270 12.350 12.250 12.400 12.230 12.710 12.650 12.550 12.570 12.740 12.770 12.830 12.530 12.540 12.440 12.440 12.590 12.540 12.650 12.610 12.580 12.680 12.650 12.780 13.230 13.730 13.590 13.570 13.660 13.540 13.570 13.540 13.600 13.550 14.050 14.790 14.710 14.850 14.640 14.860 14.850 14.890 15.100 15.140 15.110 15.340 15.130 15.240 15.130 15.440 15.470 15.460 15.550 15.730 15.790 16.170 16.170 16.770 16.610 16.780 17.130 17.270 17.330 17.710 17.880 17.910 18.340
12.570 12.580 12.360 12.340 12.520 12.540 12.590 12.450 12.210 12.730 12.590 12.650 12.890 12.630 12.700 13.180 12.620 12.500 12.510 12.600 12.560 12.630 12.640 12.640 12.640 12.690 12.720 13.040 13.470 13.740 13.660 13.680 13.700 13.690 13.600 13.590 13.610 13.650 13.820 15.240 14.720 14.720 14.770 14.800 14.840 14.930 15.040 15.060 15.570 16.020 15.470 15.570 15.660 15.540 15.480 15.480 15.630 15.770 15.930 16.200 16.270 16.570 16.850 16.920 17.700 17.910 17.460 17.940 17.860 18.120 18.740
