0925_6225/LITTO3D_FRA_0929_6223_20150529_LAMB93_RGF93_IGN69/MNT5m/LITTO3D_FRA_0929_6223_MNT5_20150128_LAMB93_RGF93_IGN69.asc
ncols 200
nrows 200
xllcenter 929000.000
yllcenter 6222005.000
cellsize 5.0000
nodata_value -99999
[rows 0 to 31 of 200, columns 71 to 141 of 200]
43.840 44.350 44.700 45.550 46.350 47.220 48.110 48.860 50.140 51.340 52.660 53.600 54.630 55.670 56.650 57.600 59.110 59.980 61.250 63.420 64.370 65.910 67.000 66.940 66.900 69.180 70.100 71.110 72.370 72.950 73.280 73.630 74.090 74.430 75.010 75.890 77.040 76.800 77.080 77.460 77.790 78.830 80.040 81.280 81.420 81.190 81.560 81.890 82.010 81.940 81.760 81.680 81.010 81.170 80.130 79.680 80.030 79.250 77.170 75.730 74.750 73.110 71.170 70.390 70.410 70.660 70.560 67.530 67.330 66.810 65.750
45.170 45.520 46.110 46.440 47.210 47.900 48.430 49.110 50.310 51.590 52.940 53.880 54.640 55.890 56.760 57.900 59.240 60.330 62.080 63.770 64.370 67.000 67.020 67.550 68.790 69.690 71.130 72.060 72.580 73.500 74.210 75.060 76.300 77.450 76.320 78.100 77.540 78.260 78.690 78.630 79.100 80.610 82.530 82.850 82.270 82.330 82.650 82.790 83.220 83.420 83.110 82.900 82.550 82.240 81.310 80.770 80.970 81.180 78.700 76.930 76.250 74.860 72.980 71.720 70.440 70.600 70.440 70.150 67.510 67.160 66.710
46.450 47.230 47.630 47.720 48.460 48.830 49.590 50.140 50.380 51.290 52.950 53.950 54.910 56.160 57.140 58.270 59.310 60.550 62.250 63.610 64.120 66.800 67.020 67.920 68.870 70.040 71.470 72.140 73.620 74.560 75.260 76.810 79.150 79.560 78.710 78.410 78.870 79.870 80.780 81.650 81.170 82.330 83.010 83.090 83.080 83.350 83.540 83.810 84.070 84.770 84.960 84.450 84.160 83.650 82.840 82.460 82.220 82.310 80.440 78.610 78.260 75.700 74.670 73.460 71.820 70.590 70.450 69.740 68.690 68.240 68.360
48.400 48.850 49.200 49.130 50.040 50.580 50.850 51.220 51.360 51.540 52.570 53.910 55.610 56.180 57.630 58.480 59.750 60.740 61.910 63.230 64.640 65.570 66.950 68.220 69.450 70.560 71.950 73.080 74.200 74.640 75.700 78.240 79.720 79.690 79.680 79.040 80.250 81.060 81.590 81.530 81.740 83.200 83.290 83.660 83.970 84.430 84.990 85.030 85.510 85.830 85.810 86.000 85.730 85.090 84.430 83.870 83.310 83.250 81.840 80.140 78.510 77.150 75.720 74.560 73.440 71.650 70.860 70.710 70.250 70.170 69.090
49.440 50.260 50.950 51.230 51.820 52.100 52.440 52.380 52.260 52.580 53.550 54.640 56.450 57.170 57.930 58.830 60.020 60.980 62.340 63.590 64.780 66.030 67.090 68.490 69.690 70.950 72.090 73.650 74.520 75.370 76.450 78.880 79.440 79.740 79.720 80.540 81.380 81.610 81.580 81.560 83.170 83.270 83.630 84.200 84.970 85.470 85.920 86.220 86.680 87.470 87.340 88.730 87.910 86.750 86.330 86.060 84.860 84.350 82.910 81.260 80.040 77.760 76.790 75.640 74.510 73.490 72.650 72.200 71.870 70.990 69.600
50.870 51.700 52.470 52.980 53.430 53.760 53.770 53.620 53.540 54.300 55.330 55.880 56.980 57.750 58.250 60.100 60.740 61.700 62.890 63.870 65.020 66.300 67.450 68.650 69.910 71.790 72.600 74.320 75.160 76.740 78.620 80.340 81.020 80.530 80.400 81.430 82.370 82.510 82.530 83.250 83.790 83.950 85.290 85.320 85.680 86.740 87.250 87.660 87.970 88.460 88.670 89.720 89.250 88.370 87.450 86.600 86.230 85.500 84.030 82.650 81.230 80.040 77.930 76.530 75.540 74.640 73.800 72.970 72.360 71.590 70.780
52.100 53.040 53.680 54.370 54.680 54.950 55.030 54.790 55.160 55.720 56.210 57.100 57.840 59.600 60.400 61.280 61.770 62.450 63.330 64.360 65.490 66.590 67.840 69.180 70.410 72.010 73.670 74.850 76.090 79.090 81.130 81.310 81.200 81.070 81.990 82.590 83.280 83.580 84.160 84.360 85.180 85.430 85.990 85.910 86.960 87.990 88.470 88.800 89.260 89.980 90.550 90.420 89.850 89.460 89.020 88.420 87.830 86.720 85.500 84.160 82.640 81.380 79.330 77.740 76.610 75.740 75.050 73.870 73.370 72.480 71.540
53.040 54.080 54.580 54.930 55.040 55.530 55.950 56.030 58.150 56.250 57.140 57.430 59.340 61.290 61.460 61.740 62.260 63.140 63.810 64.790 66.210 67.010 68.170 69.460 71.020 72.340 73.970 75.250 76.890 80.430 80.940 81.150 81.310 81.340 81.970 82.970 84.030 84.690 85.190 85.970 86.370 86.480 87.120 87.860 88.470 88.780 89.720 90.220 90.660 91.840 91.650 91.550 91.130 91.300 90.730 90.030 88.890 88.090 86.920 85.610 84.100 82.400 80.720 79.120 78.070 76.870 76.190 75.060 74.280 73.290 72.190
53.570 54.710 54.910 55.020 55.540 56.590 57.950 58.360 58.450 58.250 58.170 59.200 61.050 61.620 61.660 61.710 62.780 63.850 64.590 65.460 66.320 67.650 68.520 69.910 71.840 72.720 74.290 75.450 76.930 80.020 80.970 81.160 81.460 81.640 81.480 82.310 84.760 85.790 86.210 86.810 87.180 87.650 88.230 88.820 89.420 90.060 90.850 91.410 91.840 92.830 92.430 92.950 93.490 94.500 93.270 91.460 90.350 89.200 87.820 86.650 85.240 83.640 81.960 80.570 79.290 78.110 77.160 76.490 74.990 73.940 72.710
54.270 55.000 55.130 55.960 56.210 57.790 58.350 59.710 59.960 59.760 59.600 60.650 61.660 61.660 61.690 61.800 63.210 64.170 65.020 66.120 66.890 68.110 69.210 70.490 72.090 73.360 74.470 75.700 76.910 79.050 80.900 81.800 81.820 81.680 81.540 83.300 85.850 86.470 87.100 87.870 88.160 88.760 89.400 89.970 90.160 91.310 91.850 92.480 93.260 93.730 93.940 94.020 94.530 94.730 93.790 92.220 91.200 90.430 89.310 87.950 86.330 84.870 83.790 82.010 80.800 79.110 77.780 76.740 75.400 74.170 73.400
54.710 55.150 55.950 56.780 57.700 58.120 61.510 61.410 61.430 61.450 61.430 61.490 61.670 61.670 61.750 62.790 63.540 64.610 65.490 66.350 67.530 68.660 69.920 71.650 72.430 73.710 74.830 75.970 77.290 78.420 80.310 81.190 81.680 81.600 82.430 85.490 86.810 87.420 87.920 88.510 89.290 89.790 90.520 90.950 91.630 92.350 92.710 93.800 94.450 94.910 95.230 95.420 95.400 95.240 94.300 93.360 92.350 91.440 90.350 89.030 87.580 86.300 84.850 83.500 81.960 80.460 79.330 77.830 76.170 74.670 74.140
54.710 55.530 56.370 57.190 58.010 60.670 61.690 61.260 61.200 61.360 61.490 61.740 61.800 61.800 62.550 63.800 64.420 65.660 66.240 67.140 68.290 69.420 70.610 72.380 73.250 74.390 75.860 76.780 77.900 79.160 80.580 81.970 83.120 83.140 84.610 86.430 87.530 88.200 88.820 89.610 90.170 90.830 91.620 92.110 92.900 93.470 93.860 94.830 95.500 95.990 96.280 96.830 96.710 95.660 95.180 94.430 93.310 92.490 91.020 89.800 88.460 87.630 86.180 84.880 83.450 81.790 80.140 77.960 76.920 75.590 74.630
55.260 56.090 56.860 57.710 58.440 59.070 61.040 61.140 61.050 61.460 61.760 61.920 62.440 63.370 63.940 64.600 65.590 66.460 67.110 67.990 68.840 69.780 71.370 72.830 73.760 75.100 76.290 77.350 78.570 79.690 81.200 82.820 84.030 84.750 86.000 87.170 88.160 88.670 89.700 90.430 91.160 91.840 92.520 93.160 93.840 94.270 95.270 95.490 96.320 97.110 97.120 97.180 97.360 96.020 95.730 95.250 93.960 93.240 92.050 90.630 89.470 87.980 86.410 85.050 83.630 82.000 80.540 78.560 77.300 76.110 74.960
55.580 56.510 57.120 58.210 58.980 59.500 60.340 60.950 61.670 61.690 61.980 63.170 63.650 64.060 64.530 65.320 66.100 67.050 67.870 68.700 69.650 70.830 71.920 73.480 74.490 75.680 76.760 78.000 79.130 80.490 81.950 83.280 84.330 85.690 86.750 87.800 88.770 89.490 90.470 91.320 92.060 93.170 94.360 95.110 94.890 95.240 95.790 96.300 96.910 97.420 97.280 97.230 96.950 96.700 95.980 95.680 94.990 93.390 92.370 91.310 90.030 88.310 86.610 85.040 83.690 82.130 80.980 79.230 77.940 76.280 75.100
55.760 56.700 57.700 58.660 59.470 60.240 60.800 61.520 62.450 62.920 63.720 64.150 64.410 65.260 65.730 66.440 66.980 67.740 68.560 69.420 70.440 71.660 73.150 74.230 75.270 76.400 77.500 78.710 79.910 81.200 82.770 83.400 85.070 86.080 87.270 88.250 89.500 90.280 91.190 92.020 93.880 95.290 95.320 95.600 95.730 95.990 96.510 97.000 97.790 98.180 98.620 98.100 97.250 97.290 96.620 95.780 94.810 93.270 92.400 91.290 90.070 88.570 86.420 84.860 83.460 81.830 80.480 79.190 77.820 76.500 75.250
56.030 56.990 58.130 58.960 59.920 60.990 61.090 61.820 63.160 63.710 64.600 65.170 65.940 66.590 66.880 67.440 68.060 68.570 69.310 70.170 70.930 72.450 74.270 75.100 76.080 77.160 78.260 79.420 80.750 82.110 83.410 84.260 85.580 86.500 87.700 88.780 89.830 90.910 91.760 93.870 95.050 95.240 95.460 96.000 96.520 96.850 97.150 97.810 98.250 98.560 98.840 98.670 97.590 97.300 96.190 95.240 92.970 90.450 90.760 89.800 89.240 88.600 86.730 84.690 83.470 82.120 80.680 79.580 78.410 77.010 75.650
56.330 57.160 58.390 59.520 60.150 61.110 61.210 62.890 63.880 64.570 65.680 66.110 66.860 67.670 67.920 68.280 68.770 69.500 70.170 70.860 72.240 73.550 74.840 75.830 76.810 78.100 79.320 80.240 81.480 83.130 83.870 85.290 86.230 87.250 88.160 89.230 90.310 91.600 92.620 94.630 94.920 95.340 95.870 96.370 97.010 97.600 97.840 98.270 98.550 98.670 98.690 97.850 97.670 96.430 95.210 94.070 91.320 89.280 88.700 88.730 88.740 88.210 86.160 84.890 83.420 82.100 80.890 79.900 78.200 77.090 75.980
56.270 57.600 58.120 59.550 60.480 61.230 62.670 64.060 64.550 65.470 66.350 67.030 67.610 68.200 68.740 69.200 69.450 70.250 70.910 72.080 73.050 74.220 75.470 76.570 77.890 78.790 79.960 81.110 82.490 83.750 84.370 85.970 86.890 87.760 88.870 89.930 90.940 92.320 93.850 94.330 95.080 96.080 96.970 97.380 97.820 98.090 98.510 98.790 98.850 98.660 97.790 96.730 96.190 94.830 93.480 92.300 90.020 89.980 89.580 88.210 88.560 87.090 85.510 84.660 83.860 82.380 80.820 79.640 78.390 76.680 75.920
56.190 57.660 58.640 59.480 60.530 61.440 62.370 64.310 65.190 65.990 67.010 67.640 68.330 68.700 69.390 70.040 70.680 71.040 71.830 72.710 73.820 74.990 76.290 77.610 78.780 79.930 80.890 82.120 83.220 84.300 85.220 86.400 87.520 88.420 89.690 90.700 91.880 92.810 93.870 95.120 95.730 96.520 98.040 98.130 98.020 98.890 99.000 98.680 98.380 97.600 97.060 96.160 95.120 93.540 92.390 91.450 88.290 89.850 88.990 87.210 87.220 86.840 86.500 85.800 84.310 82.430 80.580 79.560 78.260 77.080 75.920
56.290 57.510 58.310 59.400 60.370 61.290 62.510 63.630 65.140 65.990 66.830 67.890 68.690 69.430 69.920 70.660 71.110 71.660 72.500 73.320 74.540 75.900 76.940 78.000 79.230 80.260 81.730 82.650 83.690 84.760 86.230 87.240 88.020 89.090 90.120 91.100 92.310 93.830 94.730 95.570 96.280 97.020 97.930 98.570 99.000 99.120 98.930 97.640 97.650 97.060 96.250 95.760 94.790 93.250 91.750 90.330 87.570 87.350 88.340 87.240 87.370 87.050 86.990 86.250 84.300 82.420 80.530 79.210 78.130 77.050 75.940
56.310 57.370 58.170 59.000 60.150 61.250 62.370 63.460 64.670 65.800 66.420 67.140 68.400 69.020 69.860 70.680 71.400 72.550 73.410 73.820 74.970 76.300 77.480 78.640 79.860 81.050 82.520 83.420 84.530 85.540 86.810 87.840 88.850 89.850 90.870 91.960 93.370 94.830 95.440 96.260 96.980 97.660 98.370 99.170 99.470 99.590 99.170 96.600 96.780 96.340 95.730 95.500 94.240 92.800 91.470 89.780 88.450 87.230 87.180 86.980 87.100 87.110 87.100 85.790 82.690 81.560 80.010 78.960 77.780 77.290 75.780
56.170 57.290 57.930 58.630 59.700 60.930 62.170 63.210 64.380 65.300 65.920 66.560 67.250 68.320 69.240 69.990 71.110 72.200 73.320 74.510 75.490 76.690 78.140 79.360 80.650 81.790 82.980 83.950 85.090 86.240 87.480 88.430 89.530 90.650 91.760 93.000 94.690 95.560 96.310 96.810 97.460 98.140 98.870 99.520 100.060 99.790 98.880 95.840 95.920 95.780 95.420 95.070 93.930 92.280 90.830 89.100 87.400 86.600 86.280 85.780 86.560 86.880 86.600 84.690 82.050 80.530 79.390 78.680 77.670 76.850 75.560
56.160 56.990 57.700 58.450 59.290 60.500 61.580 62.530 63.640 64.550 65.190 65.700 66.660 67.470 68.330 69.370 70.740 71.770 72.980 74.440 75.750 77.190 78.630 79.750 81.130 82.310 83.780 84.670 86.100 86.960 88.050 89.330 90.280 91.420 92.550 93.940 95.090 95.740 96.420 97.090 97.870 98.650 99.280 99.870 99.750 99.230 98.440 96.710 95.750 95.440 95.240 94.790 93.120 91.830 89.600 88.130 87.100 86.040 84.960 84.370 84.450 84.640 84.050 82.400 81.010 80.090 78.990 78.080 77.230 76.350 75.380
55.900 56.570 57.340 58.050 58.620 59.720 60.520 61.490 62.390 63.220 63.930 64.880 66.060 66.940 67.940 68.940 70.230 71.590 72.970 74.400 76.010 77.340 78.610 79.870 81.320 82.390 83.640 84.830 86.290 87.530 88.670 90.020 91.380 92.370 93.760 94.850 95.790 96.260 96.840 97.580 98.170 98.960 99.410 99.590 99.310 98.780 98.070 97.170 95.600 95.040 94.500 94.000 92.690 90.450 89.360 87.830 86.960 85.780 83.970 82.870 82.660 82.670 81.510 80.430 80.600 79.370 78.320 77.390 76.710 75.890 75.170
55.500 56.080 56.660 57.530 58.100 58.790 59.770 60.240 61.430 62.500 63.130 63.830 64.930 65.890 67.750 68.750 70.040 71.540 72.770 74.640 75.950 77.480 78.700 80.010 81.430 82.730 84.090 85.220 86.460 87.940 89.130 90.400 91.900 93.020 94.650 95.660 96.400 96.620 97.640 98.670 99.050 99.430 99.330 98.150 98.330 98.050 97.490 96.550 95.450 94.760 93.770 92.860 91.740 90.500 88.890 87.660 86.390 84.480 83.340 81.950 81.190 80.860 79.870 79.770 79.370 78.490 77.800 76.690 76.190 75.490 75.020
55.110 55.660 56.240 56.830 57.460 58.320 59.010 59.840 60.520 61.400 62.280 63.680 64.530 66.160 67.380 68.640 70.000 71.310 72.870 74.750 76.170 77.520 78.870 80.040 81.510 82.770 84.150 85.490 86.900 88.230 89.410 90.840 92.360 93.690 94.920 96.170 97.060 97.530 97.980 98.890 99.240 99.390 99.170 98.480 97.880 97.510 96.930 95.420 94.580 93.690 92.840 92.530 90.600 89.320 88.180 87.410 85.580 84.500 82.800 81.190 80.210 79.380 79.100 78.970 78.230 77.600 76.920 76.200 75.630 75.060 74.890
54.990 55.580 55.870 56.280 56.980 57.720 58.500 59.200 60.050 60.980 62.090 63.100 64.860 66.600 67.250 68.490 69.900 71.040 72.990 74.360 76.150 77.660 78.810 80.040 81.360 82.970 84.360 85.870 87.270 88.580 89.730 91.220 93.000 94.240 95.590 96.080 97.660 98.110 98.380 98.870 99.110 98.880 98.930 98.290 97.590 97.130 96.020 94.810 93.630 92.460 91.430 90.650 89.430 88.390 87.170 85.800 84.380 83.190 81.850 80.060 79.440 78.830 78.090 77.480 77.280 76.710 76.110 75.700 75.230 74.800 74.220
54.880 55.670 56.110 55.800 56.540 57.220 58.070 58.970 59.950 60.810 61.850 63.030 64.740 66.460 67.100 68.470 69.710 71.390 72.930 74.520 75.880 77.330 78.890 80.150 81.780 83.350 84.540 85.980 87.470 88.890 90.280 91.790 93.340 94.660 95.190 96.430 98.020 98.160 98.910 99.260 99.360 98.780 98.570 97.400 96.550 95.640 94.530 93.750 92.760 91.530 90.410 89.190 88.190 87.200 85.890 84.430 83.010 81.970 81.000 79.780 78.900 78.250 77.410 76.970 76.470 75.920 75.520 75.060 74.600 74.270 73.790
54.000 54.780 55.990 57.140 56.850 56.850 57.770 58.790 59.670 60.530 61.850 62.860 64.270 66.420 67.040 68.530 69.880 71.310 72.920 74.490 75.980 77.410 78.810 80.270 81.690 83.200 84.760 86.040 87.490 89.100 90.630 91.980 93.540 94.600 95.380 97.180 97.750 98.560 98.910 99.290 99.140 98.680 97.790 96.690 95.490 94.640 93.710 92.870 91.900 90.400 89.110 88.000 86.800 85.110 83.840 83.160 81.760 80.650 79.820 79.320 78.340 78.020 76.890 75.960 75.850 75.260 74.960 74.570 74.150 73.750 73.350
53.840 54.540 55.090 56.350 57.690 58.100 58.360 58.640 59.600 60.530 61.620 62.760 63.970 66.240 67.060 68.680 70.020 71.290 72.690 74.400 75.790 77.110 78.500 80.070 81.520 83.070 84.570 86.060 87.680 89.240 90.790 92.210 93.690 94.940 96.190 96.710 97.800 99.000 99.150 99.160 98.750 97.720 96.670 95.650 94.860 93.620 92.580 91.530 90.280 88.920 88.070 86.580 85.210 84.770 83.870 83.420 80.800 79.720 79.150 78.760 77.870 76.960 76.410 75.720 75.150 74.730 73.980 73.900 73.810 73.670 72.800
53.840 54.430 54.920 55.520 56.360 58.380 59.130 59.400 59.660 60.580 61.670 62.530 63.840 66.170 67.130 68.770 70.120 71.590 72.800 74.290 75.720 77.080 78.430 79.800 81.130 82.750 84.280 85.520 88.230 89.500 90.960 92.300 93.530 94.660 96.150 96.770 97.680 98.480 98.770 98.470 97.660 96.650 95.430 94.810 93.590 92.420 91.380 90.550 89.280 87.640 86.640 84.910 84.290 83.930 83.850 83.570 79.910 78.680 78.400 78.000 77.210 76.380 75.680 75.080 74.310 73.940 73.530 73.330 73.040 72.750 72.440
53.440 54.180 54.700 55.350 55.970 56.930 58.770 59.990 60.500 60.370 61.510 62.740 64.010 66.120 67.190 68.710 70.090 71.300 72.780 74.220 75.550 76.910 78.400 80.030 81.030 82.720 84.050 86.470 88.090 89.380 90.810 92.260 93.380 94.690 95.930 96.790 97.450 98.140 98.170 97.930 96.530 95.600 94.600 93.840 92.240 91.250 90.160 89.280 87.720 86.270 85.290 83.610 83.590 83.510 83.490 83.320 79.730 77.940 77.360 77.060 76.650 75.890 75.210 74.520 73.950 73.530 73.040 72.840 72.650 72.320 72.090
