0925_6225/LITTO3D_FRA_0929_6223_20150529_LAMB93_RGF93_IGN69/MNT5m/LITTO3D_FRA_0929_6223_MNT5_20150128_LAMB93_RGF93_IGN69.asc
ncols 200
nrows 200
xllcenter 929000.000
yllcenter 6222005.000
cellsize 5.0000
nodata_value -99999
[rows 64 to 95 of 200, columns 71 to 141 of 200]
48.160 48.100 48.530 48.610 48.770 48.960 49.250 49.500 49.890 50.260 50.800 51.330 51.590 52.450 53.010 53.640 54.510 54.780 55.140 56.880 57.130 57.520 58.220 58.190 59.240 59.640 60.130 60.050 60.350 60.120 60.250 60.540 60.310 59.800 60.120 60.110 60.000 60.140 60.640 60.570 60.780 60.570 60.250 60.540 60.310 60.620 60.440 60.360 60.340 60.310 60.230 60.300 60.400 60.360 60.320 60.430 60.530 60.710 60.860 61.150 60.910 60.710 60.730 60.800 60.970 61.660 61.630 61.660 61.910 61.720 61.750
48.100 48.290 48.270 48.670 48.790 48.830 49.170 49.220 49.740 50.050 50.430 51.020 51.310 51.820 52.370 53.030 53.640 54.300 54.670 55.800 56.110 56.900 57.140 57.880 58.070 58.520 58.560 58.920 58.820 58.570 58.990 59.120 59.850 60.270 59.860 59.850 60.040 60.040 59.940 60.180 60.190 59.870 59.830 60.150 60.130 60.080 59.940 59.900 59.860 59.900 59.760 59.900 59.990 60.000 60.120 60.240 60.360 60.550 60.660 61.490 60.810 60.490 60.630 60.640 60.810 61.300 61.540 61.550 61.800 61.770 61.610
48.060 48.130 48.210 48.490 48.480 48.740 49.060 49.280 49.400 49.810 50.260 50.440 51.030 51.370 52.010 52.340 52.430 53.570 53.970 54.640 55.050 55.820 56.270 56.790 57.080 57.380 57.750 58.030 57.910 58.060 58.100 58.130 58.800 59.790 59.460 59.280 59.330 59.500 59.100 59.140 59.230 59.420 59.540 59.530 59.360 59.470 59.640 59.560 59.510 59.530 59.550 59.580 59.680 59.680 59.750 59.840 60.070 60.380 60.550 60.640 60.410 60.320 60.320 60.410 60.580 60.820 61.430 61.490 61.560 61.670 61.530
48.090 48.120 48.220 48.250 48.450 48.640 48.890 49.260 49.390 49.750 50.180 50.370 50.740 50.930 51.450 52.140 52.350 52.290 53.290 53.900 54.600 55.050 55.170 55.670 56.000 56.340 56.660 57.060 57.350 57.440 57.650 57.650 58.190 59.220 58.840 58.650 58.740 58.700 58.660 58.670 58.670 58.820 58.870 58.930 58.950 59.110 59.420 59.330 59.220 59.300 59.290 59.320 59.370 59.410 59.490 59.670 59.990 60.300 60.350 60.390 60.180 60.290 60.290 60.370 60.370 60.680 61.480 61.610 61.520 61.660 61.530
47.910 48.000 48.040 48.180 48.400 48.580 48.700 48.990 49.370 49.680 49.870 50.120 50.420 50.640 50.910 51.480 52.250 52.440 52.640 52.950 53.750 53.960 54.700 55.010 55.050 55.390 55.570 55.720 55.840 56.610 56.900 57.320 57.520 58.660 58.630 58.500 58.600 58.440 58.330 58.340 58.380 58.470 58.650 58.660 58.590 58.560 59.080 59.080 59.060 59.020 58.970 59.070 59.100 59.110 59.270 59.590 59.920 60.110 60.270 60.330 60.130 60.170 60.220 60.310 60.320 60.860 61.130 61.660 62.050 61.440 61.020
48.000 48.100 48.130 48.250 48.380 48.500 48.670 48.870 49.400 49.500 49.720 49.840 50.190 50.400 50.630 50.960 51.930 52.180 52.250 52.540 52.990 53.440 53.670 54.200 54.540 54.760 55.000 55.060 55.120 55.470 55.610 56.090 56.360 57.590 58.060 58.700 58.350 58.150 58.010 58.080 58.080 58.090 58.180 58.100 58.240 58.360 58.680 59.020 58.870 58.890 58.820 58.840 58.890 58.840 59.880 60.090 59.830 60.050 60.050 59.980 60.070 60.240 60.150 60.250 60.360 60.720 60.860 60.790 60.660 60.850 60.920
48.200 48.170 48.220 48.410 48.490 48.630 48.700 49.260 49.270 49.340 49.550 49.810 49.970 50.240 50.400 50.980 51.690 51.910 52.070 52.460 52.280 52.570 53.150 53.510 54.130 54.310 54.600 54.700 54.940 55.110 55.350 55.400 55.570 55.980 57.560 58.040 57.910 57.710 57.710 57.740 57.770 57.870 57.940 57.990 58.030 58.080 58.110 58.660 58.770 58.650 58.670 58.680 58.800 58.720 59.540 59.770 59.760 59.740 59.860 59.870 60.020 60.130 60.220 60.280 60.380 60.290 60.290 60.660 60.620 60.750 60.890
48.220 48.250 48.320 48.380 48.570 48.640 48.970 49.180 49.220 49.410 49.430 49.640 49.780 49.980 50.190 51.010 51.530 51.560 51.740 51.910 52.200 52.440 52.620 53.050 53.140 53.570 54.190 54.570 54.630 54.880 55.400 55.370 55.510 55.550 57.040 57.780 57.680 57.590 57.570 57.680 57.690 57.740 57.740 57.930 57.880 57.970 57.980 58.560 58.750 58.540 58.580 58.550 58.670 58.670 58.970 59.790 59.610 59.740 59.780 59.960 60.070 60.220 60.120 60.070 60.080 60.200 60.290 60.520 60.820 60.680 60.510
48.320 48.340 48.360 48.490 48.590 49.000 49.050 49.150 49.240 49.390 49.470 49.540 49.760 49.850 50.400 51.240 51.320 51.520 51.460 51.650 51.910 52.110 52.430 52.720 53.180 53.460 53.890 54.070 54.270 54.620 54.970 55.110 55.400 55.400 55.920 57.650 57.600 57.430 57.410 57.480 57.540 57.540 57.610 57.650 57.660 57.770 57.830 58.310 58.620 58.530 58.550 58.460 58.550 58.620 58.720 59.620 59.690 59.790 59.810 60.040 59.830 59.810 59.870 60.020 60.030 60.200 60.290 60.410 60.820 60.630 60.560
48.420 48.410 48.340 48.420 48.480 48.900 49.280 49.520 49.300 49.330 49.470 49.570 49.670 49.780 50.590 51.240 51.130 51.220 51.470 51.530 51.800 51.940 52.240 52.500 53.010 53.320 53.660 53.850 54.150 54.410 54.730 54.730 55.110 55.120 55.260 57.220 57.470 57.340 57.290 57.320 57.350 57.420 57.470 57.540 57.650 57.740 57.700 57.900 58.640 58.460 58.450 58.400 58.470 58.530 58.660 59.720 59.670 59.610 59.680 59.670 59.780 59.820 59.880 59.960 60.050 60.130 60.270 60.490 60.770 60.710 60.710
48.380 48.450 48.370 48.440 48.510 48.920 49.140 49.280 49.370 49.380 49.550 49.660 49.760 50.160 51.110 51.050 51.140 51.200 51.200 51.440 51.640 51.880 51.980 52.350 52.810 53.010 53.170 53.350 53.740 54.110 54.500 54.500 54.790 55.040 55.100 55.750 57.720 57.310 57.250 57.270 57.290 57.400 57.470 57.450 57.570 57.590 57.520 57.810 58.520 58.500 58.370 58.370 58.310 58.450 58.900 59.420 59.600 59.580 59.630 59.670 59.720 59.790 59.930 59.960 60.020 60.190 60.300 60.430 60.590 60.650 60.880
48.520 48.510 48.500 48.480 48.580 49.090 49.150 49.370 49.480 49.430 49.550 49.600 49.730 50.520 50.840 50.910 50.880 51.040 51.090 51.400 51.550 51.830 52.010 52.220 52.620 52.800 52.930 53.350 53.660 53.860 54.060 54.450 54.660 54.860 54.890 55.150 57.230 57.330 57.200 57.190 57.190 57.270 57.280 57.370 57.480 57.530 57.660 57.750 58.220 58.430 58.350 58.330 58.360 58.420 58.770 59.340 59.540 59.620 59.680 59.670 59.700 59.800 59.930 59.940 60.140 60.120 60.240 60.400 60.560 60.730 60.820
48.410 48.510 48.620 48.590 48.810 49.120 49.290 49.410 49.800 49.590 49.570 49.590 49.820 50.270 51.290 50.920 50.860 51.160 51.030 51.460 51.310 51.640 51.910 52.380 52.440 52.600 52.710 53.010 53.480 53.700 53.920 54.200 54.250 54.600 54.740 54.760 55.690 57.420 57.240 57.100 57.070 57.180 57.250 57.310 57.400 57.540 57.610 57.840 57.950 58.490 58.350 58.310 58.120 58.020 58.030 59.090 59.540 59.670 59.650 59.680 59.730 59.800 59.890 59.970 60.040 60.140 60.270 60.330 60.460 60.770 60.770
48.610 48.570 48.590 48.710 49.210 49.170 49.330 49.430 49.620 49.660 49.650 49.740 49.730 50.480 51.340 51.920 51.450 51.310 51.080 51.240 51.430 51.590 51.820 52.110 52.420 52.650 52.780 52.910 53.220 53.400 53.690 53.940 54.080 54.370 54.490 54.680 54.960 57.190 57.130 57.090 57.110 57.160 57.210 57.330 57.470 57.550 57.720 57.810 57.780 57.630 57.860 57.960 57.880 57.960 57.970 58.400 59.560 59.650 59.610 59.670 59.750 59.740 59.890 59.990 60.050 60.170 60.260 60.370 60.500 60.940 60.970
48.910 48.650 48.900 49.230 49.230 49.480 49.360 49.550 49.700 49.810 49.640 49.690 49.760 51.090 51.810 51.740 51.590 51.600 51.660 51.980 51.680 51.560 51.690 51.930 52.180 52.400 52.730 52.920 53.060 53.330 53.490 53.800 53.910 54.110 54.320 54.610 54.680 56.710 57.130 57.130 57.090 57.200 57.280 57.400 57.460 57.660 57.740 57.800 58.230 57.820 57.850 57.850 57.900 57.870 57.920 58.510 59.670 59.650 59.650 59.660 59.730 59.830 59.840 60.000 60.060 60.150 60.290 60.330 60.460 60.710 61.100
49.210 48.910 49.140 49.480 49.520 49.300 49.500 49.560 49.700 49.850 49.790 49.890 49.980 52.540 51.950 51.870 51.870 51.710 51.660 51.880 52.080 51.890 52.120 52.110 52.170 52.310 52.340 52.740 53.090 53.220 53.400 53.730 53.830 54.050 54.230 54.500 54.670 55.760 57.160 57.100 57.070 57.130 57.280 57.500 57.410 57.420 57.420 57.320 58.010 57.760 57.690 57.800 57.910 57.900 57.870 58.760 59.640 59.670 59.660 59.720 59.770 59.830 59.960 60.040 60.160 60.170 60.350 60.560 60.690 60.670 60.830
49.540 49.200 49.450 49.610 49.740 49.530 49.750 49.770 49.830 49.860 49.910 50.050 50.790 51.630 51.670 51.760 51.940 51.890 51.780 51.970 51.990 52.080 52.230 52.430 52.260 52.700 52.730 52.550 53.020 53.340 53.340 53.620 53.780 54.000 54.150 54.440 54.730 54.930 56.530 56.980 56.940 56.700 56.990 57.230 57.100 57.140 57.170 57.310 57.720 57.790 57.740 57.790 57.840 57.880 57.910 58.210 59.710 59.710 59.710 59.790 59.830 59.920 60.030 60.130 60.260 60.350 60.410 60.510 60.620 60.690 60.770
51.100 50.120 49.610 49.650 49.650 49.750 49.890 49.870 49.990 50.110 50.120 50.240 51.110 51.720 51.620 51.710 51.980 51.930 51.900 52.000 52.010 52.250 52.410 52.540 52.580 52.930 53.090 53.380 53.550 53.570 53.630 53.610 53.730 54.080 54.080 54.370 54.680 55.090 55.920 56.490 56.460 56.590 56.750 57.140 57.090 57.110 57.220 57.210 57.630 57.680 57.650 57.800 57.830 57.930 57.880 58.540 59.680 59.780 59.860 59.930 59.910 60.070 60.140 60.160 60.240 60.310 60.430 60.460 60.530 60.680 60.800
51.630 50.760 50.490 49.890 49.820 50.010 50.030 50.210 50.150 50.400 50.560 51.110 51.750 51.960 51.850 51.860 51.830 51.950 52.150 52.150 52.280 52.530 52.630 52.540 52.820 52.970 53.070 53.280 53.570 53.730 53.890 54.190 53.970 54.400 54.240 54.280 54.680 54.820 56.040 56.410 56.600 56.480 56.540 57.360 57.080 57.050 57.190 57.290 57.640 57.720 57.670 57.730 57.770 57.890 57.950 58.550 59.580 59.890 59.880 59.930 60.010 60.110 60.130 60.180 60.250 60.330 60.410 60.490 60.570 60.770 60.880
52.160 51.710 51.340 50.870 50.470 50.090 50.230 50.350 50.370 50.560 51.080 51.590 51.730 51.980 51.950 51.980 51.820 52.040 52.070 52.420 52.580 52.400 52.910 52.840 52.940 53.070 53.260 53.310 53.620 53.830 53.950 54.230 54.440 54.530 54.920 54.630 54.570 54.810 55.720 56.600 56.520 56.530 56.420 57.120 57.030 57.110 57.170 57.320 57.340 57.870 57.730 57.760 57.850 57.860 57.980 58.570 59.580 59.790 59.820 59.880 59.920 60.040 60.100 60.150 60.240 60.380 60.400 60.600 60.680 60.780 61.120
52.780 52.660 52.270 52.150 52.570 50.910 50.600 50.360 50.540 50.870 51.550 51.730 51.960 52.060 52.040 52.050 52.020 52.070 52.410 52.490 52.820 52.940 53.120 52.950 53.330 53.340 53.360 53.470 53.810 54.130 54.150 54.240 54.480 54.740 54.960 55.320 55.330 55.540 56.280 56.710 56.390 56.420 56.450 57.560 57.040 57.120 57.170 57.410 57.330 57.740 57.690 57.740 57.860 57.960 58.040 58.430 59.560 59.880 59.760 59.800 59.880 59.990 60.130 60.180 60.290 60.380 60.440 60.560 60.930 61.000 61.470
53.200 52.970 53.280 53.460 52.880 52.420 51.550 50.990 51.500 51.550 51.930 51.860 51.900 52.140 52.230 52.220 52.150 52.200 52.410 52.680 52.900 53.120 53.110 53.180 53.520 53.560 53.760 53.670 53.940 54.170 54.240 54.100 54.710 54.920 55.320 55.360 55.920 56.320 56.650 56.680 56.500 56.600 56.400 57.200 57.050 57.130 57.380 57.410 57.400 57.620 57.700 57.760 57.910 58.000 58.050 58.300 59.200 59.820 59.830 59.850 59.980 60.030 60.160 60.230 60.340 60.590 60.780 60.950 61.060 61.340 61.480
53.660 53.770 53.880 53.260 53.340 53.410 52.720 52.760 52.250 52.770 52.310 52.220 52.170 51.940 52.110 52.210 52.310 52.390 52.570 52.770 52.870 53.100 53.100 53.160 53.390 53.450 53.650 53.920 53.990 54.240 54.390 54.430 54.710 55.570 55.740 55.950 56.530 56.560 56.530 56.430 56.480 56.540 56.590 57.110 57.110 57.180 57.320 57.380 57.410 57.560 57.800 57.850 57.950 58.010 58.150 58.260 59.190 59.900 59.870 59.940 59.950 60.060 60.210 60.450 60.540 60.650 60.970 61.180 61.160 61.230 61.360
54.320 54.080 54.250 54.180 53.910 54.070 54.140 53.660 53.110 53.000 53.200 53.060 53.060 52.750 52.210 52.340 52.490 52.710 53.280 53.340 53.150 53.220 53.290 53.380 53.480 53.710 53.690 54.030 54.050 54.150 54.410 54.870 55.650 56.610 56.510 56.430 56.420 56.370 56.480 56.580 56.460 56.470 56.570 57.180 57.190 57.200 57.370 57.400 57.340 57.670 57.830 57.880 57.930 58.080 58.160 58.230 59.160 59.780 59.920 60.000 60.130 60.210 60.290 60.690 60.990 61.020 61.110 61.130 61.180 61.220 61.430
55.090 54.930 54.740 54.680 54.650 54.600 54.510 54.260 53.520 53.840 54.110 54.320 54.110 53.850 54.070 52.540 52.550 52.780 53.070 53.370 53.350 53.330 53.450 53.600 53.610 53.770 53.820 53.890 54.350 54.650 55.190 56.340 56.220 56.220 56.280 56.270 56.340 56.510 56.510 56.540 56.650 56.600 56.720 57.160 57.270 57.270 57.360 57.450 57.520 57.720 57.840 57.950 58.000 58.120 58.310 58.710 59.190 59.680 59.650 59.820 60.400 60.370 60.540 60.640 60.770 60.980 60.990 61.120 61.120 61.260 61.380
55.800 55.680 55.510 55.510 54.970 54.820 55.110 54.750 54.710 54.610 54.940 55.360 55.020 54.750 54.560 53.760 52.910 53.010 53.110 53.500 53.490 53.390 53.570 53.550 53.640 53.890 53.890 54.020 54.220 56.040 56.150 56.110 56.130 56.180 56.230 56.370 56.380 56.460 56.570 56.690 56.700 56.660 56.840 56.930 57.380 57.360 57.360 57.450 57.540 57.790 57.880 57.940 58.070 58.590 59.000 59.180 59.680 60.070 60.210 59.850 60.370 60.500 60.500 60.600 61.240 61.080 61.120 61.160 61.170 61.310 61.420
56.500 56.250 56.250 55.940 55.910 55.520 55.440 56.010 55.970 55.760 55.660 55.500 55.190 55.280 55.250 55.000 53.970 53.630 53.290 53.330 53.430 53.430 53.620 53.740 53.810 53.880 53.960 54.120 54.810 56.150 56.090 56.040 56.060 56.220 56.310 56.410 56.440 56.490 56.600 56.810 56.790 56.830 56.930 57.260 57.610 57.350 57.440 57.630 57.680 57.800 58.250 58.570 58.700 58.920 58.950 59.300 60.220 60.320 60.220 60.150 60.520 60.650 60.500 61.440 61.340 61.260 61.570 61.910 61.630 61.350 61.480
56.880 56.850 56.900 56.670 56.380 56.440 56.700 56.890 56.580 56.290 56.200 56.330 56.210 55.730 55.920 55.680 55.620 55.880 54.290 53.480 53.540 53.700 53.730 53.810 53.930 54.070 54.100 55.090 55.520 56.130 55.980 56.030 56.100 56.240 56.320 56.400 56.530 56.580 56.690 56.840 56.880 56.990 57.220 57.610 57.640 57.880 58.170 58.300 58.300 58.410 58.560 58.660 58.600 58.640 58.740 59.130 60.070 60.380 60.340 60.310 60.430 60.760 60.500 60.860 61.540 61.710 61.550 61.980 61.730 61.510 61.470
57.360 57.660 57.510 57.400 57.210 57.110 57.300 57.320 57.200 57.000 57.050 57.000 56.960 56.870 56.530 56.020 56.440 56.650 55.600 54.570 54.170 53.830 53.960 53.970 54.110 54.220 54.690 56.300 56.110 56.030 56.000 56.060 56.160 56.200 56.350 56.480 56.560 57.020 57.240 57.240 57.170 57.710 57.840 57.890 58.000 58.070 58.190 58.260 58.320 58.360 58.410 58.540 58.550 58.650 58.690 59.040 59.930 60.370 60.280 60.420 60.630 60.680 60.500 60.650 61.170 61.780 61.780 61.920 61.990 61.650 61.550
58.050 58.050 58.100 57.950 57.870 57.760 57.730 57.770 57.810 57.730 57.600 57.730 57.850 57.640 57.730 57.200 56.660 56.160 55.940 55.540 55.310 54.700 54.190 54.160 54.180 54.680 55.440 56.080 56.040 56.070 56.080 56.100 56.170 56.230 56.390 57.130 57.220 57.310 57.500 57.480 57.720 57.800 57.840 57.840 58.110 58.070 58.240 58.180 58.360 58.440 58.460 58.540 58.650 58.670 58.710 58.960 59.600 60.390 60.480 60.590 60.610 60.670 60.620 60.790 61.440 61.830 61.900 61.920 61.960 61.820 61.610
58.520 58.470 58.400 58.530 58.320 58.470 58.490 58.570 58.550 58.630 58.730 58.570 58.430 58.400 58.120 58.170 57.700 57.300 56.680 56.320 56.270 55.770 55.650 55.420 55.430 55.870 56.140 56.130 56.170 56.340 56.410 56.970 56.990 56.930 57.160 57.240 57.550 57.890 57.700 57.590 57.540 57.580 57.700 58.090 58.100 58.120 58.220 58.290 58.360 58.430 58.490 58.560 58.670 58.750 58.800 59.120 59.680 60.440 60.770 60.630 60.810 60.810 60.840 60.920 61.760 61.780 62.000 61.940 61.910 61.760 61.850
59.220 59.120 58.970 58.900 58.940 59.230 59.290 59.670 59.880 59.720 59.470 59.290 59.230 59.630 59.040 58.760 58.270 58.120 57.650 57.150 56.540 56.290 56.410 56.220 56.430 56.730 56.600 56.720 56.840 57.070 57.270 57.230 57.280 57.360 57.340 57.250 57.490 57.540 57.540 57.560 57.560 57.600 57.720 57.910 58.140 58.190 58.190 58.270 58.400 58.400 58.520 58.620 58.710 58.820 58.880 59.050 59.990 60.840 60.550 60.590 60.710 60.660 60.800 61.140 61.750 61.760 61.880 61.850 61.850 61.700 61.870
