0925_6225/LITTO3D_FRA_0929_6223_20150529_LAMB93_RGF93_IGN69/MNT5m/LITTO3D_FRA_0929_6223_MNT5_20150128_LAMB93_RGF93_IGN69.asc
ncols 200
nrows 200
xllcenter 929000.000
yllcenter 6222005.000
cellsize 5.0000
nodata_value -99999
[rows 96 to 127 of 200, columns 71 to 141 of 200]
59.870 59.850 59.720 59.430 59.910 60.080 60.300 60.950 61.200 60.790 60.340 60.190 60.450 60.450 60.110 60.310 58.380 58.350 58.240 58.000 57.230 56.710 56.420 56.500 56.590 56.860 57.060 57.190 57.280 57.340 57.400 57.270 57.240 57.240 57.360 57.230 57.440 57.480 57.520 57.580 57.650 57.780 57.760 57.930 58.190 58.210 58.280 58.370 58.450 58.510 58.640 58.730 58.770 58.900 58.990 59.180 60.240 60.560 60.580 60.610 60.740 60.830 60.900 61.000 61.710 61.720 61.880 61.870 61.860 61.820 62.020
60.160 60.130 60.150 59.850 60.390 60.950 61.100 61.460 61.760 61.690 61.370 61.250 61.010 60.700 61.130 61.090 59.340 58.840 58.560 57.780 57.430 57.390 57.510 57.090 56.970 57.130 57.200 57.120 57.290 57.420 57.380 57.220 57.270 57.180 57.290 57.350 57.500 57.660 57.630 57.670 57.700 57.770 57.790 58.100 58.400 58.400 58.360 58.470 58.550 58.660 58.740 58.850 58.960 59.030 59.180 59.460 60.150 60.400 60.700 60.760 60.840 60.960 60.980 61.050 61.510 61.540 61.920 61.830 61.850 61.910 62.180
60.590 60.600 60.640 61.100 61.320 61.540 61.700 61.610 61.890 61.890 61.910 61.730 61.560 61.200 61.060 61.210 60.600 59.690 59.000 58.600 58.300 58.180 58.190 58.090 57.120 57.160 57.210 57.190 57.360 57.350 57.310 57.200 57.180 57.160 57.180 57.280 57.440 57.710 57.690 57.750 57.780 57.940 57.870 58.210 58.540 58.450 58.540 58.620 58.710 58.830 58.900 59.020 59.210 59.310 59.410 59.990 60.440 60.720 60.860 60.880 60.900 60.980 61.060 61.210 61.300 61.450 61.600 61.700 61.800 61.990 62.110
60.960 60.770 61.240 61.610 61.890 62.120 62.390 61.910 62.400 62.370 62.270 62.170 61.630 61.040 61.020 61.080 61.090 60.480 59.780 59.320 58.780 58.760 58.520 58.240 57.660 57.370 57.520 57.230 57.400 57.460 57.620 57.540 57.530 57.930 57.890 57.830 57.850 57.850 57.930 57.950 58.030 58.060 58.110 58.300 58.570 58.640 58.700 58.810 58.900 59.000 59.120 59.250 59.340 59.390 59.520 60.100 60.500 60.790 61.060 60.920 61.030 61.070 61.120 61.380 61.450 61.520 61.590 61.730 61.920 61.990 62.220
61.590 61.340 61.920 62.060 62.450 62.570 62.330 62.290 62.520 62.610 62.790 62.490 62.350 61.810 61.260 60.980 61.210 60.780 60.130 59.950 59.400 59.050 58.760 58.650 58.210 57.710 57.710 57.660 57.810 57.790 58.210 58.020 58.200 58.240 58.160 58.180 58.160 58.120 58.050 58.050 58.140 58.220 58.270 58.380 58.830 58.960 59.000 59.010 59.060 59.170 59.310 59.500 59.500 59.560 59.660 59.930 60.430 60.710 61.040 60.970 61.190 61.180 61.300 61.400 61.560 61.600 61.720 61.770 61.870 61.960 62.050
61.950 62.060 62.420 62.490 62.790 62.840 62.490 62.840 62.600 62.660 62.870 63.520 63.110 62.360 62.380 62.130 61.730 61.720 61.000 60.430 59.960 59.370 58.890 58.880 58.680 58.170 57.840 57.870 57.860 57.860 58.430 58.050 57.940 58.060 58.020 58.020 58.060 58.220 58.160 58.240 58.320 58.360 58.410 58.540 59.030 59.040 59.320 59.160 59.210 59.280 59.450 59.520 59.690 59.720 59.710 59.850 60.420 60.860 61.140 61.010 61.240 61.230 61.450 61.400 61.450 61.170 61.430 61.340 61.530 62.050 62.400
62.600 62.610 62.730 63.100 63.340 63.570 63.310 63.980 63.860 63.640 64.080 63.910 63.960 63.440 62.640 62.620 62.210 62.060 61.370 60.870 60.500 59.520 59.030 58.990 58.900 58.500 58.240 58.250 58.060 58.040 57.960 58.010 58.030 58.180 58.230 58.190 58.240 58.400 58.330 58.340 58.450 58.580 58.620 58.620 59.000 59.190 59.200 59.170 59.370 59.390 59.560 59.630 59.740 59.820 59.880 59.990 60.860 61.000 61.100 61.080 61.080 61.180 61.000 60.800 60.770 60.760 60.770 61.010 61.870 62.390 62.740
62.730 62.920 63.460 63.730 64.260 65.030 64.950 65.140 65.110 64.630 64.600 64.180 64.030 63.960 63.400 63.200 62.780 62.390 61.960 61.440 60.520 59.970 59.280 59.150 58.840 58.440 58.210 58.290 58.330 58.190 58.060 58.170 58.230 58.220 58.390 58.250 58.270 58.390 58.630 58.500 58.610 58.730 58.770 58.790 59.170 59.150 59.180 59.180 59.280 59.410 59.550 59.650 59.750 59.820 59.980 60.020 59.900 60.220 60.370 60.340 61.130 61.430 61.250 61.010 60.770 61.180 61.580 61.790 62.260 62.760 63.080
63.130 63.240 63.880 64.230 64.690 64.930 64.980 64.960 64.960 64.960 64.640 64.610 64.130 63.830 63.630 63.380 63.060 62.740 62.390 61.900 61.130 60.390 59.720 59.240 59.240 58.740 58.580 58.420 58.490 58.350 58.540 58.570 58.480 58.420 58.540 58.920 58.320 58.470 58.690 58.650 58.730 58.750 58.830 59.190 59.080 58.910 58.740 58.890 59.800 59.470 59.240 59.700 59.980 60.190 60.200 59.800 59.520 59.460 59.450 60.290 61.190 61.680 61.500 61.260 61.460 61.920 62.570 62.810 62.710 63.170 63.480
63.160 63.770 64.270 64.470 64.590 64.740 64.810 64.820 64.910 64.760 64.590 64.530 64.400 64.780 64.140 63.610 63.480 63.230 62.650 61.660 61.260 60.670 60.230 59.750 59.650 58.760 58.730 58.530 58.490 58.510 58.580 58.580 58.550 58.510 58.540 58.560 58.220 58.360 58.510 58.430 58.640 59.270 59.840 59.680 58.690 57.810 57.380 57.490 58.840 58.870 58.520 58.930 60.220 60.510 60.690 60.390 60.080 59.350 59.760 60.350 61.250 61.930 61.750 61.830 62.210 62.660 63.310 63.500 63.620 63.570 63.700
63.180 63.490 63.790 64.350 64.580 64.480 64.650 64.570 64.750 64.750 64.650 64.700 64.850 64.880 64.400 64.170 63.870 63.470 62.550 61.740 61.320 60.830 60.520 60.040 58.850 58.500 58.530 58.470 58.490 58.470 58.480 58.570 58.510 58.470 58.400 58.190 57.820 57.580 57.350 57.060 56.400 56.810 58.010 58.630 57.820 56.780 57.150 57.750 57.560 57.950 57.800 58.310 60.490 60.830 61.040 60.880 60.580 61.150 61.360 61.350 61.340 62.190 62.210 62.590 62.970 63.400 63.840 63.700 63.740 63.720 63.690
61.000 63.510 63.450 63.580 64.170 64.260 64.480 64.490 64.720 64.600 64.610 64.720 65.120 65.140 64.710 64.370 64.310 63.480 62.790 62.550 61.380 60.890 60.320 60.080 59.250 58.580 58.530 58.550 58.550 58.490 58.380 58.170 58.170 58.350 58.090 57.860 57.190 54.610 54.250 53.480 53.330 53.800 54.230 54.830 56.280 56.520 57.570 59.520 59.030 57.840 58.460 58.880 60.750 61.120 61.370 61.370 61.740 62.320 62.210 62.170 62.320 62.490 62.780 63.200 63.630 64.050 64.040 63.940 64.100 63.820 64.120
57.580 59.810 61.060 62.960 63.550 63.880 63.920 63.840 64.250 64.450 64.530 64.520 64.880 64.640 64.520 64.450 64.590 63.660 63.360 62.750 62.690 61.140 60.270 59.860 59.030 58.500 58.550 58.640 58.430 58.450 58.070 58.190 58.140 58.050 57.670 57.170 54.250 51.760 50.490 49.850 49.160 51.040 52.180 50.610 53.930 56.600 59.160 60.950 60.620 60.500 60.170 60.620 61.120 61.420 61.680 61.850 62.890 63.080 62.990 62.900 62.820 62.810 62.920 63.710 64.120 64.060 64.010 64.030 64.000 63.850 63.940
54.950 56.070 57.210 60.150 61.280 60.710 62.040 63.210 63.580 64.100 64.930 64.730 65.500 64.670 65.270 64.020 63.670 63.090 63.140 62.440 62.260 60.710 60.000 59.910 59.090 58.560 58.630 58.410 58.460 58.430 58.180 57.950 57.800 57.560 56.550 53.990 50.910 48.280 46.790 46.320 47.020 50.430 52.770 53.960 57.490 59.240 60.510 60.700 61.030 61.170 61.330 61.160 61.540 61.670 61.690 62.160 62.770 63.390 63.290 63.220 63.160 63.020 63.140 63.410 64.080 63.960 64.030 63.980 64.080 63.970 64.020
52.810 50.440 51.100 53.670 55.380 54.910 56.540 58.300 60.700 61.090 62.960 63.560 64.080 63.980 62.790 62.320 61.760 61.580 61.960 61.690 61.900 60.600 60.400 60.370 59.760 58.490 58.660 58.610 58.320 57.960 58.110 57.550 57.070 55.650 55.200 52.460 49.280 46.170 45.450 46.580 49.680 51.920 54.680 57.360 60.460 61.100 60.240 60.460 60.830 61.220 61.350 61.380 61.540 61.640 61.910 62.260 62.740 63.500 63.430 63.270 63.060 63.120 63.200 63.280 63.660 63.920 64.000 64.010 64.070 64.220 64.060
44.190 44.640 47.730 47.330 48.820 50.380 51.800 54.800 55.830 57.880 59.370 59.030 59.730 60.360 60.510 61.080 61.000 60.330 60.760 60.580 60.420 60.210 59.640 59.860 59.520 58.660 58.100 58.330 58.030 57.510 57.210 56.920 54.010 52.090 53.370 50.650 48.480 45.760 44.480 46.590 49.690 52.600 55.120 57.710 59.840 60.060 59.760 60.180 61.430 61.270 61.470 61.590 61.620 61.760 61.870 62.180 62.670 62.980 63.140 63.130 63.200 63.290 63.420 63.540 63.780 63.960 63.980 64.040 64.070 64.160 64.260
39.190 39.850 40.830 41.400 44.410 45.960 48.180 50.320 53.420 54.280 55.150 55.490 55.620 56.070 56.690 57.800 57.870 58.980 59.540 60.050 60.500 61.000 59.890 59.140 58.550 57.800 56.920 58.270 57.750 57.200 56.740 55.420 52.440 50.250 50.350 48.940 47.290 45.120 43.600 45.230 48.380 52.180 55.090 57.790 57.990 59.020 59.300 59.610 60.780 61.410 61.590 61.630 61.700 61.690 62.230 62.410 62.670 62.810 63.120 63.400 63.280 63.360 63.580 63.650 63.880 63.960 64.030 64.000 64.250 64.290 64.420
33.780 33.480 35.370 38.010 39.030 41.760 44.490 46.970 49.250 50.300 50.940 52.160 53.900 53.800 53.820 53.750 55.780 56.180 58.420 58.760 59.590 59.880 58.850 57.950 57.130 55.840 55.380 56.710 57.230 57.210 55.010 54.500 51.410 48.560 47.250 45.500 43.510 44.690 45.390 46.670 49.400 50.760 53.890 56.380 57.190 58.700 58.970 59.480 60.320 61.680 61.590 61.660 61.690 61.820 62.130 62.470 62.870 62.990 63.500 63.530 63.520 63.510 63.770 63.820 63.860 63.990 64.000 64.000 64.250 64.430 64.790
29.460 30.560 31.780 32.590 32.820 33.610 37.150 38.490 43.650 45.890 47.520 49.420 49.220 50.220 50.510 51.630 52.730 54.270 55.990 56.380 57.100 57.510 56.170 55.650 54.430 52.080 53.740 53.180 53.440 52.710 51.680 50.950 49.760 47.030 45.160 43.000 41.490 42.670 45.630 48.780 48.390 50.830 54.530 55.460 57.180 58.440 59.000 59.540 60.530 61.880 61.640 61.850 62.160 62.450 62.980 63.000 63.130 63.210 63.560 63.550 63.560 63.600 63.700 64.020 63.940 64.110 64.000 64.080 64.460 64.580 64.760
25.180 26.180 26.720 31.010 28.920 28.890 33.350 34.460 37.230 40.040 43.020 44.030 45.530 47.020 48.340 51.090 50.910 52.830 53.980 54.070 53.600 54.280 54.490 52.600 48.900 47.380 48.590 51.000 51.350 49.940 49.250 48.030 46.900 45.000 43.800 42.100 41.080 43.580 45.960 48.330 50.870 52.410 53.300 55.740 57.440 58.930 59.660 59.780 60.760 61.930 61.750 61.840 62.190 62.690 62.930 63.070 63.160 63.340 63.360 63.550 63.760 63.790 63.910 64.150 64.450 64.450 64.340 64.420 64.580 64.710 64.870
21.390 25.840 24.770 24.000 24.760 25.430 27.190 28.420 31.980 34.710 38.390 40.060 40.660 43.300 45.250 48.870 49.180 50.600 51.310 50.480 49.910 49.730 48.130 45.890 43.450 43.780 44.510 46.130 46.340 45.970 44.050 43.730 44.320 43.830 42.700 41.210 40.560 43.320 45.670 48.290 49.220 50.100 52.240 54.680 57.440 60.030 59.700 59.940 60.860 61.740 61.840 62.050 62.300 62.490 62.680 62.860 63.010 63.340 63.440 63.630 63.770 63.910 64.100 64.520 64.780 64.760 64.770 64.670 64.730 64.890 65.030
18.180 22.140 21.230 19.800 21.140 19.650 23.550 25.560 29.540 32.210 34.300 34.710 36.390 39.810 42.970 45.360 46.810 47.400 46.900 46.010 45.350 44.610 42.970 39.660 39.740 38.070 38.110 41.310 41.140 40.790 37.730 40.150 39.580 41.620 41.830 40.860 41.230 41.040 42.110 43.780 46.160 48.110 49.630 53.110 56.630 59.380 59.120 59.690 60.350 61.750 61.730 61.940 62.300 62.350 62.430 62.630 62.820 63.170 63.300 63.500 63.590 63.740 64.180 64.920 65.050 65.100 65.020 64.920 65.030 65.070 65.050
6.660 15.010 17.930 15.890 16.210 16.600 19.310 21.290 24.820 28.370 28.850 30.430 33.500 36.800 40.220 42.540 43.460 44.230 41.850 41.510 40.000 36.600 36.560 35.070 31.030 31.730 34.320 35.810 37.140 35.220 32.830 36.690 36.620 39.720 40.650 39.690 39.260 38.430 39.580 41.000 43.320 45.360 46.660 51.120 54.000 58.180 59.330 59.550 59.980 61.350 61.670 61.740 62.040 62.150 62.340 62.460 62.630 62.950 63.100 63.230 63.520 64.050 64.680 65.110 65.220 65.250 65.160 65.110 65.140 65.200 65.170
1.560 1.660 4.170 11.390 11.370 13.500 16.510 19.800 20.490 22.200 23.820 27.470 31.410 34.480 37.390 39.340 38.310 37.450 31.060 38.260 30.750 32.380 29.290 26.200 27.030 26.890 25.290 28.330 33.010 29.040 28.250 30.920 32.570 35.720 38.160 38.080 32.910 33.150 36.440 36.480 40.460 41.770 45.210 49.300 52.360 55.900 57.830 58.940 59.330 60.360 62.300 61.540 61.830 61.960 62.230 62.390 62.210 62.570 62.850 63.040 63.540 63.950 64.980 65.330 65.370 65.370 65.330 65.370 65.210 65.130 65.220
0.580 0.970 1.680 3.240 8.100 10.710 16.000 17.870 17.110 17.650 18.360 23.380 27.580 30.430 33.880 34.090 22.930 24.130 23.880 25.120 24.240 26.240 26.730 23.500 17.950 18.590 18.530 21.670 25.470 24.890 20.680 22.640 25.710 28.870 33.280 34.430 32.980 32.840 33.840 35.300 36.950 39.550 43.070 46.280 50.000 52.100 53.490 55.870 57.070 59.590 60.460 61.110 61.440 61.540 61.700 61.310 61.480 62.040 62.430 62.870 63.530 63.980 64.550 65.330 65.520 65.420 65.330 65.350 65.240 65.220 65.280
0.060 0.280 0.690 2.220 4.060 7.600 12.380 14.110 14.570 14.230 15.500 22.130 23.740 26.790 28.520 25.480 15.540 17.330 13.230 7.640 6.910 5.700 4.510 2.450 10.860 10.840 7.500 6.790 9.910 12.570 15.730 18.240 21.680 24.820 30.630 31.610 31.700 31.220 29.700 32.750 34.290 37.600 41.090 44.330 46.110 48.760 50.400 52.290 55.340 58.530 59.800 60.130 60.150 60.390 60.780 60.950 61.230 61.510 61.910 62.800 63.710 63.630 63.920 65.160 65.450 65.480 65.400 65.190 65.270 65.420 65.470
-0.590 -0.330 0.490 1.680 2.940 5.180 8.600 11.330 11.460 10.340 11.820 9.680 19.660 14.890 1.490 2.190 2.390 2.110 3.030 4.250 3.290 2.230 1.550 1.130 1.250 1.100 1.450 2.340 2.560 5.660 9.640 14.700 16.620 21.040 26.740 29.070 29.070 29.220 27.910 31.250 33.760 35.390 39.730 43.380 45.810 45.940 47.550 50.970 54.830 58.440 59.000 59.270 59.750 60.350 60.450 60.580 61.030 61.490 61.030 60.390 63.760 63.260 63.670 64.410 65.270 65.380 65.380 65.090 65.140 65.420 65.480
-0.370 -0.520 0.170 0.750 1.450 3.120 5.750 7.010 6.030 5.020 5.910 2.660 0.920 0.560 0.970 0.950 1.030 0.940 0.930 1.110 1.480 0.410 0.250 0.160 0.100 0.190 0.440 1.190 1.310 1.890 2.350 10.370 11.960 16.180 22.980 24.890 24.040 26.320 24.800 28.440 32.830 34.850 38.500 41.080 42.680 44.550 47.130 50.490 54.650 57.940 58.530 58.310 58.830 59.470 59.910 60.070 59.850 60.070 60.050 60.600 60.850 62.660 63.270 63.760 65.080 65.240 65.110 64.780 65.210 65.410 65.670
-1.220 -0.920 0.110 0.130 0.420 1.740 3.190 3.170 3.380 2.600 2.370 1.580 1.090 0.990 -0.220 -0.030 0.210 -0.040 -0.340 -0.190 0.110 -0.180 -0.570 -0.530 -0.510 -0.370 -0.060 0.320 0.650 1.280 1.850 2.850 6.310 10.800 15.720 20.980 20.690 21.600 23.170 29.490 32.290 36.190 38.790 40.370 41.810 42.790 46.240 49.740 53.780 56.340 58.450 57.410 58.020 58.710 59.300 59.400 59.560 59.660 59.790 60.520 61.680 62.120 62.980 63.150 63.940 64.620 64.430 64.760 65.150 65.520 65.710
-1.080 -1.380 -0.910 -0.400 0.260 1.120 1.070 0.240 1.250 1.180 0.340 0.530 0.390 0.360 -0.680 -0.230 -0.160 -0.310 -0.950 -0.430 -0.850 -1.080 -0.830 -0.870 -0.750 -0.740 -0.700 -0.230 0.110 0.770 1.300 1.800 5.200 9.640 13.120 14.440 16.610 18.140 22.420 29.350 33.650 35.440 36.010 39.750 41.440 43.650 46.170 49.300 52.130 54.090 57.020 56.970 57.260 57.910 58.400 59.040 59.250 59.490 59.610 59.720 59.620 60.870 61.950 62.990 63.320 63.400 63.950 64.460 64.940 65.530 65.790
-1.800 -1.600 -0.540 0.150 -0.170 -0.100 0.680 -0.320 -0.260 0.230 0.070 -0.300 -0.070 -1.060 -0.570 -0.620 -0.870 -1.320 -1.260 -0.890 -1.390 -1.420 -1.270 -0.960 -0.940 -1.090 -0.630 -0.800 -0.540 -0.010 0.540 1.220 1.490 8.090 13.150 17.070 19.090 22.690 27.740 30.960 34.040 34.640 36.130 38.250 41.030 43.210 45.720 49.870 51.090 52.710 55.060 56.460 56.550 57.140 57.400 57.730 58.050 58.910 59.720 59.600 59.610 59.820 60.240 62.010 62.950 63.240 63.900 64.450 64.880 65.280 65.910
-1.640 -1.640 -1.520 -1.310 -0.040 -0.940 -0.810 -0.260 -0.790 -0.620 -0.960 -1.660 -0.050 -1.630 -1.000 -1.380 -1.270 -1.350 -0.540 -1.220 -1.540 -1.610 -1.420 -1.390 -1.600 -1.200 -1.110 -0.990 -0.910 -0.500 -0.020 0.350 1.070 1.720 9.400 20.930 23.040 27.170 29.530 30.050 32.010 33.730 35.980 37.700 40.310 42.570 44.710 48.010 49.930 52.020 55.180 56.820 56.230 56.450 56.390 57.370 57.890 57.930 58.830 59.730 59.660 59.620 59.810 61.140 62.270 63.020 63.570 63.950 63.940 64.290 65.330
