0925_6225/LITTO3D_FRA_0929_6223_20150529_LAMB93_RGF93_IGN69/MNT5m/LITTO3D_FRA_0929_6223_MNT5_20150128_LAMB93_RGF93_IGN69.asc
ncols 200
nrows 200
xllcenter 929000.000
yllcenter 6222005.000
cellsize 5.0000
nodata_value -99999
[rows 64 to 95 of 200, columns 0 to 70 of 200]
40.690 40.840 40.740 40.650 40.520 40.570 40.630 40.580 40.760 40.840 40.850 40.800 41.040 40.800 40.670 41.080 41.250 41.480 41.630 41.650 42.400 43.310 43.460 43.820 45.720 46.060 45.670 45.820 46.060 46.250 47.210 47.590 48.040 48.390 48.160 48.730 49.720 49.960 50.640 50.580 50.710 50.790 50.370 50.560 50.790 49.510 48.320 47.440 46.800 46.480 46.160 45.520 45.160 45.090 45.410 45.580 46.300 46.510 46.570 46.370 46.360 46.340 46.410 46.400 46.070 46.010 46.130 46.230 46.470 46.670 47.350
41.110 40.920 40.950 40.920 40.820 40.740 40.840 40.870 40.490 40.910 41.000 40.940 40.980 41.000 41.190 41.170 41.350 41.560 41.750 41.870 42.520 43.190 43.750 44.190 45.490 46.160 46.270 46.770 46.780 47.000 47.880 48.280 48.660 48.710 49.100 49.300 49.900 50.390 51.250 51.240 51.590 51.380 51.250 50.860 50.710 50.010 48.840 48.210 47.100 46.490 46.190 45.680 45.400 45.440 46.390 46.290 46.330 46.440 46.590 46.520 46.400 46.400 46.360 46.410 46.550 46.340 46.200 46.320 46.630 46.980 47.690
41.180 41.190 40.720 40.900 41.090 41.100 40.960 40.930 41.020 41.080 41.080 41.250 41.240 41.520 41.850 41.600 41.830 41.850 41.840 42.560 43.180 43.660 43.890 44.840 45.460 45.970 46.450 46.910 47.120 47.450 48.050 48.600 49.320 49.880 49.850 50.090 50.530 50.920 51.870 51.940 51.970 52.360 52.130 51.430 50.730 50.750 50.230 49.570 48.430 46.820 46.620 46.050 46.520 47.020 46.910 46.610 46.590 46.550 46.740 46.510 46.560 46.480 46.510 46.570 46.600 46.760 46.460 46.600 46.950 47.260 47.760
41.410 41.230 41.310 41.260 41.360 41.280 41.400 41.150 41.120 41.200 41.000 41.190 41.350 41.590 41.700 41.480 41.220 41.850 42.080 42.790 43.480 43.590 43.920 45.010 45.810 46.140 46.650 47.430 47.590 47.770 48.010 48.890 49.560 49.880 51.040 51.040 51.110 51.750 52.270 52.460 52.830 53.460 52.490 51.460 51.170 50.860 51.030 50.240 48.870 47.210 47.110 46.800 47.230 47.240 47.060 46.810 46.680 46.600 46.670 46.860 46.710 46.600 46.640 46.640 46.650 46.790 46.800 47.050 47.220 47.520 47.840
41.780 41.730 41.560 41.600 41.740 41.710 41.830 41.470 41.400 41.280 41.310 41.380 41.540 41.640 41.610 41.700 41.670 41.740 42.330 43.070 43.650 43.810 44.310 45.150 45.670 46.320 47.380 47.380 47.930 48.480 48.910 49.340 50.330 51.440 51.030 51.580 52.410 52.950 53.040 53.420 53.380 53.860 53.540 52.320 51.780 51.990 51.510 50.530 49.120 47.700 47.520 47.430 47.560 47.230 47.280 46.780 47.150 46.850 46.870 47.000 46.900 46.700 46.770 46.770 46.800 46.930 47.130 47.150 47.750 48.080 47.840
42.140 42.170 41.710 41.730 41.860 41.910 41.980 42.210 41.850 42.020 42.250 41.700 41.690 41.690 41.790 41.840 42.060 42.210 42.850 43.510 43.800 44.060 44.950 45.500 46.050 46.830 47.110 47.590 48.220 48.710 49.500 50.470 50.610 51.380 51.900 52.380 53.150 53.880 53.880 53.750 54.470 54.350 54.350 53.280 52.730 53.010 51.940 50.780 49.320 48.070 47.930 47.660 47.610 47.480 47.530 47.340 47.150 47.210 46.940 47.000 47.040 46.730 46.910 46.920 47.010 47.100 47.180 47.230 47.460 47.780 47.980
42.020 42.050 42.220 42.080 41.960 42.300 42.330 42.780 42.440 42.040 41.890 41.740 42.010 42.050 42.030 42.010 42.320 42.520 42.740 43.620 44.020 44.120 45.130 45.700 46.230 47.140 47.480 47.970 48.480 49.510 50.090 50.340 50.580 51.250 52.290 52.950 53.790 54.470 54.230 54.700 54.990 55.130 54.310 52.870 53.210 53.510 52.480 50.990 49.420 48.800 48.070 48.090 47.920 47.770 47.620 47.490 47.310 47.300 47.230 47.120 47.210 46.990 47.050 47.020 47.060 47.170 47.280 47.300 47.610 48.030 48.000
41.870 42.010 42.620 42.300 42.780 42.950 42.740 42.880 42.780 42.960 42.660 42.860 42.430 42.370 43.110 42.710 42.380 42.810 43.220 43.680 44.200 44.850 45.790 46.050 46.590 47.450 47.930 48.370 48.770 49.790 50.250 50.940 51.220 51.900 53.290 53.330 53.910 54.610 54.200 55.500 55.700 55.510 54.820 53.850 53.860 54.240 52.800 50.860 49.810 48.940 48.680 48.540 48.070 48.100 47.910 47.790 47.660 47.420 47.100 47.340 47.220 47.270 47.240 47.190 47.180 47.310 47.410 47.500 47.830 48.130 48.200
42.050 42.230 41.910 43.090 42.320 42.420 42.740 42.620 42.680 43.190 42.800 43.130 42.830 42.780 43.160 43.410 43.050 43.370 43.690 44.090 44.280 45.000 46.050 46.320 46.870 47.290 48.100 48.670 49.360 49.450 50.540 51.510 52.000 51.970 52.810 53.580 54.580 55.210 56.120 56.040 55.700 55.810 55.480 54.970 54.670 53.730 51.820 50.840 50.220 49.750 49.350 48.690 48.440 48.270 48.100 48.060 47.830 47.770 47.640 47.650 47.410 47.330 47.420 47.630 47.560 47.460 47.530 47.770 48.050 48.220 48.270
42.280 42.160 42.440 42.030 42.280 42.490 42.520 42.830 42.870 42.730 42.950 43.650 43.260 43.440 43.550 44.060 43.520 43.540 44.180 44.510 44.430 45.320 45.950 46.660 47.030 47.870 48.480 48.800 49.180 49.630 50.930 51.650 52.540 52.800 53.720 54.410 54.850 55.670 56.140 56.220 56.220 56.420 55.650 55.090 54.520 54.020 52.240 51.300 50.810 50.460 49.210 48.980 48.760 48.440 48.290 48.280 48.140 47.940 47.930 47.590 47.650 47.590 47.530 47.440 47.520 47.580 47.770 47.920 48.140 48.160 48.330
41.670 42.040 42.000 41.890 41.980 42.380 42.670 42.760 42.780 43.080 43.070 43.450 43.540 43.460 43.610 43.700 43.660 43.820 44.120 44.460 44.670 44.970 45.900 46.530 47.460 48.480 49.170 48.670 49.610 49.850 51.100 51.620 52.940 54.080 55.060 55.430 55.430 55.930 56.200 56.350 56.330 57.150 56.210 55.690 54.380 52.960 52.170 51.580 51.290 50.810 50.000 49.340 49.100 48.790 48.430 48.540 48.490 48.270 48.060 48.040 47.980 47.850 47.800 47.560 47.590 47.830 48.240 48.370 48.220 48.300 48.340
41.190 41.970 41.420 40.780 40.130 40.790 41.770 42.050 42.140 43.040 43.100 43.310 43.730 44.650 43.680 43.640 43.920 43.980 44.060 44.490 45.020 45.650 45.900 46.440 47.240 48.560 49.190 49.370 49.880 50.190 51.410 51.870 52.980 54.490 55.170 54.920 55.450 56.390 56.230 56.180 56.510 56.910 56.150 55.150 54.040 52.750 52.230 51.880 51.450 50.930 50.790 49.650 49.590 49.010 48.720 48.880 48.740 48.570 48.290 48.170 48.160 48.080 48.020 47.970 47.870 47.940 48.130 48.620 48.340 48.190 48.310
39.410 39.310 38.280 37.610 36.860 37.930 38.150 38.420 38.460 40.760 43.020 43.130 43.510 43.560 43.590 44.480 44.290 44.520 44.510 44.790 45.410 45.820 46.010 46.890 47.660 48.530 49.190 49.630 49.830 51.250 51.960 53.030 53.910 54.500 55.010 55.010 55.600 56.270 56.000 56.260 56.280 56.230 55.720 54.850 53.460 52.950 52.530 52.080 51.550 51.050 50.790 50.660 49.920 49.590 49.160 48.870 48.860 48.770 48.710 48.390 48.120 48.220 48.190 48.210 48.410 48.250 48.470 48.220 48.340 48.300 48.440
34.730 35.020 32.810 33.620 32.410 32.750 33.230 34.750 36.450 37.950 40.910 42.660 43.330 43.490 43.860 44.070 44.120 44.400 44.820 45.180 45.590 45.970 46.450 46.870 47.980 48.540 48.870 49.390 50.590 52.210 53.060 53.760 53.880 54.230 54.700 55.310 55.820 56.110 55.920 56.080 56.130 55.630 54.770 54.080 53.520 53.000 52.580 52.300 51.600 51.270 50.900 50.710 50.330 49.980 49.680 49.340 49.050 48.950 48.660 48.900 48.680 48.720 48.790 48.840 49.030 48.740 48.520 48.510 48.400 48.480 48.650
28.170 30.180 29.790 28.250 29.500 29.310 32.980 33.170 34.720 36.490 38.420 41.140 42.570 43.500 43.750 44.060 44.240 44.440 44.880 45.180 45.910 46.070 46.430 47.290 48.620 48.760 49.050 50.050 51.060 52.000 53.000 53.380 53.510 54.390 54.860 55.180 55.640 55.950 56.020 56.080 55.880 54.750 54.600 54.160 53.670 53.150 52.830 52.330 51.670 51.290 51.050 50.890 50.480 50.320 50.090 49.690 49.450 49.240 49.260 49.210 49.050 49.000 49.330 49.620 49.600 49.340 49.450 48.850 48.730 49.050 49.330
24.430 25.540 26.540 25.310 25.690 26.860 29.020 30.940 33.140 34.520 36.420 38.670 39.970 42.340 43.620 43.890 44.490 44.740 44.920 45.490 45.930 46.130 46.520 46.960 47.990 48.670 49.100 50.030 51.310 52.000 53.240 53.190 53.510 54.070 54.820 55.250 55.230 55.660 55.620 55.580 54.670 54.560 54.590 54.150 53.760 53.200 52.830 52.390 51.820 51.420 51.230 51.160 50.840 50.540 50.400 50.450 49.990 49.690 49.520 49.430 49.490 49.770 50.020 50.260 50.540 50.610 50.810 50.040 49.330 49.220 49.320
20.910 21.190 22.830 24.350 22.840 24.290 26.990 28.790 30.520 31.990 33.840 36.660 37.860 40.410 43.190 44.590 44.370 44.790 44.910 45.410 45.670 46.080 46.700 47.220 48.060 48.400 49.390 50.550 51.810 52.050 52.520 52.950 54.050 54.250 54.470 55.270 55.840 55.880 55.870 54.690 54.600 54.460 54.310 54.090 53.770 53.470 53.100 52.520 52.030 51.830 51.800 51.640 51.120 50.900 50.790 50.760 50.770 50.830 50.130 50.320 50.840 51.100 51.350 51.530 51.520 51.390 51.340 50.520 51.160 51.780 50.370
14.120 16.700 18.460 19.970 19.790 24.570 24.300 25.590 27.380 29.080 31.250 34.160 35.580 38.840 41.980 44.940 44.760 45.020 45.160 45.540 46.150 46.760 47.220 47.510 48.360 48.900 49.610 50.840 51.090 51.730 52.150 52.560 53.470 53.820 54.210 54.900 56.050 55.690 54.710 54.570 54.520 54.380 54.320 54.160 53.470 53.460 53.170 52.660 52.300 52.350 52.150 51.680 51.590 51.230 51.120 51.110 51.110 51.240 51.120 51.280 51.600 52.140 52.420 52.260 52.140 51.920 51.740 51.930 52.890 53.020 52.000
11.030 10.840 13.370 14.260 18.830 22.890 20.910 22.090 24.210 26.710 28.960 32.120 35.300 39.010 42.160 45.040 45.110 45.220 45.510 45.710 46.510 46.860 47.710 48.820 48.730 49.460 50.390 50.890 51.490 51.620 51.910 52.670 53.630 54.000 54.230 54.640 55.520 55.150 54.400 54.430 54.590 54.450 54.260 54.110 53.580 53.440 53.270 53.110 52.860 52.650 52.710 52.370 51.490 51.570 51.500 51.380 51.500 51.740 51.870 51.870 52.280 52.460 52.770 53.010 52.980 52.980 52.970 53.080 53.490 53.090 52.610
2.050 2.410 7.300 11.640 14.610 16.250 16.560 19.490 22.890 25.890 29.650 32.840 35.950 39.150 42.790 44.990 45.430 45.700 46.130 46.390 47.340 47.270 47.980 48.880 49.490 50.110 50.870 51.370 51.430 52.000 52.320 52.680 53.680 53.820 54.600 54.960 54.580 54.690 54.270 54.450 54.130 54.390 54.240 54.170 54.260 53.530 53.540 53.380 53.430 53.030 53.060 52.540 52.400 52.230 52.010 52.000 52.040 52.250 52.600 52.810 53.270 53.480 53.250 53.550 53.590 53.880 54.110 53.590 53.410 53.450 53.050
1.470 1.960 3.870 6.240 7.020 10.520 13.550 18.850 21.680 24.900 28.720 31.950 35.980 38.520 41.520 44.390 45.790 46.040 46.230 46.590 47.110 48.200 48.570 48.430 49.100 49.420 50.210 51.540 51.180 51.480 52.080 52.960 54.480 54.050 54.190 54.680 54.120 54.290 54.400 54.400 54.310 54.290 54.280 54.400 54.130 53.550 53.670 53.770 53.510 53.520 53.340 53.170 52.770 52.590 52.600 52.680 52.720 53.000 53.260 53.270 53.770 53.840 53.780 53.970 54.100 53.620 54.300 53.320 53.750 53.540 53.340
1.020 1.390 1.660 2.990 6.570 8.630 12.500 16.830 19.990 24.240 27.650 31.780 35.650 38.020 40.700 43.640 45.780 46.360 46.720 46.910 47.690 48.060 48.390 48.560 48.970 49.460 49.920 50.670 51.060 52.370 52.850 53.290 53.600 53.960 54.220 54.320 54.270 54.290 54.330 54.200 54.380 54.350 54.470 54.390 54.210 54.110 54.130 54.120 53.790 53.670 53.660 53.590 53.230 53.060 53.260 53.360 53.280 53.890 53.710 54.050 53.990 54.430 54.630 54.370 54.410 54.370 54.240 54.040 54.160 53.770 53.420
0.230 0.480 1.010 2.270 5.230 10.440 13.740 17.190 20.710 24.130 27.430 31.410 35.050 37.150 39.950 42.390 45.680 46.670 47.070 47.510 47.720 48.030 48.520 48.840 49.070 49.440 49.870 51.150 52.170 52.220 53.130 53.110 54.250 54.450 54.340 54.180 54.230 54.250 54.230 54.280 54.320 54.380 54.390 54.440 54.390 54.390 54.240 54.270 54.030 54.230 53.880 53.710 53.670 53.750 53.850 53.970 54.230 54.440 54.490 54.450 55.140 55.050 55.080 55.000 54.830 55.000 54.460 54.490 54.400 54.390 53.960
-0.430 -0.390 1.620 1.780 7.950 11.700 16.470 19.320 22.620 25.480 28.060 31.350 34.380 36.050 39.180 41.190 44.500 46.990 47.730 47.930 48.190 48.910 48.620 48.960 49.420 49.880 50.140 50.910 51.280 52.110 52.650 53.010 54.110 53.700 54.060 54.150 54.190 54.130 54.230 54.270 54.160 54.470 54.500 54.480 54.510 54.390 54.620 54.700 54.420 54.400 54.100 54.120 54.230 54.220 54.530 54.780 54.970 55.110 55.190 55.380 55.680 55.700 55.470 55.940 55.330 55.570 55.570 55.240 54.890 54.730 54.580
-0.880 -0.770 1.510 3.200 7.900 11.340 16.910 21.340 24.620 26.460 28.840 31.490 33.180 35.800 39.330 42.590 45.570 47.620 48.630 48.600 48.980 49.230 49.490 49.720 50.710 50.190 50.650 51.130 51.960 52.450 52.710 53.450 53.270 53.420 53.780 53.850 53.960 54.020 53.960 54.040 54.290 54.450 54.520 54.680 54.610 54.560 54.660 54.890 54.650 54.780 54.690 54.500 54.630 54.490 54.960 55.140 55.400 55.770 55.670 56.010 56.080 56.160 56.210 55.940 56.280 55.950 55.890 55.600 55.600 55.530 55.240
-1.310 -0.700 3.180 6.190 9.330 13.350 17.930 21.400 23.000 25.510 27.280 28.950 31.440 34.250 37.550 43.110 46.010 48.780 48.720 48.320 49.130 49.490 49.690 49.510 50.510 50.980 50.910 51.220 52.710 53.400 53.280 53.050 53.070 53.390 53.520 53.640 53.820 53.970 53.810 54.110 54.400 54.470 54.540 54.560 54.860 54.890 54.910 54.940 54.920 54.910 54.770 55.160 54.970 55.180 55.570 55.770 56.130 56.240 56.400 56.630 56.480 56.790 57.010 56.730 56.820 56.560 56.530 56.450 56.340 55.950 55.830
-1.580 -1.380 4.250 7.270 10.310 13.580 13.590 14.330 16.750 18.300 21.800 24.190 27.200 30.370 35.370 41.450 45.630 49.450 48.770 49.610 50.270 50.010 50.730 51.080 51.350 51.130 51.470 51.310 51.870 52.900 53.000 52.940 53.190 53.370 53.470 53.570 53.780 53.850 53.690 54.300 54.290 54.510 54.640 54.790 54.900 54.970 55.120 55.230 55.310 55.090 55.290 54.970 55.580 56.090 56.080 56.350 56.620 56.930 56.870 57.050 57.200 57.380 57.490 57.200 57.400 57.430 57.150 57.020 56.920 56.820 56.600
-1.580 -1.350 3.030 7.470 6.890 8.270 0.970 1.530 4.430 14.440 18.530 22.590 25.300 28.130 31.790 38.780 43.540 47.960 49.280 50.540 50.870 51.290 51.430 52.360 51.800 51.320 52.300 52.560 53.050 52.920 52.900 53.170 53.120 53.160 53.170 53.550 53.690 53.640 54.120 54.150 54.240 54.570 54.650 54.780 55.030 55.020 55.230 54.910 55.280 55.660 55.600 55.880 56.070 56.220 56.690 56.850 57.160 57.290 57.440 57.430 57.730 57.720 57.680 58.040 58.040 57.790 57.720 57.680 57.420 57.220 56.960
-1.590 -1.490 0.400 0.020 0.280 -0.590 0.160 0.600 7.290 12.530 16.720 21.240 23.580 27.050 31.430 36.800 41.520 46.360 49.640 51.350 51.880 51.520 52.010 52.410 52.650 51.930 53.030 53.830 53.000 52.830 52.960 53.000 53.120 53.250 53.420 53.540 53.850 53.880 54.190 54.190 54.490 54.600 54.910 54.950 55.170 55.210 55.250 55.180 55.510 55.730 55.690 56.180 56.650 56.810 57.150 57.190 57.400 57.680 57.740 58.010 58.200 58.270 58.360 58.340 58.510 58.380 58.380 58.350 58.110 57.650 57.860
-1.750 -1.810 -0.880 -1.280 -1.080 -0.780 -0.580 -0.120 8.360 11.960 15.790 19.410 22.940 26.410 31.000 34.630 38.980 44.840 48.160 50.560 51.730 51.750 52.330 52.570 52.990 52.190 52.650 52.910 52.820 52.960 53.020 53.060 53.140 53.320 53.310 53.560 53.780 54.020 54.140 54.340 54.500 54.540 54.940 55.030 55.060 55.370 55.240 55.690 55.930 56.090 56.420 56.670 57.010 57.260 57.310 57.860 57.910 57.920 57.950 58.180 58.240 58.520 58.770 58.760 58.880 58.670 58.770 58.600 58.580 58.360 58.230
-2.140 -1.750 -1.820 -1.630 -1.310 -1.110 -0.870 2.920 7.750 12.230 16.390 20.020 23.110 26.390 29.820 32.620 36.910 42.440 45.820 46.210 47.850 49.730 51.960 52.520 52.680 52.670 53.070 52.810 52.890 52.960 53.140 53.060 53.240 53.460 53.500 53.670 53.850 54.090 54.130 54.330 54.500 54.760 54.610 55.120 55.280 55.280 55.480 55.830 56.260 56.430 56.820 57.090 57.330 57.720 57.980 58.300 58.360 58.720 58.710 58.590 58.740 58.860 58.730 59.100 59.210 59.260 59.300 59.180 59.140 58.600 58.700
-2.080 -1.760 -1.950 -1.500 -1.560 -1.170 1.710 3.580 8.150 13.100 16.160 18.920 21.800 25.030 28.010 31.610 36.030 40.320 41.650 42.900 43.970 47.950 49.960 51.830 53.470 52.990 52.850 52.720 53.050 53.090 53.120 53.250 53.340 53.460 53.640 53.830 54.040 54.210 54.400 54.480 54.400 54.780 54.550 55.250 55.240 55.460 55.780 56.240 56.400 56.850 57.160 57.480 57.820 58.050 58.400 58.410 58.680 58.890 59.040 59.010 58.800 59.130 59.420 59.540 59.490 59.640 59.520 59.630 59.430 59.390 59.330
