0925_6225/LITTO3D_FRA_0928_6224_20150529_LAMB93_RGF93_IGN69/MNT5m/LITTO3D_FRA_0928_6224_MNT5_20150128_LAMB93_RGF93_IGN69.asc
ncols 200
nrows 200
xllcenter 928000.000
yllcenter 6223005.000
cellsize 5.0000
nodata_value -99999
[rows 99 to 131 of 200, columns 74 to 147 of 200]
3.690 3.740 3.840 4.850 4.970 4.950 4.970 5.220 5.470 5.580 5.540 6.050 6.440 6.900 7.060 7.380 7.780 7.830 8.010 8.100 8.000 8.130 8.140 8.190 8.270 8.480 8.660 8.780 8.650 8.550 8.800 8.830 8.880 9.070 9.300 9.470 9.420 9.570 10.340 10.720 10.720 10.710 10.830 10.820 11.000 11.250 11.170 11.470 11.630 11.820 12.020 12.720 12.930 13.270 13.260 15.250 15.510 14.880 14.770 14.870 15.150 15.070 14.750 15.980 16.160 15.910 16.360 16.750 17.290 17.690 18.050 18.260 18.520 19.190
3.670 3.820 4.060 5.210 5.000 4.960 5.220 5.380 5.480 5.510 5.590 6.070 6.590 7.110 6.830 7.220 7.460 7.530 7.660 7.610 7.780 8.460 8.690 8.460 8.470 8.670 8.650 8.630 8.770 8.810 9.310 8.970 8.890 9.130 9.460 9.490 9.770 9.890 9.870 10.620 10.750 10.980 11.080 11.190 11.450 11.430 11.640 11.800 12.090 12.170 12.610 12.930 13.210 13.590 14.060 15.140 15.430 15.020 14.890 14.870 15.260 15.130 15.830 16.360 16.510 16.420 16.840 17.180 17.340 17.780 18.300 18.380 18.520 18.960
3.820 3.730 3.740 4.870 4.620 4.190 4.830 5.260 5.320 5.420 5.560 6.160 6.590 6.640 6.760 6.850 7.080 7.140 7.310 7.260 7.800 8.380 8.610 8.510 8.650 8.670 8.920 8.940 8.860 8.850 9.100 9.130 9.300 9.010 9.480 9.570 10.010 9.910 9.970 10.490 10.860 10.880 11.180 11.450 11.560 11.920 11.810 12.040 12.360 12.640 13.000 13.070 13.250 13.630 14.050 14.330 14.610 15.140 15.250 15.040 15.130 15.230 16.200 16.630 16.740 16.910 17.210 17.240 17.230 17.650 18.060 18.370 18.640 18.750
3.680 3.660 3.890 3.870 4.100 4.320 4.630 4.930 5.130 5.400 5.900 6.580 6.410 6.370 6.610 6.820 6.740 6.880 7.230 7.200 7.550 8.140 8.190 8.430 8.770 8.880 9.030 9.190 9.180 8.910 9.080 9.250 9.430 9.460 9.560 9.570 10.230 10.050 10.290 10.680 10.720 11.080 11.280 11.560 11.920 12.180 12.310 12.390 12.570 12.740 12.860 13.110 13.440 13.720 14.530 15.180 15.560 15.640 15.800 15.910 15.610 15.660 16.280 16.680 17.000 17.320 17.330 16.910 17.130 17.510 17.990 18.360 18.610 19.060
3.680 3.630 3.770 4.030 4.230 4.480 4.780 4.820 5.020 5.460 5.720 6.070 6.280 6.050 6.420 6.540 6.580 6.660 6.990 7.000 7.750 8.050 8.150 8.310 8.760 8.730 9.040 8.900 9.230 9.370 9.250 9.230 9.400 9.850 9.920 9.900 10.160 10.200 10.500 10.710 10.980 11.500 11.590 11.910 12.100 12.230 12.420 12.490 12.650 12.920 13.170 13.350 13.750 14.650 15.560 16.520 16.010 16.210 16.000 16.090 16.080 16.160 16.470 16.620 17.040 17.450 17.570 16.740 17.120 17.900 18.470 18.770 19.090 19.120
3.660 3.700 3.900 4.070 4.610 5.160 4.840 4.540 4.670 5.240 5.270 5.600 5.950 5.990 6.220 6.220 6.480 6.390 6.600 6.780 7.780 7.840 7.870 8.220 8.660 9.130 9.150 9.580 9.570 9.470 9.680 9.550 9.350 9.890 9.820 10.160 10.370 10.430 10.660 10.790 11.360 11.510 11.700 11.980 12.060 12.330 12.800 12.900 12.980 13.170 13.580 13.750 14.040 14.980 16.700 17.100 16.830 16.970 16.720 16.890 16.890 16.630 16.630 16.670 17.100 17.630 17.610 17.820 19.100 18.760 18.880 19.080 19.360 19.920
3.730 3.700 4.070 4.310 4.470 4.640 4.660 4.610 4.790 4.990 4.850 5.600 5.730 5.820 5.990 6.150 6.320 6.310 6.490 6.730 7.030 7.820 7.750 8.060 8.840 9.010 9.390 10.060 10.090 10.220 9.960 9.890 10.040 10.260 10.380 10.470 10.460 10.410 10.730 11.120 11.450 11.560 11.890 12.090 12.320 12.440 12.760 13.000 13.350 13.530 13.860 13.820 13.920 16.440 16.950 17.290 17.350 17.440 17.720 17.900 18.030 17.480 17.810 17.790 17.370 17.950 18.360 18.790 19.140 19.260 19.340 19.290 19.390 20.140
4.110 4.190 4.160 4.440 4.340 4.560 4.680 4.760 4.820 4.970 5.030 5.380 5.670 5.690 5.840 6.030 6.160 6.210 6.300 6.720 6.700 7.180 7.290 8.120 8.610 8.890 9.660 10.270 10.340 10.270 10.210 9.990 10.250 10.220 10.410 10.530 10.420 10.900 11.030 11.000 11.500 11.680 11.850 12.100 12.350 12.470 12.830 13.270 13.740 13.890 14.050 14.060 15.630 16.520 17.030 17.330 17.520 17.730 18.270 18.320 18.400 18.100 18.540 18.750 18.820 19.110 18.960 19.180 19.130 19.160 19.810 20.050 20.470 21.510
4.240 4.390 4.400 4.410 4.300 4.680 4.610 4.920 5.010 4.950 5.080 5.400 5.520 5.720 5.820 5.840 6.160 6.210 6.350 6.530 6.690 6.740 7.050 7.900 8.280 9.150 9.990 10.200 10.460 10.180 10.290 10.420 10.310 10.540 10.630 10.530 10.690 10.760 10.880 11.240 11.510 11.570 11.910 12.230 12.400 12.620 13.090 13.790 13.820 14.000 14.020 14.260 15.900 16.650 17.330 17.600 17.770 18.270 18.780 18.940 18.690 18.680 18.610 18.970 19.010 19.450 19.280 19.390 19.370 19.690 20.090 20.950 21.580 22.440
4.060 4.090 4.210 4.260 4.150 4.680 4.690 4.770 4.850 4.840 4.950 5.450 5.440 6.010 5.700 5.860 6.070 6.060 6.190 6.320 6.380 6.650 6.990 7.790 8.190 8.760 9.200 10.060 10.060 10.040 10.200 10.390 10.420 10.500 10.570 10.690 10.880 10.980 10.930 11.190 11.700 11.890 12.070 12.210 12.550 12.720 13.340 13.510 13.840 14.120 14.160 14.850 15.890 16.640 17.190 17.710 18.260 18.940 19.460 19.560 19.270 19.020 18.760 19.380 20.020 19.990 19.750 19.940 19.980 20.090 20.390 21.600 22.380 23.370
4.120 4.190 4.160 4.160 4.220 4.560 4.700 4.680 4.620 4.830 5.060 5.510 5.530 5.630 5.630 5.720 5.840 5.840 6.010 6.100 6.230 6.560 7.090 8.010 7.930 8.020 8.430 9.220 9.900 9.350 9.960 10.390 10.440 10.500 10.610 10.590 10.890 11.020 11.120 11.080 11.430 12.030 12.210 12.550 12.860 12.900 13.300 13.740 14.000 14.130 14.560 15.280 15.850 16.580 17.060 17.840 18.460 19.110 19.580 19.890 20.030 20.270 19.890 20.880 20.740 20.820 20.890 20.770 20.490 20.750 21.090 22.030 23.340 23.920
4.180 4.240 4.610 4.750 4.510 4.370 4.680 4.700 4.900 4.990 5.270 5.420 5.500 5.740 5.630 5.730 5.660 5.850 5.910 6.250 6.240 6.360 6.490 7.120 7.680 7.850 7.970 8.240 8.690 9.250 10.350 10.420 10.440 10.530 10.580 10.580 11.090 11.190 11.070 11.160 11.290 11.990 12.440 12.850 12.990 13.590 13.460 13.600 13.970 14.520 14.950 15.150 15.760 16.150 16.900 17.900 18.560 19.150 19.430 20.030 20.530 20.720 20.800 21.010 21.440 21.590 21.590 21.460 21.440 21.620 21.830 22.340 23.500 25.210
4.440 4.660 5.030 5.010 4.990 4.860 4.630 4.430 4.690 4.970 5.280 5.390 5.600 5.730 5.790 5.750 5.810 5.750 5.890 6.220 6.270 6.300 6.520 6.600 6.810 7.260 7.880 8.270 8.650 9.230 10.490 10.580 10.400 10.500 10.280 10.350 10.770 10.870 11.170 11.160 11.350 12.130 12.810 13.050 13.370 13.670 13.860 13.930 14.020 14.220 14.670 15.570 15.770 16.020 16.290 18.400 18.620 19.060 19.260 20.130 20.550 20.680 21.230 22.040 22.470 22.530 22.400 22.170 22.430 22.450 22.630 22.740 23.530 24.530
4.360 5.090 5.090 5.180 5.230 5.190 5.170 5.070 4.980 4.450 5.370 5.590 5.480 5.380 5.770 5.790 5.740 5.770 5.920 6.240 6.300 6.280 6.440 6.510 6.830 7.040 7.680 7.850 8.510 9.640 10.430 10.720 10.570 10.680 9.880 10.150 10.510 10.820 10.870 11.180 11.380 12.040 12.880 13.070 13.440 13.650 13.860 14.180 14.650 14.530 14.740 15.610 15.850 16.600 17.400 18.120 18.670 18.920 19.650 20.200 20.610 20.870 21.690 22.090 22.400 22.840 23.300 23.040 23.030 22.960 22.850 23.180 24.070 24.460
5.040 5.230 5.350 5.170 5.190 5.330 5.350 5.260 5.190 5.360 5.450 5.610 5.620 5.830 5.810 5.750 5.660 5.950 6.180 6.060 6.190 6.310 6.390 6.570 6.930 7.100 7.230 7.850 8.470 8.400 9.280 10.290 10.540 10.350 9.570 9.990 10.360 10.500 10.630 11.170 11.630 12.450 12.850 13.420 13.590 13.830 13.920 13.980 14.300 14.590 15.030 15.220 15.970 16.710 17.680 17.960 18.420 18.850 19.280 19.820 20.500 21.200 21.680 22.180 22.580 22.860 23.500 23.350 23.300 23.350 23.280 23.660 24.580 25.050
4.760 5.150 5.070 4.890 5.020 5.140 5.200 5.280 5.270 5.450 5.520 5.660 5.720 5.880 5.930 5.930 5.960 6.160 6.220 6.280 6.230 6.250 6.360 6.600 6.830 6.880 7.050 7.650 8.090 8.290 8.320 9.070 9.320 9.520 9.470 9.640 10.340 10.410 10.580 11.100 11.700 12.450 13.620 13.700 13.710 14.010 13.900 13.970 14.170 14.650 15.030 15.370 15.690 16.540 17.250 17.350 18.330 18.550 19.140 19.660 20.700 21.220 21.490 22.210 22.790 23.050 23.590 23.650 23.670 23.740 23.650 23.810 24.680 25.280
4.330 4.470 4.660 4.710 4.810 5.010 5.050 5.220 5.380 5.550 5.510 5.730 5.830 5.900 5.950 5.890 6.050 6.140 6.190 6.300 6.250 6.340 6.390 6.510 6.600 6.770 7.040 7.270 7.560 7.820 8.280 8.580 8.840 9.190 9.690 9.830 10.040 10.080 10.320 10.680 10.920 12.020 13.000 13.520 13.620 13.650 13.660 13.970 13.760 14.540 14.720 15.330 15.770 16.050 16.330 17.000 17.590 18.120 19.300 19.640 19.900 20.540 21.190 21.990 22.680 22.950 23.490 24.000 23.870 23.630 24.140 24.130 24.940 25.190
4.500 4.610 4.940 4.950 4.980 4.980 5.060 4.930 5.030 5.630 5.590 5.830 6.010 5.920 5.930 5.970 6.090 6.150 6.610 6.280 6.430 6.460 6.450 6.460 6.570 6.620 7.310 7.420 7.490 7.780 8.220 8.570 8.770 9.000 9.620 10.210 9.840 9.800 10.040 10.280 10.650 11.020 11.470 12.680 13.700 13.000 13.150 13.580 13.510 13.980 14.130 14.780 15.900 15.930 16.490 16.850 17.090 17.600 18.510 18.920 19.490 20.100 20.440 21.600 22.290 22.520 23.000 23.630 24.000 23.940 24.250 24.420 24.580 24.760
4.580 4.610 4.600 4.730 4.910 5.370 5.520 5.290 5.070 5.700 5.720 5.930 5.880 5.970 5.890 5.960 6.150 6.460 6.280 6.520 6.660 6.410 6.690 6.790 6.610 6.920 7.140 7.350 7.570 7.690 7.750 8.140 8.460 8.740 9.720 9.870 9.780 9.710 9.810 10.090 10.380 10.950 11.130 11.300 11.430 12.020 12.400 12.620 13.060 13.640 13.880 14.210 14.940 15.450 16.490 17.190 17.210 17.390 17.630 18.000 18.590 19.420 19.690 20.600 20.810 22.010 22.950 23.190 23.420 23.190 23.560 23.930 24.030 24.340
4.340 4.400 4.700 4.960 5.100 5.030 5.090 5.170 5.190 5.680 5.740 5.880 5.900 6.030 5.850 5.900 6.370 6.320 6.200 6.420 6.570 6.570 6.530 6.650 6.740 7.050 7.290 7.460 7.300 7.590 7.680 7.810 7.870 8.550 9.640 9.810 9.700 9.720 9.840 9.950 10.140 11.040 11.220 11.230 11.330 11.430 11.460 11.760 12.660 12.930 13.610 13.630 13.790 14.720 15.820 16.080 16.990 17.200 17.300 17.740 18.380 18.760 19.530 19.760 20.240 20.930 21.120 21.540 22.160 22.680 23.320 23.670 23.380 24.130
4.450 4.570 4.620 4.740 4.900 4.980 5.210 5.410 5.630 5.680 5.940 6.160 6.080 6.100 6.090 6.240 6.470 6.310 6.440 6.510 6.500 6.330 6.600 6.650 6.660 7.090 7.390 7.380 7.690 7.530 7.810 7.920 7.840 8.440 9.440 9.560 9.570 9.650 9.690 9.870 10.100 11.180 11.170 11.090 11.430 11.430 11.410 11.650 12.270 12.620 12.740 13.030 13.650 14.580 15.510 15.980 16.370 16.620 17.030 17.390 18.010 18.440 18.820 19.740 20.380 21.000 20.800 21.560 21.730 21.750 22.210 22.470 23.030 23.350
4.940 5.050 5.210 5.140 5.130 5.170 5.260 5.380 5.630 5.790 5.930 6.050 6.120 6.110 6.060 6.300 6.410 6.530 6.380 6.440 6.410 6.650 6.620 6.730 6.690 6.740 7.090 7.160 7.290 7.530 7.750 7.900 8.160 9.000 9.550 9.690 9.710 9.640 9.830 10.150 10.110 11.190 11.010 11.090 11.270 11.390 11.420 11.610 12.340 12.620 12.670 12.720 13.250 13.780 14.290 15.370 15.510 16.260 16.460 16.560 16.850 17.630 18.600 19.260 20.100 20.440 20.880 21.250 21.360 21.660 21.880 22.400 22.730 22.780
4.770 5.190 5.280 5.340 5.400 5.380 5.610 5.710 5.750 5.880 5.960 6.030 6.050 6.150 6.270 6.290 6.430 6.350 6.420 6.360 6.770 6.690 6.650 6.710 6.770 6.910 7.090 7.280 7.340 7.580 7.580 7.690 8.400 9.140 9.590 9.550 9.600 9.750 9.670 9.870 10.700 10.900 10.980 11.170 11.330 11.320 11.510 11.680 12.210 12.540 12.690 12.740 13.110 13.320 13.530 13.660 14.580 15.970 16.220 16.260 16.130 16.520 17.980 19.440 19.280 19.960 20.200 20.570 20.780 20.930 21.410 21.860 22.230 22.770
5.320 5.270 5.200 5.240 5.540 5.900 5.730 5.610 5.990 6.030 6.190 6.160 6.210 6.380 6.340 6.320 6.320 6.410 6.400 6.560 6.660 6.550 6.530 6.550 6.750 7.010 7.200 7.460 7.470 7.500 7.550 7.440 8.310 9.310 9.280 9.410 9.520 9.570 9.770 9.990 10.710 10.930 10.990 11.240 11.320 11.430 11.490 11.720 12.400 12.490 12.590 12.800 13.090 13.620 13.960 13.990 14.080 14.190 15.400 16.250 16.180 16.180 17.240 18.070 18.600 19.220 19.590 19.710 19.950 20.450 20.410 20.990 21.440 22.890
5.250 5.430 5.220 5.370 5.560 5.730 5.720 5.620 6.050 6.130 6.280 6.340 6.190 6.460 6.480 6.290 6.330 6.320 6.600 6.730 7.030 7.090 6.680 6.590 6.920 7.070 7.320 7.460 7.470 7.530 7.440 7.650 8.720 9.460 9.300 9.450 9.600 9.490 9.700 9.850 10.340 10.850 11.280 11.340 11.400 11.420 11.470 11.840 12.360 12.570 12.470 12.960 13.070 13.660 13.910 14.040 14.100 14.240 14.710 14.930 15.590 16.210 17.120 17.600 18.000 18.270 18.360 18.890 19.100 19.510 19.880 20.360 20.570 22.550
5.210 5.360 5.540 5.280 5.640 5.570 5.610 5.810 6.120 6.280 6.330 6.380 6.280 6.240 6.320 6.410 6.430 6.570 6.610 6.790 6.980 7.050 6.770 6.700 6.900 6.940 7.280 7.500 7.300 7.380 7.400 8.620 9.670 9.520 9.350 9.480 9.370 9.530 9.720 9.790 10.090 10.170 10.810 11.280 11.350 11.430 11.500 11.960 12.510 12.410 12.470 12.860 13.210 13.390 13.870 13.950 14.010 14.260 14.530 14.800 14.940 15.520 16.990 17.490 17.450 17.580 17.620 18.200 18.250 18.730 19.180 19.700 19.900 21.760
5.220 5.390 5.420 5.610 5.830 5.540 5.660 6.090 6.250 6.370 6.540 6.580 6.700 6.470 6.330 6.380 6.570 6.550 6.620 6.700 7.020 7.030 6.900 6.700 6.930 7.090 7.160 7.310 7.330 7.450 7.730 9.200 9.290 9.330 9.600 9.470 9.500 9.720 10.040 10.040 10.180 10.180 10.860 11.350 11.380 11.700 11.590 12.080 12.310 12.300 12.440 12.840 13.050 13.470 13.570 13.660 14.210 14.160 14.450 14.880 15.060 15.170 15.910 17.120 17.480 17.470 17.370 17.840 18.070 18.240 18.560 18.760 19.680 21.610
5.150 5.270 5.390 5.790 6.040 6.070 6.210 6.400 6.330 6.570 6.720 6.750 6.730 6.570 6.420 6.520 6.580 6.540 6.600 6.550 6.640 7.070 6.820 6.760 7.040 7.250 6.970 7.320 7.330 7.410 7.730 8.970 9.320 9.300 9.350 9.530 9.490 9.740 10.000 10.270 10.270 10.550 10.990 11.370 11.820 12.140 12.340 12.350 12.550 12.440 12.630 12.810 13.050 13.450 13.490 13.600 13.930 14.150 14.410 15.030 14.970 15.050 15.320 16.110 16.370 17.400 16.790 17.410 17.960 18.030 18.110 18.600 19.710 21.400
5.290 5.500 5.710 5.820 6.300 6.270 6.380 6.400 6.400 6.520 6.480 6.640 6.590 6.550 6.480 6.480 6.580 6.650 6.560 6.850 6.800 6.790 6.950 6.980 7.130 7.450 7.320 7.200 7.400 7.350 7.960 9.270 9.360 9.420 9.410 9.550 9.590 9.890 9.940 10.210 10.410 10.660 10.850 11.630 12.330 12.700 12.910 12.330 12.560 12.920 12.790 12.700 12.950 13.460 13.500 13.630 13.710 13.770 14.320 14.520 14.960 15.180 15.260 15.360 15.610 15.810 16.560 16.850 17.680 17.980 18.230 18.610 19.180 20.300
5.620 5.800 5.640 6.080 6.400 6.240 6.320 6.470 6.630 6.550 6.630 6.720 6.720 6.590 6.640 6.530 6.560 6.640 6.650 6.790 6.770 6.820 6.970 7.140 7.180 7.150 7.450 7.500 7.610 7.960 9.180 9.470 9.520 9.410 9.480 9.730 9.790 9.880 10.150 10.280 10.610 10.780 11.500 11.840 12.570 13.270 13.390 13.170 13.180 13.240 13.100 12.820 13.030 13.360 13.650 13.590 13.760 13.920 14.000 14.300 15.100 15.210 15.380 15.430 15.420 15.580 16.310 16.860 17.410 18.060 18.370 18.620 19.110 19.480
5.820 5.920 6.190 6.310 6.500 6.650 6.850 6.520 6.770 6.490 6.650 6.760 6.650 6.670 6.590 6.660 6.680 6.670 6.680 6.880 6.910 7.020 7.190 7.220 7.300 7.330 7.480 7.600 7.850 8.130 9.770 9.500 9.440 9.750 9.740 9.840 9.800 10.010 10.180 10.280 10.780 10.930 11.550 11.730 12.310 12.840 12.920 13.370 13.230 13.650 13.610 13.240 13.630 13.380 13.570 13.730 13.850 13.820 14.040 14.660 15.070 15.260 15.560 15.880 15.670 15.910 16.500 16.780 17.460 18.120 18.270 18.610 18.950 19.370
6.050 6.000 6.610 6.500 6.650 6.560 6.870 6.790 7.150 6.710 6.880 6.780 6.930 6.680 6.630 6.990 6.880 6.760 6.790 6.830 6.900 7.170 7.480 7.130 7.420 7.550 7.620 7.700 7.620 8.230 9.760 9.530 9.520 9.540 9.780 9.800 10.030 10.090 10.280 10.310 10.860 10.960 11.730 11.920 12.430 12.620 12.900 13.340 13.800 13.980 13.990 14.180 14.260 14.110 13.990 13.900 13.860 14.090 14.270 15.110 15.100 15.250 15.680 15.710 15.710 16.400 16.700 16.680 16.750 18.060 18.300 18.680 18.930 19.010
6.640 6.490 6.530 6.690 6.770 6.700 7.160 7.110 7.300 6.960 6.770 6.800 6.860 6.770 6.800 6.970 6.900 6.750 6.960 6.960 7.020 7.050 7.140 7.190 7.550 7.540 7.710 7.800 7.630 8.680 9.570 9.570 9.690 9.870 9.970 9.920 9.990 10.210 10.240 10.520 10.740 11.460 11.760 12.280 12.780 12.980 13.200 13.860 14.270 14.490 14.410 14.620 14.530 14.650 14.620 14.640 14.770 14.520 14.660 15.000 15.090 15.170 15.430 15.590 15.590 16.440 16.580 16.730 16.730 18.230 18.340 18.690 18.790 18.950
