0925_6225/LITTO3D_FRA_0928_6224_20150529_LAMB93_RGF93_IGN69/MNT5m/LITTO3D_FRA_0928_6224_MNT5_20150128_LAMB93_RGF93_IGN69.asc
ncols 200
nrows 200
xllcenter 928000.000
yllcenter 6223005.000
cellsize 5.0000
nodata_value -99999
[rows 165 to 197 of 200, columns 0 to 73 of 200]
12.710 13.330 13.270 13.520 14.040 14.220 14.370 14.880 15.210 15.490 16.840 16.820 16.890 17.100 17.270 17.440 17.700 18.140 18.400 18.720 18.990 19.260 19.460 19.660 19.910 21.060 21.760 22.080 21.980 22.030 21.620 20.750 20.450 20.380 19.680 19.290 18.750 17.810 17.490 17.690 17.630 17.680 17.440 17.170 17.050 17.210 17.200 17.430 17.910 19.460 20.250 20.690 20.720 20.580 20.600 19.390 17.870 16.780 15.830 15.180 14.890 14.900 14.710 15.100 15.710 16.770 17.680 18.330 18.970 19.630 19.920 20.820 22.060 23.340
12.290 13.130 13.390 13.680 13.890 14.070 14.310 14.820 15.080 15.710 16.390 17.020 17.120 17.160 17.290 17.560 17.820 18.240 18.500 18.710 18.990 19.230 19.480 19.680 19.740 21.150 22.020 22.080 22.230 22.100 22.020 21.290 20.840 20.460 19.950 19.410 18.840 18.250 18.320 18.340 18.440 18.400 18.050 17.620 17.370 17.460 17.480 17.800 18.360 19.460 19.950 20.600 21.190 20.900 20.690 20.730 19.260 16.960 16.340 15.890 15.430 15.030 15.450 15.880 16.270 16.590 17.150 17.830 18.500 19.350 20.070 21.180 22.390 23.020
12.500 12.860 13.240 13.520 13.820 14.040 14.540 15.090 15.140 16.060 16.810 17.250 17.410 17.350 17.610 17.670 17.990 18.180 18.510 18.850 19.050 19.350 19.500 19.700 19.840 20.740 21.470 22.370 22.510 22.140 22.150 21.680 21.140 20.910 20.250 19.740 19.270 18.820 18.890 19.070 19.200 19.260 18.860 18.260 18.120 18.040 17.980 18.320 18.550 19.250 19.830 20.610 21.490 21.240 20.880 20.630 19.280 17.450 16.860 16.270 15.670 15.510 15.810 15.890 16.210 16.310 16.800 17.330 18.190 19.180 19.990 21.510 22.390 23.120
12.480 12.830 13.030 13.490 13.600 13.840 14.590 15.000 15.530 16.390 17.350 17.440 17.510 17.970 17.900 18.190 18.360 18.520 18.940 18.870 19.250 19.410 19.590 19.850 19.880 20.560 21.860 22.730 22.940 22.540 22.520 22.150 21.470 21.060 20.560 19.900 19.760 19.570 19.540 19.750 20.190 20.780 19.780 18.550 18.580 18.530 18.480 18.810 19.110 19.060 19.920 20.810 21.510 21.400 21.270 20.510 20.000 18.420 17.460 16.450 15.970 16.000 15.910 16.120 16.280 16.410 16.760 17.600 18.090 19.310 20.090 21.200 22.110 23.060
12.500 12.810 13.180 13.600 13.680 13.680 14.250 15.830 16.800 17.960 18.410 17.730 19.110 19.360 19.160 19.000 18.660 18.960 19.280 19.460 19.670 20.110 20.250 20.360 20.630 21.180 22.140 22.600 22.830 22.690 22.690 22.640 22.090 21.450 20.980 20.460 20.300 20.300 20.400 20.710 21.040 21.640 20.500 19.080 18.910 18.960 18.990 19.380 19.330 19.450 20.680 21.370 21.750 21.790 21.680 21.140 21.360 19.830 18.130 17.060 16.230 16.090 16.210 16.270 16.480 16.660 16.900 17.710 18.510 19.490 20.120 20.820 22.330 23.350
12.310 13.140 13.260 13.550 13.600 13.680 14.860 15.910 17.270 18.470 18.810 18.950 20.340 20.650 20.440 20.000 19.640 19.830 19.670 19.600 19.820 20.040 20.310 20.290 20.450 21.060 22.140 22.790 22.870 22.800 22.940 22.960 22.390 22.120 21.350 21.370 21.210 21.120 21.460 21.640 22.030 21.790 21.320 19.560 19.580 19.530 19.710 19.570 19.400 20.490 21.350 21.560 21.800 21.750 21.850 21.910 21.840 20.020 18.970 18.100 17.030 16.790 16.800 16.910 16.910 17.110 17.130 18.050 18.750 19.670 20.180 21.270 22.690 23.530
12.490 13.320 13.410 13.580 13.770 14.010 14.660 16.070 17.580 18.920 19.660 20.550 20.980 21.450 21.440 21.120 21.000 20.850 20.420 19.970 20.190 20.210 20.430 20.540 20.630 21.040 21.920 22.640 23.190 23.880 23.670 23.350 22.810 22.580 22.060 22.010 22.160 22.400 22.630 22.870 22.560 22.160 21.650 20.180 20.080 20.010 19.900 19.990 19.950 20.620 21.590 21.980 21.830 21.860 21.840 21.790 21.950 20.880 19.270 18.340 17.520 17.140 16.990 17.100 17.080 17.330 17.650 18.300 18.940 20.160 20.270 21.140 22.310 23.690
12.260 13.160 13.250 13.320 14.150 14.380 14.910 16.010 17.670 18.950 20.030 20.570 21.800 22.150 22.110 22.070 21.770 21.300 21.060 20.510 20.450 20.200 20.510 20.850 20.960 21.400 22.330 22.960 23.510 23.990 24.270 24.170 23.560 23.050 22.920 23.470 23.270 23.670 23.570 23.250 22.830 22.440 22.180 20.720 20.480 20.220 20.120 20.440 20.360 20.300 22.080 22.940 22.990 22.680 22.580 21.870 21.850 21.740 19.760 18.640 18.280 17.780 17.540 17.370 17.280 17.570 17.830 18.510 19.260 19.960 20.350 21.850 22.400 23.320
12.540 13.000 13.250 13.790 14.450 14.530 15.170 15.970 17.720 19.030 20.060 21.020 21.890 22.690 22.880 22.760 22.420 22.160 21.680 21.330 21.120 21.230 21.060 21.280 21.240 21.300 22.040 23.340 24.160 24.460 24.720 24.770 24.850 24.580 24.280 24.200 24.320 24.220 23.850 23.500 23.300 23.290 22.560 21.270 20.880 20.640 20.220 20.250 20.500 20.410 22.130 23.370 23.680 23.640 23.120 22.310 21.940 21.860 20.600 19.220 19.270 19.020 18.550 18.770 18.320 18.040 18.500 18.850 19.600 20.140 20.410 22.300 22.380 23.430
12.680 13.620 14.300 14.710 14.780 14.770 15.090 16.570 18.220 19.250 20.440 21.610 22.370 23.130 23.440 23.460 23.260 23.060 22.510 22.290 21.880 21.560 21.700 21.460 21.840 21.720 22.560 23.690 24.400 24.780 25.320 25.380 25.910 25.760 25.560 25.290 25.050 24.520 24.400 24.100 24.500 24.350 23.160 21.730 21.430 21.010 20.400 20.770 20.950 21.020 22.390 23.870 24.380 24.220 23.830 23.320 22.380 22.040 21.370 20.010 19.700 19.520 19.380 19.610 19.400 19.330 19.490 19.690 20.040 20.390 20.620 22.370 22.470 22.950
13.690 15.060 15.310 15.430 15.280 15.310 15.590 16.920 18.570 19.410 20.900 22.190 22.890 23.760 24.240 24.270 23.900 23.610 23.250 23.080 22.340 22.090 22.200 22.180 22.030 22.090 23.100 24.230 25.110 25.870 26.080 26.150 26.140 26.100 25.840 25.690 25.350 25.070 25.180 25.020 24.910 24.660 23.370 22.190 21.930 21.230 21.120 21.250 21.320 21.860 22.650 23.920 24.620 24.720 24.280 23.760 23.120 22.070 21.650 20.680 20.780 20.840 20.780 20.600 20.360 20.240 20.330 20.450 20.500 20.580 20.890 21.910 22.620 22.700
14.410 15.770 16.110 16.140 16.040 15.980 16.290 17.000 18.350 19.760 21.320 22.470 23.610 24.630 24.830 24.730 24.660 24.430 23.890 23.580 23.180 22.870 22.760 22.730 22.550 22.690 23.760 25.080 25.750 26.900 26.810 27.020 26.830 26.540 26.240 25.820 25.590 25.420 25.300 25.190 24.980 24.810 23.560 22.600 22.380 21.830 21.820 21.290 21.660 22.390 23.440 24.450 25.180 25.210 24.970 24.200 23.610 22.700 21.820 21.180 21.220 21.250 21.310 21.350 21.340 21.110 21.010 20.830 20.800 20.790 21.030 21.440 22.170 22.750
14.810 16.640 17.030 17.350 17.000 16.740 16.860 17.450 18.190 19.810 21.410 22.700 23.880 24.940 25.250 25.440 25.110 25.250 24.730 24.240 23.670 23.320 23.120 23.200 22.780 23.210 24.170 25.150 26.160 27.320 27.400 27.640 27.430 27.220 27.010 26.850 25.910 25.580 25.420 25.290 25.080 24.770 23.760 22.980 22.750 22.430 22.250 22.490 22.590 23.060 24.080 24.920 25.090 25.650 25.620 25.130 24.450 23.550 22.340 21.310 21.620 21.630 21.170 21.320 21.130 21.280 21.250 21.380 21.220 21.270 21.400 21.620 22.070 22.570
15.230 16.840 17.640 18.120 18.420 18.190 17.880 18.010 18.660 19.830 21.440 22.730 24.000 25.170 25.800 26.130 25.970 26.020 25.830 24.940 24.270 23.710 23.290 23.770 23.490 23.660 24.240 25.570 26.430 27.340 28.010 28.130 28.100 27.960 28.100 27.880 27.830 26.170 25.560 25.340 25.230 24.610 23.680 23.250 22.800 22.510 22.560 22.730 23.410 24.520 25.160 25.220 25.370 26.560 26.130 25.800 25.600 24.610 23.340 22.400 22.150 21.930 21.840 22.150 21.880 22.070 21.830 21.710 21.520 21.500 21.580 21.910 22.820 23.610
15.820 17.060 17.970 18.870 19.410 19.620 19.830 19.710 19.830 20.040 21.620 22.820 24.080 25.190 26.000 26.880 26.940 26.750 26.510 26.080 25.180 24.270 24.020 24.090 23.980 23.930 24.960 25.980 27.220 27.920 28.720 29.040 29.020 28.570 28.430 28.090 27.940 27.840 26.070 25.660 25.380 24.520 23.770 23.550 22.990 22.800 22.840 23.020 23.660 25.250 25.710 25.450 25.960 27.020 26.880 26.460 25.940 25.480 24.580 23.520 22.800 22.850 23.120 22.890 22.780 22.820 22.340 22.020 21.820 21.700 21.950 22.550 22.990 24.070
15.850 17.250 18.330 19.300 19.690 19.920 20.050 20.240 20.060 20.280 21.230 22.730 24.090 25.170 26.410 27.310 27.480 27.200 26.710 26.220 25.980 25.440 24.780 24.340 24.250 24.780 25.780 26.590 27.470 28.420 28.950 29.750 29.920 29.290 28.470 28.260 28.060 27.870 27.340 26.240 25.390 25.130 24.010 23.800 23.580 23.260 23.210 23.530 24.150 25.780 26.100 26.810 27.530 27.850 27.750 27.610 26.400 25.910 24.930 24.320 23.640 23.530 24.130 24.080 24.060 23.830 23.330 22.470 22.220 22.080 22.650 23.130 23.370 24.020
16.100 17.170 18.070 19.260 19.860 19.980 20.080 20.160 20.320 20.470 21.540 22.140 23.910 24.900 25.960 27.480 28.050 27.670 27.620 27.090 26.720 25.870 25.580 25.190 25.050 25.520 26.250 27.120 28.010 28.900 29.690 30.370 30.270 29.830 29.930 28.420 28.260 28.020 27.790 27.570 25.500 24.900 24.420 24.420 23.920 23.700 24.190 24.540 24.760 26.110 26.730 27.640 27.870 28.570 28.610 28.250 27.020 25.890 25.630 24.790 24.790 24.630 24.790 25.070 24.880 24.500 23.880 23.190 22.850 22.740 23.090 23.680 24.090 24.760
15.830 16.910 17.980 19.260 19.910 19.770 20.000 20.060 20.150 20.190 20.400 20.600 23.580 25.310 26.510 27.510 28.300 28.500 27.840 27.600 26.940 26.140 25.660 25.620 25.740 26.050 26.840 27.480 28.610 29.480 30.390 30.980 31.110 30.760 30.420 29.930 28.430 28.200 27.950 27.720 27.360 25.680 24.930 24.580 24.320 24.110 24.650 24.600 25.040 26.220 26.870 27.600 28.580 28.970 29.110 28.850 27.240 26.050 26.240 26.130 25.820 25.490 25.530 25.960 25.930 25.780 24.890 23.770 23.240 23.120 23.430 24.010 24.290 24.870
15.850 16.660 17.570 18.610 19.450 19.750 19.920 20.250 20.390 19.910 19.950 19.980 23.020 25.830 26.600 27.240 27.720 28.120 28.250 27.770 27.570 26.870 26.320 26.170 26.410 26.770 27.580 28.170 29.090 30.170 30.900 31.880 32.060 32.040 30.740 30.820 30.240 28.390 28.160 27.940 27.610 26.940 25.480 25.120 24.810 24.950 24.710 25.080 25.660 26.810 27.400 28.210 29.010 29.540 29.130 29.000 27.260 26.410 26.280 26.240 26.220 26.040 26.400 26.620 26.200 26.220 26.200 25.320 24.500 23.690 23.990 23.860 24.450 24.980
15.510 16.590 17.290 18.160 18.780 19.430 19.940 20.140 20.240 19.920 19.920 19.910 22.960 25.420 26.290 26.810 27.310 27.690 27.820 27.760 27.460 27.170 26.720 27.100 27.090 27.410 28.040 28.820 29.990 30.550 31.680 32.310 32.690 32.910 31.440 31.000 30.960 30.150 28.250 28.110 27.900 27.650 25.770 25.590 25.340 25.190 25.420 25.930 26.770 27.660 28.550 29.250 29.850 30.040 29.580 28.760 27.230 26.560 26.430 26.280 26.280 26.940 27.510 27.330 26.700 26.470 26.230 25.660 25.320 24.600 24.330 24.470 24.560 25.250
14.740 16.160 16.750 17.460 17.980 18.810 19.450 19.960 20.000 19.940 19.890 19.910 23.780 25.020 25.680 26.120 26.430 26.750 27.140 27.260 27.150 27.030 27.160 27.430 28.040 28.400 28.840 29.210 29.990 31.180 31.950 32.510 33.290 33.520 32.180 31.190 30.970 30.860 30.340 28.870 28.070 27.840 26.420 25.960 25.870 25.690 26.330 27.270 27.390 28.280 29.320 30.200 30.640 30.750 30.300 29.320 27.880 27.340 27.080 27.230 27.900 28.410 28.160 28.160 27.960 27.500 26.940 26.260 25.420 24.990 24.810 24.870 25.030 25.300
15.190 15.640 16.070 16.700 17.300 17.910 18.930 19.620 19.920 19.830 19.890 19.870 23.660 24.390 24.670 25.060 25.540 25.890 26.370 26.310 26.390 26.530 26.800 27.640 28.280 28.800 29.010 29.520 30.390 31.210 32.010 33.090 33.700 33.920 32.800 31.210 31.130 30.960 30.870 30.090 29.240 28.450 27.270 26.380 26.520 26.360 27.040 28.110 29.510 30.720 30.900 31.070 31.450 31.710 31.160 30.720 28.900 28.440 28.550 28.660 29.730 29.870 29.230 28.990 28.600 28.180 27.700 26.800 26.040 25.810 25.450 25.690 25.880 26.630
14.130 14.760 15.260 16.040 16.580 17.140 18.080 19.020 19.940 19.860 19.920 19.920 22.940 23.490 23.620 24.190 24.550 24.960 25.270 25.160 25.450 26.090 26.460 27.550 27.980 28.690 29.120 29.700 30.390 31.230 31.910 32.880 33.850 34.680 34.470 31.720 31.180 31.060 30.920 30.770 30.410 29.500 27.850 26.730 27.020 27.160 27.630 29.340 31.040 31.560 32.190 32.230 32.190 32.450 31.640 31.300 31.210 29.940 29.950 30.310 30.380 30.280 30.400 29.620 29.410 28.970 28.250 27.590 27.020 26.700 26.280 26.480 26.810 26.700
13.730 14.320 14.900 15.370 15.920 16.970 17.390 18.840 19.920 19.860 19.810 19.910 21.950 22.420 22.800 23.050 23.700 23.910 23.920 24.340 24.580 25.230 26.020 26.460 26.960 27.810 28.500 29.350 29.930 30.610 31.430 32.830 32.190 34.010 34.880 34.640 32.500 31.090 30.910 30.850 30.510 30.400 28.850 27.430 27.820 28.200 29.170 30.720 31.530 32.420 33.170 33.420 32.990 32.770 32.350 31.410 31.400 31.620 31.170 30.840 31.770 31.900 31.840 31.150 30.780 30.080 28.970 28.230 27.630 27.480 27.140 27.110 26.860 27.210
13.360 13.770 14.500 14.640 15.130 15.860 17.100 18.260 19.040 19.590 19.930 20.040 21.330 21.640 21.960 22.200 22.740 22.970 23.270 23.530 23.970 24.490 25.220 26.020 26.380 26.760 27.390 28.310 29.010 29.590 30.480 31.700 32.770 33.470 34.670 34.830 34.540 32.250 30.970 30.880 30.570 30.260 29.620 28.130 28.710 29.180 30.530 31.320 32.450 33.280 33.440 33.440 33.580 33.670 33.970 32.310 31.500 31.950 31.900 31.900 32.280 32.150 32.330 32.530 32.260 31.330 29.980 29.130 28.720 28.610 28.510 27.810 27.730 27.760
13.400 13.700 14.250 14.660 14.790 15.570 16.540 17.210 18.200 18.770 19.200 20.230 20.780 21.160 21.290 21.450 21.640 22.200 22.610 22.840 23.340 23.880 24.410 25.240 25.480 25.710 26.400 27.060 27.750 28.730 29.560 30.880 31.810 32.770 33.850 34.520 34.570 34.020 32.120 31.600 30.710 30.120 29.780 28.880 29.230 30.060 30.970 31.320 32.360 33.240 33.410 33.420 33.990 34.430 33.740 32.440 31.770 32.370 32.350 32.970 33.240 32.320 32.840 32.770 32.590 31.980 30.990 30.170 29.870 29.910 29.810 28.880 28.200 28.400
13.200 13.290 13.740 14.280 14.610 15.080 16.030 16.840 17.440 18.310 18.900 19.720 20.280 20.700 20.890 20.990 21.180 21.500 21.800 22.470 22.520 23.280 23.620 23.990 24.470 24.670 25.430 25.950 26.640 27.760 28.600 29.560 30.600 31.570 32.460 33.390 33.910 33.380 32.380 32.090 31.260 30.670 29.980 29.500 29.840 30.870 31.090 31.850 32.810 33.300 33.360 33.350 35.070 35.120 34.370 33.830 33.290 33.230 33.290 33.990 34.640 33.450 33.580 33.650 33.130 32.570 32.150 31.320 30.980 31.030 31.110 30.240 29.110 28.790
13.190 13.370 13.360 14.030 14.580 15.130 15.550 16.320 17.150 17.850 18.680 19.360 19.960 20.270 20.400 20.650 20.570 21.090 21.290 21.820 22.130 22.270 22.800 23.410 23.550 24.040 24.570 24.970 25.860 26.900 27.810 28.670 29.430 30.270 31.420 32.080 32.990 32.650 32.340 31.980 31.460 30.870 30.560 30.190 30.090 30.730 31.080 31.900 33.050 33.350 33.400 33.450 35.590 35.370 35.230 34.700 34.400 34.070 34.390 34.820 34.760 34.730 34.610 34.550 34.030 32.850 32.890 33.400 32.550 32.220 32.370 32.790 32.350 30.130
13.190 13.250 13.330 13.500 14.150 14.370 15.100 15.530 16.580 17.250 18.020 18.720 18.860 19.270 19.310 19.640 20.010 20.600 20.940 21.310 21.740 21.950 22.230 22.720 22.940 23.390 23.720 24.330 25.260 26.220 26.840 27.660 28.320 29.060 29.650 30.460 31.310 31.040 31.110 31.230 31.050 30.930 30.470 30.260 30.280 30.610 31.100 31.500 32.470 33.890 34.440 35.200 35.750 35.760 35.550 35.440 35.010 34.770 34.910 34.740 35.040 35.680 35.620 34.950 34.760 34.090 33.790 34.390 34.280 33.500 33.250 33.000 32.660 32.300
13.050 13.310 13.440 13.690 13.990 14.240 14.520 14.720 15.430 16.040 16.810 17.720 18.120 18.240 18.420 19.440 19.950 20.340 20.680 20.570 21.260 21.540 21.790 21.830 22.030 22.710 23.310 23.840 24.520 25.360 26.100 26.410 26.880 27.470 28.160 28.950 29.620 30.190 30.590 30.770 30.820 30.540 30.430 30.440 30.500 30.610 30.780 31.660 32.250 32.860 33.880 34.440 34.740 35.240 35.500 35.580 35.250 35.420 35.370 35.470 36.030 36.310 35.900 35.510 35.140 35.090 34.860 35.070 34.870 34.590 33.850 33.380 33.220 32.670
12.480 12.960 13.180 13.580 14.000 14.210 14.570 14.930 15.330 15.790 16.050 16.390 16.730 17.280 17.660 17.950 18.280 18.600 19.010 19.220 19.600 20.260 20.300 20.700 21.290 22.200 22.790 23.110 23.790 24.180 25.110 26.200 27.130 27.540 28.250 28.770 29.200 30.120 30.750 31.420 30.910 30.950 30.490 30.020 30.430 30.650 30.680 30.710 30.800 32.550 33.280 33.750 34.210 34.670 35.030 35.150 35.310 35.410 35.410 35.640 35.950 36.030 36.210 36.310 35.890 35.580 35.730 35.910 35.830 35.550 35.420 34.420 33.360 33.320
12.460 12.710 13.050 13.300 13.840 14.090 14.340 14.940 14.970 15.760 16.480 16.680 16.580 17.100 17.610 17.860 18.120 18.600 18.750 18.930 19.320 19.550 19.990 20.290 20.760 21.260 22.530 22.880 23.540 24.360 25.810 26.950 27.150 27.360 27.950 28.700 29.960 31.130 31.520 31.470 30.950 31.090 30.380 29.950 30.320 30.370 30.490 30.530 30.510 31.830 32.110 32.650 33.420 34.310 34.450 34.710 34.930 35.050 35.320 35.520 35.620 35.730 35.820 36.130 36.530 36.560 36.690 36.500 36.330 36.080 36.210 35.320 34.200 34.460
12.210 12.500 12.560 12.640 13.400 13.690 14.130 14.450 14.980 15.370 16.010 16.030 16.440 17.390 17.850 17.900 18.680 18.720 18.730 18.380 18.630 18.680 19.510 20.240 20.800 21.850 22.370 23.100 23.500 24.120 25.380 26.530 26.690 27.000 27.780 28.770 30.310 31.210 31.710 31.560 30.710 30.990 30.970 29.850 29.890 30.090 30.420 30.560 30.590 31.420 31.590 31.690 31.640 32.960 33.910 34.190 34.680 34.850 35.010 35.210 35.490 35.730 36.070 36.130 36.400 36.550 36.850 36.860 36.860 36.760 36.410 36.100 35.930 35.810
