0925_6225/LITTO3D_FRA_0928_6224_20150529_LAMB93_RGF93_IGN69/MNT5m/LITTO3D_FRA_0928_6224_MNT5_20150128_LAMB93_RGF93_IGN69.asc
ncols 200
nrows 200
xllcenter 928000.000
yllcenter 6223005.000
cellsize 5.0000
nodata_value -99999
[rows 33 to 65 of 200, columns 74 to 147 of 200]
-4.440 -4.070 -3.690 -3.210 -3.000 -3.020 -3.220 -3.320 -2.010 -2.010 -0.020 1.320 1.460 1.040 -0.040 -0.870 -0.820 -0.770 -0.460 -0.280 -0.940 0.200 1.160 1.230 1.280 1.370 1.440 2.460 2.660 2.560 2.520 3.510 5.550 5.840 6.300 7.350 7.900 8.270 8.560 8.810 9.020 9.890 10.370 10.340 10.480 10.460 10.590 10.690 10.910 11.170 11.400 11.390 11.380 11.200 10.750 10.600 10.270 10.280 9.890 9.480 9.340 9.320 9.450 9.620 9.570 9.720 9.630 9.880 9.460 9.600 9.780 9.650 9.770 9.770
-4.340 -4.010 -3.790 -2.940 -2.860 -3.350 -3.350 -3.230 -2.720 -0.620 0.930 1.710 0.810 0.370 -0.680 -0.930 -0.960 -0.770 -0.670 -0.940 -0.700 0.020 0.910 1.200 1.280 1.300 1.510 2.040 2.420 2.560 2.600 2.490 5.400 5.730 5.800 6.490 8.020 8.370 8.470 8.770 8.910 8.950 9.240 9.410 9.810 9.840 10.350 10.440 11.020 11.330 11.350 11.480 11.550 11.420 11.190 10.690 10.690 10.580 10.330 9.710 9.320 9.480 9.710 9.960 9.750 9.740 9.670 9.480 9.440 9.890 9.800 9.790 9.780 9.980
-4.360 -4.100 -3.800 -2.640 -2.450 -2.700 -3.070 -2.850 -0.880 0.650 2.160 1.010 0.440 -0.460 -1.160 -1.010 -0.900 -0.860 -1.050 -1.030 -0.780 -0.760 -0.620 1.130 1.170 1.190 1.350 1.760 2.030 2.200 2.490 2.450 2.520 3.320 5.370 4.140 5.280 6.850 7.390 7.930 8.880 8.700 8.690 7.960 9.120 9.550 10.040 10.400 10.680 10.930 11.160 11.150 11.230 11.340 11.180 11.230 10.930 10.730 10.860 10.220 9.910 9.650 10.040 10.230 9.880 9.860 9.670 9.890 10.250 10.010 10.100 9.640 9.840 10.160
-4.120 -3.910 -3.210 -2.690 -2.480 -2.530 -2.850 -1.560 0.670 2.100 0.890 0.680 -0.030 -0.810 -1.100 -1.080 -1.110 -1.060 -1.000 -0.970 -0.950 -0.710 -0.790 0.310 1.100 1.280 1.350 1.500 1.820 2.120 2.440 2.250 2.370 2.400 2.430 2.510 2.440 2.670 2.880 3.050 4.150 7.780 6.500 5.820 8.290 9.040 9.460 9.800 10.020 10.440 10.970 11.110 11.150 11.060 11.260 11.180 10.980 10.920 11.180 11.510 10.250 10.090 10.290 10.160 10.270 10.150 9.890 10.320 10.260 10.130 10.160 9.890 10.010 10.050
-3.980 -3.610 -3.240 -2.680 -2.620 -2.820 -2.480 0.590 1.580 1.240 0.880 0.120 -0.730 -1.240 -1.250 -1.560 -1.370 -1.200 -1.080 -0.950 -0.610 -0.550 -1.210 -0.490 0.920 0.980 1.120 1.210 1.670 1.910 2.070 2.150 2.300 2.340 2.460 2.540 2.570 2.580 2.700 2.870 3.080 3.210 3.440 3.930 4.970 7.570 9.150 9.620 10.030 10.190 10.420 10.580 10.610 10.930 11.140 11.150 10.970 11.010 11.550 11.200 10.010 10.280 10.570 10.260 10.640 10.650 10.410 10.540 10.400 10.220 10.090 10.650 9.960 10.040
-3.840 -3.710 -3.180 -2.730 -2.770 -2.610 0.040 1.470 1.160 0.520 -0.330 -0.650 -1.160 -1.240 -1.360 -1.570 -1.490 -1.280 -1.210 -1.100 -1.130 -1.160 -1.150 -0.810 0.290 0.820 1.170 1.210 1.700 1.890 1.880 1.660 1.870 1.940 2.150 2.380 2.750 2.640 2.780 2.990 3.150 3.400 3.660 3.710 3.930 4.090 5.430 8.410 9.270 9.700 9.890 10.000 10.110 10.290 10.470 10.670 10.810 10.880 10.680 9.950 9.870 10.120 10.570 10.530 10.590 10.720 10.510 10.410 10.180 10.100 10.050 9.920 9.860 9.700
-3.760 -3.360 -3.020 -2.680 -2.460 0.590 1.240 1.200 0.170 -0.780 -1.570 -1.570 -1.440 -1.470 -1.650 -1.560 -1.520 -1.380 -1.300 -1.220 -1.170 -1.470 -1.370 -1.040 0.000 0.700 1.210 1.200 1.480 1.520 1.690 1.660 1.820 2.100 2.040 2.640 3.040 2.910 2.730 3.030 3.080 3.350 3.720 3.830 4.050 3.990 4.220 4.120 5.340 7.840 8.050 9.320 9.750 9.840 9.980 10.420 10.730 10.380 9.510 8.980 9.160 9.620 10.550 10.870 10.810 10.590 10.650 10.100 10.060 10.010 9.940 10.130 9.680 9.620
-3.640 -3.310 -2.810 -2.130 0.750 1.910 1.000 0.620 -0.540 -1.710 -1.610 -1.660 -1.540 -1.610 -1.620 -1.570 -1.520 -1.460 -1.410 -1.380 -1.410 -1.630 -1.560 -0.930 0.320 0.920 0.970 1.250 1.500 1.450 1.570 1.750 1.930 2.070 2.490 2.710 3.030 2.920 3.270 3.210 3.180 3.250 3.690 3.890 3.980 4.300 4.260 4.440 4.450 4.430 4.930 7.580 7.540 8.920 9.090 9.210 9.180 9.320 8.080 8.240 8.970 10.030 10.730 10.820 11.050 11.040 10.660 10.070 9.920 9.970 9.670 9.790 9.680 9.830
-3.590 -2.500 0.490 1.140 1.200 0.850 0.510 0.090 -0.750 -1.750 -1.630 -1.750 -1.780 -1.770 -1.560 -1.480 -1.470 -1.420 -1.330 -1.450 -1.540 -1.760 -1.480 -0.450 0.550 0.680 1.130 1.480 1.550 1.500 1.520 1.610 1.840 2.180 2.460 2.870 2.750 2.860 3.140 3.240 3.260 3.590 3.520 3.790 3.670 3.810 4.300 4.230 4.490 4.650 4.630 4.650 4.870 6.950 7.460 7.810 8.260 7.910 7.130 7.580 8.340 9.320 10.020 10.860 11.080 11.220 10.940 9.470 9.610 9.990 9.950 9.820 9.690 9.630
-3.570 0.620 1.480 1.160 0.480 -0.320 -0.340 -0.510 -0.950 -1.720 -1.740 -1.690 -1.960 -1.800 -1.610 -1.410 -1.400 -1.370 -1.280 -1.460 -1.600 -1.430 -0.940 0.070 0.910 1.090 1.240 1.420 1.470 1.470 1.500 1.490 1.750 2.250 2.460 2.650 3.070 3.010 2.890 3.110 3.330 3.270 3.260 3.410 3.610 3.690 3.920 4.150 4.460 4.630 4.480 4.770 4.840 4.850 5.410 6.280 7.130 6.410 6.530 7.140 8.070 8.420 9.450 10.140 10.830 10.640 9.720 8.510 9.720 9.890 9.760 9.750 9.790 9.670
-3.560 -1.100 0.960 0.130 -0.720 -1.340 -1.230 -1.340 -1.580 -1.950 -1.830 -1.710 -1.670 -1.820 -1.620 -1.430 -1.260 -1.300 -1.080 -1.460 -1.640 -1.690 -0.370 0.530 0.780 0.990 1.290 1.370 1.440 1.490 1.570 1.620 1.650 1.840 2.200 2.400 2.860 2.920 2.830 2.980 3.210 3.110 3.000 3.090 3.250 3.570 3.300 4.020 4.090 4.220 4.410 4.650 4.760 5.080 5.060 5.130 4.940 5.440 5.870 6.460 8.050 8.380 8.880 9.420 10.460 9.280 7.570 7.740 9.910 9.840 9.850 9.880 9.870 9.720
-3.560 -3.320 -1.580 -1.490 -1.430 -1.780 -1.960 -2.090 -2.100 -1.960 -1.860 -1.740 -1.650 -1.700 -1.630 -1.440 -1.120 -1.140 -1.560 -1.750 -1.910 -1.510 -0.270 0.790 1.300 0.920 1.360 1.460 1.440 1.480 1.520 1.570 1.620 1.800 2.210 2.180 2.390 2.590 2.670 2.820 3.080 2.910 2.880 3.140 3.190 3.230 3.420 3.650 3.760 3.770 4.080 4.510 4.530 4.930 4.910 4.980 5.410 5.410 5.430 5.490 6.940 7.880 8.110 7.760 7.920 7.250 6.440 7.770 9.910 9.640 9.730 9.600 9.830 9.760
-3.790 -3.340 -2.550 -2.100 -2.060 -2.190 -2.200 -2.250 -2.110 -1.980 -1.840 -1.770 -1.650 -1.640 -1.730 -1.430 -1.410 -1.570 -1.830 -2.020 -2.050 -0.970 0.170 1.190 1.180 1.150 1.400 1.500 1.550 1.600 1.620 1.640 1.650 1.890 2.390 2.330 2.280 2.100 2.340 2.610 3.200 3.160 3.030 3.130 3.130 3.170 3.360 2.480 3.410 3.800 4.010 4.040 4.070 5.050 5.550 5.050 5.380 5.310 5.450 5.130 5.320 5.310 5.560 5.600 5.750 5.940 5.950 6.210 8.250 7.850 9.440 9.360 9.490 10.040
-3.980 -3.620 -3.160 -2.570 -2.480 -2.300 -2.390 -2.210 -2.100 -1.990 -1.850 -1.720 -1.670 -1.630 -1.670 -1.440 -1.650 -2.070 -2.280 -2.090 -1.550 -0.550 0.580 0.990 1.040 1.110 1.590 1.780 1.830 1.840 1.850 1.860 1.900 1.770 1.990 2.200 2.130 2.120 2.340 2.310 2.930 2.800 2.960 2.930 2.840 2.920 2.720 2.570 3.540 3.680 3.770 3.700 3.910 5.000 5.370 4.940 5.090 5.130 5.300 5.150 5.430 5.440 5.400 5.400 5.560 5.660 5.610 5.860 6.070 6.240 6.360 6.070 6.380 6.420
-4.200 -4.040 -3.460 -3.090 -2.720 -2.530 -2.340 -2.170 -2.050 -1.930 -1.820 -1.710 -1.600 -1.750 -1.740 -1.730 -2.000 -2.120 -2.090 -1.200 -0.520 0.450 0.750 0.820 1.070 1.170 1.680 1.960 2.020 2.060 2.070 2.080 2.120 2.000 1.930 1.980 1.970 2.110 2.140 2.360 2.560 2.690 2.680 2.800 3.010 2.880 2.980 3.080 3.270 3.540 3.910 4.200 4.130 5.030 4.900 4.740 4.950 5.090 5.210 5.400 5.620 5.590 5.600 5.560 5.630 5.790 5.730 5.860 6.030 6.110 6.080 6.230 6.310 6.180
-4.460 -4.170 -4.200 -3.790 -3.020 -2.700 -2.370 -2.310 -2.200 -2.100 -1.990 -1.890 -1.660 -1.840 -1.890 -1.930 -2.120 -1.870 -1.240 0.000 0.720 0.890 0.730 0.980 1.050 1.340 1.600 1.770 1.990 2.250 2.300 2.310 2.340 2.210 2.050 1.890 1.920 1.950 2.090 2.670 2.530 2.840 2.880 3.010 3.090 3.220 3.130 3.090 3.110 3.360 3.650 4.190 4.230 4.690 4.440 4.650 5.130 5.850 5.680 5.750 5.590 5.760 5.790 5.900 6.060 6.040 6.050 6.250 6.140 6.210 6.300 6.300 6.500 6.540
-4.650 -4.520 -4.570 -4.430 -3.690 -2.950 -2.650 -2.530 -2.450 -2.350 -2.230 -2.120 -1.810 -1.910 -2.020 -1.820 -1.330 -0.410 0.290 0.740 0.970 0.700 0.990 1.090 1.270 1.370 1.600 1.720 1.930 2.140 2.360 2.600 2.490 2.330 2.170 2.010 1.940 1.840 2.250 2.540 2.700 2.840 2.920 2.800 3.280 3.270 3.150 3.130 3.110 3.870 4.300 4.840 4.690 4.280 4.390 4.480 5.390 5.930 5.840 5.740 5.790 5.850 6.050 6.230 6.360 6.520 6.400 6.290 6.330 6.340 6.380 6.440 6.470 6.480
-4.920 -4.640 -4.900 -4.540 -3.780 -3.350 -2.890 -2.680 -2.760 -2.660 -2.510 -2.140 -2.430 -1.850 -1.070 -0.570 -0.050 0.470 0.870 0.970 0.690 1.080 0.890 1.120 1.010 1.280 1.490 1.660 1.880 1.960 2.600 2.340 2.520 2.420 2.290 2.140 1.980 1.940 2.500 2.410 2.580 2.750 2.770 2.770 2.970 3.200 3.150 3.190 3.260 4.260 5.230 5.280 4.780 4.280 4.280 4.760 5.800 5.960 5.750 5.540 5.950 6.090 6.230 6.260 6.430 6.490 6.490 6.600 6.740 6.500 6.630 6.670 6.740 6.630
-5.390 -5.070 -4.650 -4.510 -4.150 -3.730 -3.250 -2.940 -2.870 -2.990 -2.960 -2.750 -2.060 -1.210 -0.100 0.480 0.870 0.760 1.000 0.800 1.010 0.970 1.090 1.080 1.000 1.180 1.190 1.170 1.590 2.200 2.270 2.080 2.520 2.420 2.320 2.220 2.110 2.150 2.500 2.380 2.570 2.510 2.680 2.770 3.190 3.240 2.990 3.390 3.130 4.120 4.680 4.450 4.200 4.160 4.160 4.870 5.870 5.640 5.440 5.670 5.950 6.090 6.190 6.230 6.280 6.320 6.380 6.590 6.680 6.660 6.580 6.630 6.670 6.580
-5.500 -5.410 -5.200 -4.910 -4.580 -4.110 -3.630 -3.150 -2.980 -2.980 -2.860 -2.000 -0.830 -0.150 0.740 0.720 0.700 0.720 0.960 1.070 0.940 1.010 1.220 1.230 1.470 1.460 1.300 1.290 1.170 1.230 1.410 1.820 2.150 2.420 2.320 2.250 1.910 2.280 2.320 2.350 2.380 2.480 2.490 2.770 2.960 3.050 3.090 3.550 3.160 3.760 3.810 3.640 3.860 4.050 4.230 4.880 5.530 5.330 5.330 5.820 5.960 6.010 6.020 6.100 6.150 6.190 6.370 6.550 6.500 6.480 6.620 6.760 6.680 6.680
-4.740 -5.430 -5.540 -5.580 -4.990 -4.420 -3.850 -3.370 -3.070 -2.660 -2.050 -1.080 -0.120 1.080 0.830 0.810 0.830 0.940 1.010 1.140 0.960 1.080 1.070 1.480 1.460 1.470 1.390 1.380 1.380 1.340 1.310 1.570 1.740 2.110 2.340 2.330 2.270 2.370 2.350 2.320 2.480 2.570 2.610 2.600 2.680 2.760 2.950 3.480 3.360 3.170 3.410 3.780 3.670 3.850 4.240 4.360 4.650 5.080 5.510 5.810 5.830 5.840 5.860 5.980 6.020 6.150 6.300 6.380 6.320 6.300 6.540 6.780 6.870 6.680
-3.750 -4.480 -5.110 -5.280 -4.970 -4.430 -3.870 -3.140 -2.450 -2.390 -1.050 0.020 1.190 1.020 0.930 0.960 1.010 1.100 1.440 1.430 1.300 1.160 1.250 1.570 1.540 1.510 1.480 1.630 1.810 1.890 1.770 1.560 1.920 1.870 1.930 2.010 2.140 2.350 2.370 2.220 2.560 2.670 2.680 2.760 2.920 2.840 2.900 2.970 3.210 3.230 3.410 3.630 3.690 3.950 4.130 4.270 4.380 4.780 5.740 5.720 5.690 5.680 5.690 5.850 5.940 6.050 6.280 6.230 6.130 6.170 6.450 6.730 6.930 6.460
-2.580 -3.200 -3.990 -4.360 -4.360 -4.270 -3.610 -2.030 -0.860 -0.980 0.130 1.010 1.010 0.780 0.990 1.140 1.210 1.610 1.690 1.700 1.560 1.410 1.310 1.610 1.570 1.530 1.540 1.920 1.940 1.540 1.890 2.120 2.050 2.100 1.990 2.030 2.070 2.210 2.170 2.380 2.510 2.700 2.810 2.850 2.930 2.870 2.870 3.030 3.050 3.090 3.400 3.400 3.630 3.920 4.010 4.090 4.280 5.350 5.690 5.540 5.570 5.660 5.710 5.720 5.790 6.050 6.080 6.020 5.950 6.090 6.360 6.640 6.760 6.650
-2.210 -2.780 -3.170 -3.370 -3.850 -4.070 -2.490 -0.910 0.510 0.880 0.920 0.910 0.750 0.890 0.990 1.160 1.900 1.940 1.900 1.760 1.640 1.500 1.390 1.470 1.560 1.550 1.610 1.810 1.600 1.490 2.150 1.980 2.180 2.060 2.310 2.080 2.320 2.230 2.190 2.520 2.560 2.700 2.720 2.990 3.020 2.950 3.070 3.090 3.010 3.150 3.250 3.420 3.630 3.780 3.890 4.010 4.250 5.760 5.760 5.600 5.410 5.330 5.220 5.630 5.800 5.980 5.980 5.830 5.770 6.000 6.380 7.800 7.940 6.620
-2.330 -2.450 -2.570 -2.970 -2.990 -2.050 -1.100 0.310 1.240 0.850 0.850 1.070 1.020 1.090 1.010 1.280 1.970 2.100 1.990 1.810 1.730 1.550 1.490 1.520 1.570 1.680 1.660 1.780 1.780 2.020 2.260 2.050 2.060 2.270 2.120 2.310 2.590 2.280 2.350 2.560 2.730 2.770 2.690 3.010 3.150 2.820 3.150 3.190 3.160 3.420 3.350 3.450 3.830 3.770 3.820 3.920 4.350 5.260 5.620 5.740 5.550 5.280 5.120 5.340 5.430 5.780 5.730 5.650 5.630 6.290 7.510 8.300 7.500 6.760
-1.790 -1.950 -2.330 -2.620 -1.630 -0.850 0.540 1.000 1.080 0.800 0.810 0.970 0.920 1.040 1.140 1.460 1.640 1.890 2.070 1.860 1.810 1.560 1.580 1.610 1.580 1.440 1.590 1.900 2.070 2.420 2.300 2.390 2.100 2.220 2.160 2.480 2.090 2.450 2.500 2.340 2.560 2.570 2.680 2.790 2.940 2.940 3.490 3.200 3.310 3.510 3.390 3.720 3.940 3.840 3.870 4.000 4.040 4.270 4.350 5.180 5.660 4.820 4.970 5.180 5.250 5.380 5.460 5.560 5.870 6.920 8.010 8.010 6.750 6.660
-1.480 -1.790 -1.920 -1.270 -0.280 0.570 0.860 0.890 0.820 1.050 0.940 0.930 1.510 1.300 1.240 1.380 1.570 1.700 1.650 1.450 1.840 1.640 1.620 1.550 1.660 1.650 1.790 1.870 2.470 2.240 2.450 2.410 2.400 2.260 2.350 2.470 2.240 2.490 2.490 2.410 2.580 2.360 2.670 2.930 2.790 3.500 3.450 3.370 3.650 3.620 3.550 3.660 3.760 3.800 3.850 3.780 4.050 4.290 4.340 4.360 4.630 4.720 4.830 5.050 5.180 5.280 5.320 5.540 6.070 6.930 7.770 6.820 6.840 6.780
-1.550 -1.640 -1.480 -0.240 0.950 0.740 0.940 0.840 0.900 1.100 0.980 1.160 1.180 1.430 1.370 1.340 1.680 1.690 1.640 1.830 1.640 1.810 1.650 1.660 1.880 1.990 2.150 2.650 1.940 2.290 2.380 2.530 2.320 2.320 2.380 2.250 2.120 2.410 2.690 2.410 2.510 2.390 3.340 4.090 3.870 3.690 3.430 3.460 3.670 3.630 3.810 3.670 3.860 3.760 3.780 3.920 4.050 4.310 4.150 4.440 4.610 4.520 4.690 4.860 5.120 5.340 5.380 5.460 6.390 7.110 7.280 6.900 6.900 6.950
-1.440 -0.910 -0.120 0.990 0.860 0.760 1.050 1.060 0.920 1.050 0.930 1.040 1.130 1.340 1.370 1.340 1.480 1.810 1.830 1.760 1.760 1.750 1.570 1.790 2.120 2.520 2.360 2.130 1.640 1.880 2.410 2.500 2.330 2.380 2.550 2.420 2.180 2.220 2.450 2.740 2.760 2.660 3.580 4.480 3.630 3.810 3.640 3.700 3.680 3.780 3.920 3.900 3.810 3.910 3.630 3.830 3.830 4.110 4.140 4.060 4.340 4.270 4.740 4.910 5.250 5.150 5.310 5.750 6.700 7.110 6.910 6.960 6.680 6.450
-0.380 0.170 0.840 0.850 0.700 1.080 0.940 0.900 1.150 1.120 1.070 1.250 1.260 1.250 1.310 1.300 1.460 1.720 1.850 1.820 1.750 1.670 1.730 1.980 2.700 3.360 3.060 2.120 1.540 1.950 2.570 2.590 2.530 2.540 2.760 2.730 2.780 2.980 2.670 2.750 2.780 3.070 3.230 4.060 4.040 3.770 3.980 3.840 3.920 4.180 4.340 4.420 4.220 3.760 3.590 3.750 4.130 4.410 4.380 4.480 4.210 4.330 4.480 4.760 5.040 5.080 5.100 5.450 6.020 6.520 6.870 6.950 6.610 6.390
0.650 0.850 0.850 0.790 0.940 1.030 0.920 0.980 1.110 1.140 1.060 1.180 1.250 1.320 1.280 1.340 1.450 1.570 1.450 1.500 1.460 1.480 1.670 2.670 2.950 2.950 2.390 1.470 1.670 2.730 2.450 2.810 2.540 2.780 2.840 2.830 2.820 2.910 2.980 3.050 3.100 3.500 3.800 4.030 3.910 3.830 3.990 3.930 4.000 4.500 4.450 4.780 4.600 4.270 4.020 4.290 4.160 4.340 4.410 4.380 4.370 4.840 4.960 4.750 4.620 4.880 5.290 5.630 5.560 5.590 6.060 6.340 6.400 6.170
0.940 0.750 0.820 1.130 0.980 0.880 1.160 0.990 1.030 1.200 1.230 1.220 1.230 1.190 1.320 1.370 1.430 1.480 1.450 1.420 1.580 1.840 2.990 3.150 3.280 3.390 2.930 2.480 3.220 2.880 2.530 2.550 2.580 2.820 2.860 2.900 2.990 3.070 3.050 3.070 3.940 3.940 3.950 4.170 4.070 4.180 4.170 4.120 4.200 4.390 4.590 4.760 4.680 4.570 4.680 4.680 4.160 4.430 4.500 4.440 4.260 5.200 4.870 5.310 5.580 5.100 5.500 6.690 6.650 6.760 6.750 6.550 6.270 6.130
0.920 0.920 1.160 0.990 1.120 1.120 0.990 1.110 1.100 1.140 1.320 1.200 1.410 1.410 1.440 1.440 1.500 1.630 1.820 1.540 2.150 3.000 3.210 3.230 3.390 3.460 3.650 3.490 3.440 2.760 2.660 2.750 2.990 3.140 3.350 3.030 2.930 2.970 3.500 3.900 4.740 4.610 4.450 4.230 4.140 4.330 4.320 4.360 4.570 4.530 4.430 4.520 4.660 5.060 4.990 4.750 4.720 4.730 4.600 4.500 4.570 4.850 5.740 6.480 6.770 5.700 5.730 6.470 6.630 6.810 6.830 6.990 6.820 6.670
