0925_6225/LITTO3D_FRA_0928_6224_20150529_LAMB93_RGF93_IGN69/MNT5m/LITTO3D_FRA_0928_6224_MNT5_20150128_LAMB93_RGF93_IGN69.asc
ncols 200
nrows 200
xllcenter 928000.000
yllcenter 6223005.000
cellsize 5.0000
nodata_value -99999
[rows 0 to 32 of 200, columns 74 to 147 of 200]
-1.940 -1.250 -1.520 -1.650 -0.880 -1.280 -1.110 -1.120 -0.900 -0.870 -0.650 0.590 1.210 1.100 1.040 1.150 1.200 1.270 1.580 1.570 2.060 2.150 2.210 2.450 2.800 2.430 2.510 2.560 2.650 2.530 2.350 2.430 2.580 2.240 2.180 2.000 2.190 2.700 3.360 3.010 3.130 3.580 3.910 3.870 3.880 4.030 3.860 4.020 3.990 4.200 4.280 4.460 4.690 4.590 4.730 4.940 4.990 5.320 6.170 6.490 6.630 6.640 6.590 6.870 6.830 7.340 7.410 7.810 7.910 8.020 8.140 8.330 8.610 9.100
-1.290 -1.240 -1.510 -1.080 -1.010 -0.860 -0.890 -0.880 -0.780 -0.760 -0.520 0.150 1.290 1.300 1.140 1.230 1.280 1.340 1.760 2.120 2.190 2.530 2.760 2.820 2.630 3.170 3.060 2.980 2.630 2.610 2.740 2.590 2.720 2.560 2.260 2.130 2.320 2.280 3.050 3.890 3.600 3.610 3.860 3.880 4.040 4.060 3.970 4.150 4.110 4.010 4.510 4.430 4.520 4.840 4.710 4.920 5.280 5.610 6.740 6.570 6.630 6.650 6.630 7.150 7.080 7.190 7.370 7.320 7.410 8.330 8.470 8.620 8.750 8.850
-2.720 -1.510 -1.290 -1.100 -1.070 -0.970 -0.840 -0.780 -0.730 -0.440 -0.590 0.040 1.310 1.200 1.300 1.240 1.340 1.340 1.410 2.080 2.580 2.940 3.260 3.290 3.240 3.170 3.120 2.870 2.720 2.890 2.660 2.730 2.740 2.830 2.940 2.570 2.330 2.330 2.570 3.710 3.880 3.790 3.760 4.100 4.150 4.160 4.400 4.260 4.190 4.350 4.540 4.470 4.720 4.910 4.900 4.880 5.280 6.590 6.640 6.820 6.770 6.710 6.900 7.060 7.190 7.270 7.410 7.430 7.600 8.420 8.580 8.690 8.970 9.080
-2.340 -1.470 -1.280 -0.950 -1.080 -1.090 -0.870 -0.730 -0.660 -0.390 -0.670 0.070 1.050 1.300 1.280 1.250 1.220 1.410 1.820 1.890 2.720 3.230 3.490 3.500 3.560 3.350 3.060 3.010 2.950 2.680 2.740 2.740 2.870 2.890 3.210 3.260 3.050 3.290 3.690 3.950 3.890 3.900 4.000 3.880 4.120 4.250 4.440 4.470 4.520 4.520 4.790 4.460 4.920 4.990 4.880 5.050 6.260 6.590 6.690 6.630 6.740 7.240 6.880 7.260 7.280 7.430 7.430 7.460 8.040 8.320 8.440 8.510 8.590 9.040
-1.570 -1.230 -0.950 -1.400 -0.890 -1.300 -1.090 -0.950 -0.910 -0.670 -0.560 -0.120 0.580 1.000 1.250 1.140 1.950 3.220 3.300 3.290 3.080 3.500 3.630 3.550 3.650 3.440 3.160 3.110 3.180 3.010 2.840 3.250 2.950 2.980 3.230 3.320 3.260 3.460 3.740 3.870 3.900 4.030 4.180 4.140 4.140 4.090 4.330 4.560 4.490 4.530 4.500 4.640 4.650 4.860 5.430 6.200 7.110 7.110 6.740 7.080 7.120 7.030 7.060 7.450 7.520 7.540 7.390 7.680 8.260 8.400 8.330 8.650 8.900 8.920
-2.190 -1.200 -1.100 -1.200 -1.290 -1.360 -1.330 -1.480 -1.020 -0.740 -0.440 -0.250 0.500 0.660 1.070 1.180 2.780 3.880 4.210 4.310 4.410 4.220 4.190 3.810 3.770 3.430 3.410 3.340 3.380 3.380 3.390 3.220 3.330 3.260 3.140 3.360 3.490 3.670 3.960 3.960 4.220 4.150 4.280 4.340 4.280 4.110 4.250 4.400 4.650 4.540 4.780 4.540 4.730 5.450 6.210 7.230 7.170 7.190 7.210 7.160 7.210 6.950 7.220 7.550 7.570 7.570 7.390 7.870 7.880 8.110 8.350 8.590 9.030 9.000
-1.910 -1.450 -1.240 -1.210 -1.180 -1.480 -1.490 -1.420 -1.350 -0.950 -0.840 -0.100 0.280 0.490 0.690 0.840 2.260 3.980 4.250 4.410 4.410 4.330 4.590 4.240 4.090 3.840 3.700 3.640 3.950 4.030 3.770 3.530 3.460 3.310 3.390 3.430 3.720 3.890 3.880 3.820 4.280 4.150 4.310 4.500 4.440 4.380 4.280 4.300 4.510 4.600 5.080 4.710 4.720 5.290 6.140 7.000 7.110 7.240 7.270 7.160 6.960 7.190 7.380 7.560 7.540 7.530 7.750 7.980 7.860 8.030 8.330 8.600 8.960 8.730
-1.830 -1.400 -1.420 -1.300 -1.640 -1.070 -1.630 -1.610 -1.370 -0.910 -0.650 -0.280 -0.180 -0.030 0.680 0.700 1.720 3.650 4.010 4.340 4.420 4.450 4.340 4.460 4.170 3.880 3.740 3.670 3.700 3.790 4.020 3.740 3.650 3.560 3.610 3.690 3.580 3.720 3.760 3.930 4.390 4.310 4.190 4.500 4.390 4.410 4.600 4.520 4.550 4.690 4.710 4.660 4.910 5.310 6.420 6.960 6.900 7.170 7.190 7.030 7.160 7.240 7.430 7.490 7.500 7.590 8.030 8.160 8.230 8.250 8.380 8.500 8.580 8.760
-1.750 -1.350 -1.190 -1.200 -1.290 -1.220 -1.350 -1.160 -1.090 -0.900 -0.590 -0.420 -0.260 0.120 0.850 0.910 1.500 3.710 4.210 4.290 4.430 4.820 5.190 4.570 4.380 4.380 4.170 3.950 3.710 3.590 3.690 4.040 3.940 3.820 3.850 3.850 3.740 3.880 3.970 4.330 4.540 4.540 4.390 4.460 4.480 4.530 4.650 4.760 4.910 4.680 4.740 4.950 4.920 5.900 6.970 7.120 6.890 6.800 6.870 6.960 7.240 7.060 7.220 7.450 7.470 7.920 8.200 8.400 8.410 8.340 8.430 8.470 8.620 8.800
-1.780 -1.180 -1.310 -1.190 -1.200 -1.100 -1.050 -1.070 -1.120 -0.820 -0.260 -0.440 0.060 0.310 1.410 2.430 3.510 4.000 4.380 4.510 4.590 5.060 5.260 4.790 4.450 4.700 4.790 3.950 3.830 3.760 3.780 3.900 4.130 4.020 4.030 3.950 3.870 4.090 4.220 4.400 4.660 4.610 4.620 4.630 4.560 4.650 4.710 4.780 4.830 4.840 4.790 5.070 5.450 6.340 6.600 6.870 6.670 6.770 7.030 7.130 6.960 7.240 7.190 7.160 7.680 7.930 8.230 8.490 8.630 8.670 8.720 8.540 8.640 8.750
-1.540 -1.420 -1.230 -0.970 -0.970 -1.100 -0.970 -1.260 -1.020 -0.820 -0.420 -0.270 0.160 0.580 3.210 3.880 4.070 4.510 4.560 4.480 4.550 4.670 5.000 4.880 4.790 4.790 5.250 4.410 3.860 3.860 3.840 3.990 4.230 4.150 4.130 4.100 4.220 4.350 4.340 4.460 4.690 4.730 4.830 4.730 4.690 4.680 4.690 4.910 4.920 4.950 5.020 5.350 6.130 6.480 6.440 6.520 6.580 6.940 7.160 7.300 7.300 7.310 7.260 7.170 7.640 8.210 8.570 8.710 8.860 9.000 9.100 8.860 8.720 8.730
-1.870 -1.520 -1.270 -1.030 -0.980 -0.970 -1.650 -1.300 -1.570 -1.120 -0.880 -0.360 0.330 1.740 2.960 3.930 4.120 4.940 4.790 4.940 4.800 4.720 5.030 4.990 5.000 5.210 5.360 5.430 4.290 3.930 4.330 4.130 4.250 4.380 4.270 4.280 4.580 4.380 4.600 4.810 4.710 5.150 5.140 5.040 4.950 4.810 4.650 4.880 4.940 5.150 5.340 5.870 6.310 6.460 6.530 6.710 6.810 7.250 7.240 7.420 7.400 7.300 7.330 7.070 7.850 8.120 8.300 8.700 8.940 8.990 8.650 8.840 8.700 9.350
-1.850 -1.390 -1.510 -1.020 -1.790 -1.330 -0.900 -0.930 -1.170 -1.060 -0.700 -0.650 -0.190 -0.350 1.450 2.910 4.510 4.720 4.630 4.840 4.840 4.770 5.050 4.950 5.010 5.310 5.450 5.480 5.390 4.200 4.320 4.260 4.380 5.540 5.480 4.480 4.510 4.610 4.840 4.790 4.940 4.880 5.020 5.020 4.820 4.860 4.820 4.860 5.050 5.500 6.170 6.320 6.480 6.450 6.510 6.750 7.140 7.360 7.380 7.410 7.420 7.340 7.310 7.680 7.930 8.160 8.410 8.740 9.050 8.920 8.700 8.680 8.830 10.010
-2.000 -2.180 -1.730 -1.340 -1.450 -0.980 -1.200 -1.020 -0.940 -1.030 -0.630 -0.560 -0.040 0.040 0.510 3.300 4.570 4.460 4.730 4.690 4.900 4.830 5.060 5.190 5.040 5.480 5.520 5.700 5.760 4.990 4.310 4.390 5.320 6.670 7.310 5.370 5.070 4.770 5.090 5.050 4.880 4.910 4.960 5.030 4.850 5.140 5.240 5.220 5.340 5.870 6.220 6.380 6.600 6.450 6.320 6.420 7.030 7.260 7.330 7.450 7.310 7.430 7.420 7.790 7.940 8.540 8.580 8.570 8.950 8.700 8.690 8.580 9.650 9.880
-2.150 -2.300 -1.350 -1.980 -0.970 -0.900 -0.950 -0.870 -0.950 -0.870 -0.760 -0.480 -0.110 0.210 0.620 1.760 3.090 2.580 3.830 4.890 4.910 4.920 5.100 5.140 5.120 5.380 5.770 6.000 6.180 6.190 5.610 4.330 6.040 7.230 7.310 7.260 5.750 5.180 4.970 4.960 4.910 5.090 5.310 5.220 5.210 5.400 5.410 5.830 5.850 6.350 6.380 6.420 6.410 6.350 6.450 6.700 7.150 7.340 7.320 7.390 7.440 7.430 7.700 7.850 8.150 8.680 8.660 8.680 8.760 8.780 8.990 9.170 10.060 10.010
-2.260 -1.990 -1.370 -1.290 -1.540 -1.130 -1.080 -1.090 -1.080 -0.890 -0.780 -0.620 -0.320 0.210 1.150 1.500 1.460 2.400 3.610 4.310 4.980 5.170 5.240 5.260 5.130 5.390 5.750 6.330 6.530 6.720 6.880 6.660 5.850 7.050 7.050 7.330 7.320 6.370 5.720 5.210 5.180 5.260 5.270 5.480 5.180 5.240 5.690 6.100 6.470 6.460 6.410 6.370 6.440 6.390 6.510 6.670 7.070 7.250 7.360 7.350 7.540 7.420 7.580 7.930 8.320 8.650 8.820 8.870 9.180 8.830 9.170 9.590 10.200 10.330
-2.730 -2.620 -2.560 -1.780 -1.440 -1.360 -1.370 -1.240 -0.980 -1.250 -0.880 -0.580 -0.220 1.330 1.580 1.650 1.880 1.900 2.800 3.890 4.930 5.180 5.290 5.260 5.250 5.370 5.880 6.360 6.690 6.890 7.010 6.820 6.900 6.960 7.140 7.290 7.530 7.340 6.860 5.970 5.330 5.500 5.850 5.780 5.420 5.250 6.020 6.210 6.520 6.440 6.650 6.600 6.550 6.440 6.630 6.960 7.200 7.270 7.430 7.550 7.640 7.420 7.580 7.980 8.430 8.510 8.710 8.910 8.930 8.900 8.910 10.100 9.970 9.800
-4.100 -2.960 -2.630 -2.110 -1.330 -1.240 -1.240 -1.000 -1.020 -0.880 -1.050 -0.760 0.130 1.350 1.650 1.580 1.670 1.840 2.530 4.320 4.980 5.300 5.370 5.420 5.210 5.320 5.770 6.430 6.800 7.010 6.910 7.060 7.180 7.280 6.900 7.240 7.480 7.430 7.080 6.760 6.180 5.550 5.920 5.920 5.540 6.060 6.430 6.620 6.410 6.570 6.540 6.590 6.550 6.640 6.640 7.060 7.250 7.250 7.310 7.680 7.620 7.690 7.500 7.690 8.170 8.400 8.670 8.470 8.520 8.540 8.960 10.110 9.380 9.280
-4.580 -4.240 -3.320 -2.370 -1.380 -0.930 -1.000 -1.000 -1.230 -1.170 -1.270 -0.910 0.060 1.070 1.710 1.660 1.640 1.920 2.160 4.450 4.860 5.210 5.130 5.110 5.220 5.180 5.570 6.280 6.980 6.780 7.230 7.520 7.670 7.730 7.550 7.000 7.390 7.240 7.130 7.020 6.880 6.370 5.700 6.030 6.140 6.620 6.810 6.780 6.530 6.770 6.860 7.000 6.940 7.020 7.130 7.330 7.420 7.410 7.450 7.800 7.700 7.590 7.830 7.730 7.770 8.120 8.330 8.380 8.460 8.720 8.900 9.100 8.870 9.030
-4.460 -4.440 -3.630 -2.940 -1.980 -1.040 -0.750 -1.040 -1.310 -1.670 -1.290 -0.820 -0.220 0.890 1.550 1.490 1.690 1.710 2.060 2.430 4.800 4.900 4.820 5.030 5.160 5.260 5.290 5.850 6.550 6.460 7.380 7.910 7.950 8.010 7.760 7.650 7.030 7.190 7.150 7.100 7.010 6.990 7.050 6.270 6.820 6.970 6.810 6.790 6.850 6.950 7.150 7.370 7.510 7.490 7.550 7.640 7.720 7.790 7.980 7.560 7.640 7.800 8.050 8.130 7.980 7.870 8.070 8.230 8.460 8.800 8.890 9.130 9.290 9.220
-4.420 -4.310 -4.310 -4.060 -2.630 -2.230 -2.140 -1.990 -2.310 -1.220 -1.050 -0.880 -0.570 0.750 1.460 1.570 1.630 1.600 1.830 2.370 4.140 4.440 4.550 4.880 5.000 5.080 5.150 5.420 5.710 6.100 7.900 7.940 8.120 8.020 7.970 7.840 7.990 7.180 7.220 7.240 7.180 7.030 7.100 6.990 7.150 7.210 7.200 7.090 7.020 7.190 7.360 7.560 7.800 7.720 7.560 7.650 8.020 8.020 7.810 7.700 7.780 8.040 7.960 7.970 8.330 7.970 8.050 8.150 8.540 8.760 8.980 9.270 9.640 10.110
-4.340 -4.310 -4.200 -4.090 -2.980 -3.150 -3.090 -3.000 -2.770 -1.670 -1.330 -1.140 -0.880 -0.030 1.050 1.400 1.490 1.670 1.680 2.160 3.790 4.450 4.570 4.760 4.970 4.960 5.100 6.140 5.960 6.370 7.400 7.840 8.010 8.020 7.880 7.870 8.050 7.860 7.310 7.280 7.530 7.430 7.450 7.630 7.430 7.360 7.270 7.280 7.290 7.280 7.500 7.740 7.830 7.670 7.420 7.380 7.570 7.770 7.520 7.780 8.010 8.030 8.030 8.280 8.550 8.290 8.120 8.110 8.660 8.630 9.060 9.290 9.790 9.910
-4.360 -4.340 -4.210 -4.180 -3.510 -3.220 -3.160 -2.990 -2.760 -1.640 -1.230 -0.840 -0.970 -0.440 0.540 1.420 1.580 1.590 1.540 1.670 1.910 4.060 4.170 4.570 4.890 4.940 5.070 6.370 6.700 6.560 6.990 7.940 8.180 7.950 7.960 8.110 8.300 8.410 8.570 7.590 8.090 7.850 7.850 7.810 7.560 7.390 7.450 7.440 7.300 7.440 8.010 7.930 7.770 7.750 7.510 7.580 7.660 7.680 7.610 8.100 8.020 8.140 8.250 8.610 8.660 8.500 8.470 8.450 8.720 8.860 9.040 9.420 9.730 9.840
-4.330 -4.220 -4.070 -3.980 -3.740 -3.510 -3.190 -2.920 -2.500 -1.890 -0.870 -1.350 -1.290 -0.920 0.020 1.130 1.320 1.540 1.600 1.730 1.780 3.130 4.370 4.600 4.770 4.830 4.990 5.270 7.000 7.210 7.030 7.290 7.790 8.000 7.940 8.470 8.710 8.770 8.650 8.810 8.520 8.230 7.920 7.930 7.730 7.820 7.490 7.490 7.460 7.800 8.150 7.950 7.710 7.670 7.690 7.750 7.990 8.050 8.060 8.200 8.170 8.180 8.430 8.470 8.650 8.550 8.780 8.690 8.880 9.000 8.950 9.670 9.720 9.680
-4.210 -4.070 -3.970 -3.880 -3.490 -3.280 -3.080 -2.840 -2.450 -0.820 -0.740 -0.980 -1.330 -0.950 -0.430 0.670 1.450 1.480 1.450 1.580 1.720 2.520 4.360 4.640 4.760 4.710 4.680 4.830 5.680 6.760 7.470 7.540 7.590 8.150 8.600 8.720 9.130 8.990 8.950 9.420 9.670 9.100 8.230 8.210 8.170 7.910 7.780 7.730 7.880 8.050 8.390 8.070 7.880 7.910 7.730 7.950 7.870 8.160 8.230 8.120 8.330 8.480 8.510 8.520 8.440 8.850 8.750 8.800 8.760 8.680 9.010 9.690 9.810 9.750
-4.210 -4.070 -3.900 -3.610 -3.250 -3.170 -2.880 -2.480 -2.750 -1.820 -1.500 -1.910 -1.890 -1.440 -0.760 -0.150 1.140 1.470 1.270 1.500 1.650 1.860 3.960 4.410 4.680 4.440 4.640 4.510 5.330 6.840 7.250 7.810 7.750 7.890 8.740 8.800 8.820 9.020 9.370 10.410 10.660 9.820 8.890 8.530 8.590 8.200 7.990 8.120 8.290 8.470 8.650 8.390 8.040 7.860 8.030 8.270 8.500 8.470 8.400 8.360 8.340 8.740 8.520 8.590 8.740 8.880 8.770 8.880 8.780 8.670 8.800 9.250 9.630 9.780
-4.330 -3.960 -3.780 -3.530 -2.670 -1.960 -2.180 -1.960 -2.450 -2.150 -2.040 -2.000 -1.750 -0.920 -0.490 -0.360 0.430 1.490 1.260 1.460 1.710 1.500 3.430 3.910 4.250 4.260 4.250 4.320 6.360 6.740 7.100 7.320 8.060 8.170 8.210 8.760 8.940 9.590 10.380 10.560 10.590 10.600 9.930 9.130 8.890 8.770 8.580 8.650 8.720 8.900 8.870 8.360 8.330 8.110 8.350 8.500 8.510 8.430 8.430 8.720 8.670 8.640 8.670 8.870 8.970 8.810 8.880 8.850 8.760 8.950 9.050 8.990 9.420 9.800
-4.430 -3.990 -3.500 -3.730 -3.280 -2.580 -1.810 -2.070 -2.170 -2.370 -2.480 -1.660 -0.850 -0.520 -0.400 -0.930 -0.320 0.720 1.230 1.280 1.480 1.510 1.410 3.940 4.120 4.280 4.180 4.210 5.310 6.870 7.120 7.180 8.120 8.410 8.520 8.710 8.990 10.410 10.800 10.840 10.930 10.870 10.890 10.610 10.090 9.680 9.190 9.280 9.470 9.110 9.130 9.010 8.660 8.740 8.760 8.620 8.550 8.540 8.860 8.770 8.800 8.900 8.810 8.920 9.010 8.970 8.990 8.960 8.920 9.120 9.270 9.120 9.360 9.770
-4.020 -3.750 -3.740 -3.680 -3.490 -3.170 -1.600 -1.230 -2.530 -2.230 -1.520 -1.360 -0.650 -0.420 -0.210 0.470 0.180 0.150 0.850 1.180 1.240 1.430 1.460 3.460 4.440 4.230 4.090 3.980 4.370 6.880 7.090 7.590 7.820 8.230 8.450 9.010 9.080 10.210 10.680 10.920 10.940 11.070 10.790 10.660 10.630 10.240 10.130 9.790 9.540 9.450 9.140 9.140 9.130 9.120 8.930 8.750 8.660 8.680 8.740 8.910 8.870 8.890 9.060 9.050 8.990 9.090 8.970 9.060 9.120 9.170 9.310 9.250 9.680 9.870
-4.040 -3.890 -3.720 -3.670 -3.700 -1.500 -1.930 -1.830 -1.830 -2.210 -1.360 -0.950 -0.810 -0.160 0.540 1.730 1.110 -0.260 0.230 0.880 1.280 1.300 2.410 3.300 3.620 4.000 3.830 3.540 3.680 5.840 7.110 7.110 7.280 7.640 7.970 8.840 9.810 9.720 10.200 10.890 10.900 11.050 11.160 10.650 10.660 10.500 11.020 10.570 10.170 9.650 9.490 9.500 9.420 9.270 9.060 8.630 8.750 8.920 8.650 8.890 8.890 9.070 9.150 9.020 9.070 9.330 9.190 9.030 9.310 9.220 9.270 9.290 9.910 10.070
-3.960 -3.860 -4.030 -3.720 -3.200 -1.740 -1.530 -1.480 -1.860 -2.440 -1.410 -1.080 -0.510 0.840 1.640 1.170 0.930 0.050 -0.100 0.490 1.300 1.240 1.400 2.280 2.170 2.380 3.570 3.380 3.160 3.470 5.730 6.640 6.680 6.930 7.840 8.730 9.440 9.700 10.150 10.360 11.030 10.960 10.910 10.930 10.640 11.020 11.850 11.510 10.880 10.230 9.900 10.170 10.150 9.520 9.670 9.210 9.100 9.060 8.940 9.020 9.230 8.970 9.100 9.090 9.150 9.170 9.300 9.300 9.600 9.410 9.190 9.830 9.630 10.020
-4.180 -3.960 -3.920 -3.370 -3.350 -3.060 -1.600 -1.400 -1.430 -2.190 -2.190 -1.530 0.740 1.600 1.460 1.120 -0.110 -0.300 -0.250 -0.150 1.030 1.260 1.220 1.390 1.630 1.640 1.730 3.170 3.150 3.120 3.330 4.470 5.730 6.810 7.390 7.980 8.990 9.560 10.000 10.320 10.460 10.560 10.810 10.990 10.710 10.560 11.220 11.580 10.950 10.920 11.120 10.960 10.420 10.110 9.880 9.920 9.590 8.960 8.990 9.100 9.000 9.200 9.160 9.260 9.370 9.330 9.350 9.260 9.230 9.210 9.330 9.640 9.540 10.000
-4.310 -4.070 -3.720 -3.060 -3.210 -3.110 -2.700 -2.270 -1.780 -1.700 -2.030 0.850 1.280 1.380 0.900 0.110 -0.530 -0.690 -0.540 -0.340 -0.310 1.140 1.170 1.270 1.430 1.470 1.480 2.950 2.960 2.820 2.750 4.600 5.230 6.000 7.000 7.290 7.950 8.760 9.280 9.790 10.200 10.460 10.440 10.610 10.580 10.730 10.630 10.970 10.950 11.200 11.370 11.320 10.950 10.670 10.360 10.160 10.080 9.540 9.040 9.000 9.330 9.260 9.220 9.480 9.630 9.460 9.450 9.590 9.670 9.260 9.550 9.670 9.460 9.610
